ts_code,trade_date,close,turnover_rate,turnover_rate_f,volume_ratio,pe,pe_ttm,pb,ps,ps_ttm,dv_ratio,dv_ttm,total_share,float_share,free_share,total_mv,circ_mv
000001.SZ,20251014,11.57,0.9499,2.259,1.73,5.0446,5.1616,0.5102,1.5306,1.6159,8.3405,3.1288,1940591.8198,1940560.0653,816048.1215,22452647.3551,22452279.9555
000002.SZ,20251014,6.53,1.9689,2.9552,0.99,,,0.407,0.227,0.2548,0.0,,1193070.9471,971639.9629,647358.8838,7790753.2846,6344808.9577
000004.SZ,20251014,13.35,11.2035,15.1495,2.48,,,79.615,17.9127,19.6266,0.0,,13238.0282,12628.7768,9339.358,176727.6765,168594.1703
000006.SZ,20251014,13.79,16.7507,26.585,2.89,,,3.4909,3.0695,3.9517,0.0,,134999.5046,134998.7396,85059.9248,1861643.1684,1861632.6191
000007.SZ,20251014,7.28,2.2116,3.6014,0.79,44.7017,44.4713,13.8091,8.2081,5.9748,0.0,,34644.8044,34644.8044,21275.216,252214.176,252214.176
000008.SZ,20251014,2.9,1.9842,3.2588,0.96,,,2.6861,3.7836,3.7032,0.0,,271637.7683,271629.6952,165387.8495,787749.5281,787726.1161
000009.SZ,20251014,11.42,2.7693,4.4664,0.68,170.6276,133.5083,2.9329,1.4561,1.4001,0.394,0.2627,257921.3965,257602.0465,159722.8271,2945462.348,2941815.371
000010.SZ,20251014,4.02,6.3184,7.7068,1.31,262.2727,68.0671,15.1124,5.4877,4.8535,0.0,,114965.2292,78155.4111,64075.4047,462160.2214,314184.7526
000011.SZ,20251014,9.79,4.3459,12.2338,1.28,,,1.7283,2.134,1.9671,3.1869,,59597.9092,52647.5543,18702.6342,583463.5311,515419.5566
000012.SZ,20251014,4.72,1.0189,1.6785,1.52,54.3297,,1.0967,0.9378,1.0457,5.2966,1.4581,307069.2107,195931.6598,118935.415,1449366.6745,924797.4343
000014.SZ,20251014,20.37,7.9687,12.0768,0.95,299.7944,,3.0727,13.7759,49.083,1.0604,,24204.6224,24204.6224,15971.0154,493048.1583,493048.1583
000016.SZ,20251014,5.11,2.0076,2.9884,0.78,,,6.6086,1.1071,1.1237,0.0,,240794.5408,159659.38,107257.1368,1230460.1035,815859.4318
000017.SZ,20251014,7.22,16.1158,20.3897,1.71,295.3899,167.5484,13.7495,8.5811,7.2502,0.0,,68918.4933,30298.4965,23947.6218,497591.5216,218755.1447
000019.SZ,20251014,6.88,3.4578,5.3162,1.72,24.3751,21.2989,1.6108,1.4752,1.4841,2.907,2.1802,115253.5254,41621.6407,27071.6427,792944.2548,286356.888
000020.SZ,20251014,14.9,7.8281,22.9198,0.81,114.8421,102.8455,10.0936,5.1661,4.8794,0.0,,28316.1227,18116.5391,6187.5497,421910.2282,269936.4326
000021.SZ,20251014,28.85,17.3462,26.4296,1.25,48.6013,44.2494,3.6681,3.0495,2.9149,0.4487,0.6558,156728.0671,156702.9346,102847.0569,4521604.7358,4520879.6632
000025.SZ,20251014,18.1,3.6209,7.8493,1.63,57.1043,54.1889,4.4135,2.9851,4.0808,0.1713,0.5525,43105.832,39277.832,18118.6699,780215.5592,710928.7592
000026.SZ,20251014,16.44,1.5314,2.7696,1.32,30.2734,42.8555,2.0011,1.6929,1.8285,2.4338,2.4331,40576.4007,36456.2983,20158.5656,667076.0275,599341.5441
000027.SZ,20251014,6.87,0.7463,2.9876,0.85,16.2997,16.7089,1.0067,0.793,0.768,2.0378,2.1834,475738.9916,475738.9916,118833.3328,3268326.8723,3268326.8723
000028.SZ,20251014,25.3,0.6613,1.8252,1.18,21.9163,24.9261,0.7764,0.1893,0.1919,2.6877,1.4466,55656.5077,47805.3712,17321.1225,1408109.6448,1209475.8914
000029.SZ,20251014,28.95,0.7499,2.5423,0.65,,,8.0871,71.9557,32.1784,0.0,,101166.0,89166.0,26301.7736,2928755.7,2581355.7
000030.SZ,20251014,5.44,0.9017,3.2526,1.21,13.836,14.1049,1.1679,0.5681,0.5594,4.5956,2.7934,171981.0845,167090.6445,46318.9412,935577.0997,908973.1061
000031.SZ,20251014,3.2,0.6017,1.9587,1.0,,,1.2723,0.3832,0.3926,0.0,,428631.3339,428630.4701,131681.1819,1371620.2685,1371617.5043
000032.SZ,20251014,20.54,2.2223,5.0359,1.29,70.8881,86.528,3.7375,0.3468,0.406,0.5355,0.5842,113795.9234,108936.3764,48072.6799,2337368.2666,2237553.1713
000034.SZ,20251014,38.6,6.3986,6.8385,1.14,36.9334,41.508,2.5682,0.2169,0.2026,1.0486,0.6772,72019.6154,60159.2443,56289.7992,2779957.1544,2322146.83
000035.SZ,20251014,6.15,5.3562,7.6691,1.1,54.932,116.9979,1.4173,2.7138,2.7487,0.3261,0.5466,250078.3182,242583.2661,169424.2014,1537981.6569,1491887.0865
000036.SZ,20251014,4.16,2.3066,3.2895,0.9,144.1521,615.121,1.2279,13.731,13.867,0.0,,140381.8725,140115.0983,98248.0024,583988.5896,582878.8089
000037.SZ,20251014,8.85,2.3083,3.9089,1.37,243.484,140.3048,3.6346,12.0424,12.6571,0.0,,60276.2596,33890.815,20013.5196,533444.8975,299933.7128
000039.SZ,20251014,8.24,1.7649,2.2865,0.67,14.9493,13.1279,0.9406,0.2501,0.2544,0.2641,2.1359,539252.0385,230140.7141,177640.7141,4443436.7972,1896359.4842
000042.SZ,20251014,7.99,0.8597,1.8438,0.78,,,1.5512,1.2286,1.4521,0.0,,66483.1139,66413.1202,30965.6689,531200.0801,530640.8304
000045.SZ,20251014,16.25,20.7291,42.4917,3.64,92.0989,101.9799,2.7891,2.4679,2.4849,0.4,0.4369,50652.1849,45702.1849,22295.2413,823098.0046,742660.5046
000048.SZ,20251014,16.85,5.3324,12.569,1.66,12.518,12.6842,2.1541,1.4991,1.5823,2.2086,4.2399,53028.225,52635.96,22330.8651,893525.5913,886915.926
000049.SZ,20251014,27.42,3.1301,5.7438,0.56,25.5363,26.1743,1.6128,0.5056,0.4862,1.6411,1.2035,38463.8534,38453.4862,20955.5893,1054678.8602,1054394.5916
000050.SZ,20251014,9.41,1.5864,3.0809,1.32,,865.8045,0.8407,0.6905,0.6594,0.0,,245774.7661,245771.6686,126551.2451,2312740.549,2312711.4015
000055.SZ,20251014,4.3,2.0045,2.6872,1.14,31.8869,101.9167,0.7581,1.0437,1.1875,1.8605,1.1628,107387.4227,67585.2229,50415.848,461765.9176,290616.4585
000056.SZ,20251014,2.42,9.2534,11.5729,1.05,,,16.6141,4.3503,4.8337,0.0,,118252.822,90372.6533,72259.9633,286171.8292,218701.821
000058.SZ,20251014,11.05,4.7944,16.3605,1.38,362.202,400.4089,6.6822,7.9492,8.192,0.2715,0.1131,123120.0672,98473.9354,28857.6172,1360476.7426,1088136.9862
000059.SZ,20251014,5.13,1.1561,2.1828,1.06,,,0.7833,0.2372,0.2447,0.2729,0.3509,159944.2537,159944.2537,84712.3362,820514.0215,820514.0215
000060.SZ,20251014,5.96,6.2359,9.7012,1.27,20.5904,20.274,1.5319,0.3724,0.3695,0.9396,1.4597,373760.4976,373754.8726,240248.8028,2227612.5657,2227579.0407
000061.SZ,20251014,8.49,2.605,7.2302,1.99,43.8663,46.5767,2.0237,2.9943,2.4846,1.1077,0.7049,198496.1198,169693.3006,61139.8363,1685232.0571,1440696.1221
000062.SZ,20251014,27.06,1.4182,4.6742,1.0,132.896,104.0416,4.1888,1.2892,1.2512,1.663,2.3282,104590.9322,104492.7241,31703.8401,2830230.6253,2827573.1141
000063.SZ,20251014,50.2,9.1065,11.9524,1.13,28.5032,30.9853,3.2087,1.9797,1.842,1.3605,1.2291,478353.4887,402736.0077,306841.9677,24013345.1327,20217347.5865
000065.SZ,20251014,10.95,1.297,2.4594,0.87,11.1782,14.3214,1.1682,0.6149,0.7618,0.7858,1.3507,107138.5874,97496.2288,51416.3105,1173167.532,1067583.7054
000066.SZ,20251014,16.88,5.7225,9.5574,1.3,,,4.8546,3.8339,3.757,0.0,,322579.9088,322558.9838,193131.473,5445148.8605,5444795.6465
000068.SZ,20251014,3.68,1.4842,2.6526,0.87,282.5146,,5.9802,3.6687,3.3889,0.0,,100667.1464,100667.1464,56326.7969,370455.0988,370455.0988
000069.SZ,20251014,2.54,1.4473,2.879,0.82,,,0.4313,0.3752,0.478,0.0,,803775.8053,689860.1781,346808.1819,2041590.5455,1752244.8524
000070.SZ,20251014,9.36,4.3059,6.7972,1.27,,,5.5859,1.9112,2.1125,0.0,,90034.476,88867.8852,56295.7363,842722.6954,831803.4055
000078.SZ,20251014,2.48,0.7048,1.3128,1.04,,,3.5661,0.2152,0.2331,0.0,,263112.3257,262644.1138,140999.601,652518.5677,651357.4022
000088.SZ,20251014,4.5,1.5545,3.5497,2.3,17.3402,17.0177,1.3208,29.4841,30.1781,3.3337,2.8889,519948.3346,316289.4468,138511.8305,2339767.5057,1423302.5106
000089.SZ,20251014,7.01,0.614,1.4268,0.95,32.4483,24.7448,1.2592,3.0333,2.8656,1.4265,1.7118,205076.9509,205074.2403,88244.6871,1437589.4258,1437570.4245
000090.SZ,20251014,3.78,4.8586,8.0409,1.99,11.3816,17.0142,0.6327,0.3307,0.3247,6.6138,2.6455,186854.5434,186845.9934,112899.5706,706310.1741,706277.8551
000096.SZ,20251014,11.41,1.4551,3.1667,1.04,62.1356,71.8129,2.1724,3.0466,3.7149,0.482,0.6573,52800.0,51084.8,23472.9623,602448.0,582877.568
000099.SZ,20251014,22.72,4.3091,7.0215,1.65,58.1258,54.3612,3.2773,8.1474,7.8709,0.3596,0.5502,77577.0137,77577.0137,47609.5662,1762549.7513,1762549.7513
000100.SZ,20251014,4.23,3.2859,3.397,1.0,56.2541,35.8782,1.4361,0.5338,0.5171,1.7074,1.1232,2080086.2447,1809674.5896,1750490.4643,8798764.8151,7654923.514
000151.SZ,20251014,12.1,0.9979,1.5129,0.84,,,13.4151,3.3287,3.7907,0.0,,33737.0728,30793.4695,20311.8595,408218.5809,372600.981
000153.SZ,20251014,6.48,1.4001,1.9831,1.15,18.7256,21.9994,1.4381,0.7029,0.7522,1.6537,1.5432,46477.3722,45231.3722,31933.8047,301173.3719,293099.2919
000155.SZ,20251014,10.55,1.6806,2.7761,0.87,26.7951,48.7707,1.8958,6.3758,7.1139,1.5166,1.6114,184616.8342,184616.8342,111765.2937,1947707.6008,1947707.6008
000156.SZ,20251014,7.7,0.9053,1.7268,1.19,26.7183,26.1674,0.9602,1.5187,1.5043,2.8571,2.3377,185293.2442,169987.5877,89117.3393,1426757.9803,1308904.4253
000157.SZ,20251014,8.1,2.6567,3.9898,1.81,19.8993,17.5259,1.2259,1.5404,1.5296,3.9506,3.7037,864853.5236,707041.7363,470792.1672,7005313.5412,5727038.064
000158.SZ,20251014,22.22,2.4317,3.7418,0.98,,,6.7291,4.0281,3.6534,0.0,,159861.6721,158793.2246,103197.6061,3552126.3541,3528385.4506
000159.SZ,20251014,5.89,4.1857,5.4235,1.23,,,1.385,1.0989,1.7347,0.0,,48068.5993,48067.2868,37096.398,283124.0499,283116.3193
000166.SZ,20251014,5.38,0.5747,1.6446,0.88,25.8537,18.2869,1.2419,5.4463,5.2717,1.3569,1.171,2503994.456,2253550.7316,787417.7642,13471490.1733,12124102.936
000301.SZ,20251014,9.53,0.2134,0.6351,0.87,,,1.8731,0.4576,0.501,1.0493,,661123.0167,660855.5595,222013.2059,6300502.3492,6297953.482
000333.SZ,20251014,72.6,0.749,1.0903,1.04,14.474,12.7504,2.5702,1.37,1.2648,4.0702,4.7878,768302.2965,693042.0062,476124.1349,55778746.7259,50314849.6501
000338.SZ,20251014,14.55,2.4204,2.4581,1.47,11.1181,11.3775,1.4162,0.5878,0.586,4.5731,4.9406,871358.1296,498516.6147,490852.1127,12678260.7857,7253416.7439
000400.SZ,20251014,27.03,6.3345,10.2469,1.02,24.651,24.5181,2.3312,1.6112,1.6486,1.7838,1.5504,101862.2249,101170.1259,62541.4805,2753335.939,2734628.5031
000401.SZ,20251014,5.04,0.5421,1.5012,0.89,,,0.4972,0.5298,0.5187,0.0,1.9841,265821.6626,263135.4026,95019.7811,1339741.1795,1326202.4291
000402.SZ,20251014,3.05,2.0283,3.8142,1.43,,,0.3817,0.4779,0.6477,0.0,,298892.9907,298866.7172,158934.3759,911623.6216,911543.4875
000403.SZ,20251014,16.17,0.8049,1.3012,0.88,20.6192,23.4937,1.9442,5.789,6.1349,1.6647,2.3786,95039.7386,94071.0132,58188.5124,1536792.5732,1521128.2834
000404.SZ,20251014,7.2,1.6915,2.4426,0.88,11.1307,10.426,1.2014,0.4188,0.4224,3.4722,4.1667,69599.5979,69271.9572,47972.46,501117.1049,498758.0918
000407.SZ,20251014,3.69,3.8927,5.008,1.9,27.6993,26.2698,1.0772,0.7685,0.7751,1.4905,1.1382,88008.4656,87578.2212,68075.4993,324751.2381,323163.6362
000408.SZ,20251014,57.13,1.2873,2.9311,1.21,34.7703,29.0954,6.3377,27.5954,28.323,1.8558,1.7489,157022.5745,157020.9245,68960.4908,8970699.6812,8970605.4167
000409.SZ,20251014,11.13,2.3319,2.7608,1.12,81.3646,121.786,4.8222,5.5861,5.5782,0.0,,67799.0505,42334.3245,35757.4555,754603.4321,471181.0317
000410.SZ,20251014,7.47,1.9115,2.7325,0.85,2495.8615,137.427,6.8673,11.7176,6.6439,0.0,,235897.062,168091.5944,117587.36,1762151.0531,1255644.2102
000411.SZ,20251014,11.4,1.7521,4.1286,1.43,11.3213,11.516,1.2894,0.1784,0.1783,2.6723,3.3616,52189.4227,32282.0763,13699.6009,594959.4188,368015.6698
000415.SZ,20251014,3.43,1.1314,1.728,0.97,23.4671,,0.7441,0.552,0.4183,0.0,,618452.1282,539295.5733,353120.1458,2121290.7997,1849783.8164
000417.SZ,20251014,7.11,15.6773,25.3049,3.99,29.0962,32.2882,1.1788,0.7881,0.7881,1.5471,1.5471,77988.42,77902.7451,48263.6984,554497.6662,553888.5177
000419.SZ,20251014,5.88,1.4099,2.5327,1.28,21.2719,26.7068,0.8981,1.6658,1.5583,2.0408,2.551,54358.2655,54358.2655,30261.0171,319626.6011,319626.6011
000420.SZ,20251014,4.16,3.2846,4.5288,1.04,369.1031,1065.4858,2.3182,2.634,2.1567,0.0,,245886.8343,245803.1143,178276.7524,1022889.2307,1022540.9555
000421.SZ,20251014,6.69,6.3202,13.764,2.49,83.6807,40.4996,1.4126,0.585,0.5516,1.5041,0.8994,57441.5734,57429.6297,26370.565,384284.126,384204.2227
000422.SZ,20251014,14.7,3.7706,5.6709,0.7,24.5214,31.2769,2.9207,0.9433,0.8038,2.1156,1.353,108852.2212,105780.3184,70333.8508,1600127.6516,1554970.6805
000423.SZ,20251014,47.38,1.3581,2.0498,1.4,19.5964,18.6467,3.2141,5.1533,4.9026,6.1714,5.3588,64397.6824,64301.8085,42602.1748,3051162.1921,3046619.6867
000425.SZ,20251014,11.39,1.5345,1.6817,1.14,22.4002,20.1946,2.2933,1.4605,1.3824,1.5888,1.5363,1175297.2482,928914.9004,847599.5805,13386635.657,10580340.7156
000426.SZ,20251014,34.97,8.0562,11.0867,1.47,40.5881,43.0574,7.3439,14.5406,13.6614,0.1923,0.2002,177563.5739,177520.5464,128996.5044,6209398.1793,6207893.5076
000428.SZ,20251014,3.18,2.3339,5.2092,0.89,,,2.244,5.3655,5.8827,0.0,,101892.6,101892.6,45651.708,324018.468,324018.468
000429.SZ,20251014,11.36,0.9948,2.6043,1.12,15.2047,13.4661,2.2593,5.1974,5.329,4.8151,4.6039,209080.6126,130332.9906,49783.9954,2375155.7591,1480582.7732
000430.SZ,20251014,7.65,1.194,1.5122,0.47,,,12.0677,7.1752,6.8601,0.0,,40481.7686,33173.88,26192.4635,309685.5298,253780.182
000488.SZ,20251014,2.05,0.8953,1.2282,1.08,,,1.1337,0.2653,0.5506,0.0,,294145.62,168138.7372,122560.6053,602998.521,344684.4113
000498.SZ,20251014,6.27,1.2582,3.1657,1.04,4.1914,4.1744,0.627,0.1364,0.1363,3.348,3.1736,155244.0806,144934.6561,57603.1527,973380.3854,908740.2937
000501.SZ,20251014,9.91,2.5619,4.4946,1.42,35.2828,33.489,0.6918,1.1368,1.2208,1.4995,1.9681,76899.2731,76822.8566,43788.4503,762071.7964,761314.5089
000503.SZ,20251014,9.93,1.063,1.4662,0.84,,,7.4586,27.3033,30.9315,0.0,,98131.2532,97923.5472,70992.7732,974443.3443,972380.8237
000504.SZ,20251014,8.96,0.542,0.9131,0.62,,,12.6578,21.9937,22.7962,0.0,,33002.3098,32912.2398,19537.1546,295700.6958,294893.6686
000505.SZ,20251014,6.48,2.0039,4.4376,1.17,180.2734,235.271,1.4964,0.412,0.467,1.0957,0.2778,72695.0251,63238.0336,28556.5343,471063.7626,409782.4577
000506.SZ,20251014,13.27,11.7289,17.5072,1.16,,,20.034,36.9976,28.6452,0.0,,92901.7761,92858.4361,62210.1427,1232806.5688,1232231.447
000507.SZ,20251014,5.5,2.1513,3.098,2.25,17.3181,18.5138,0.9716,0.987,1.0725,0.2148,1.1637,91973.4895,90235.4455,62660.7305,505854.1923,496294.9503
000509.SZ,20251014,3.16,1.7066,2.8705,0.91,,,25.8039,3.2847,3.4532,0.0,,107312.8052,107312.4808,63800.9873,339108.4644,339107.4393
000510.SZ,20251014,5.65,6.4923,7.2382,0.97,,,2.9405,1.7987,1.9506,0.0,,64854.3589,60666.4817,54414.8214,366427.1278,342765.6216
000513.SZ,20251014,37.72,1.28,2.1612,1.26,16.5459,15.7067,2.4933,2.887,2.8896,3.655,2.8616,90410.043,58420.3808,34599.6184,3410266.822,2203616.7638
000514.SZ,20251014,5.44,2.8798,7.8225,1.07,,40.8301,1.2002,11.817,13.2551,0.2206,,84377.0965,84377.0965,31062.1866,459011.405,459011.405
000516.SZ,20251014,4.94,0.7853,1.1407,0.82,,,3.1908,2.2968,2.497,0.0,,223889.6753,220485.6269,151778.4345,1106014.996,1089198.9969
000517.SZ,20251014,2.06,1.9821,6.711,1.26,,,1.1203,0.2735,0.4688,15.534,,318392.2485,249198.6416,73600.6121,655888.0319,513349.2017
000518.SZ,20251014,2.37,1.3765,2.1229,0.89,,,6.7477,11.9894,8.7267,0.0,,102955.6222,102953.5693,66754.4571,244004.8246,243999.9592
000519.SZ,20251014,19.76,7.4551,12.7769,1.92,,,2.689,6.0223,5.623,0.2783,,139255.8982,139255.8982,81253.6014,2751696.5484,2751696.5484
000520.SZ,20251014,4.61,3.1554,4.6688,2.23,,,10.1441,5.2558,6.354,0.0,,101208.3455,101208.3455,68401.3199,466570.4728,466570.4728
000521.SZ,20251014,7.13,1.4043,1.9607,0.97,10.5015,10.4692,1.1895,0.2568,0.2315,4.2076,4.6283,102992.3715,87557.9688,62712.1964,734335.6088,624288.3175
000523.SZ,20251014,3.15,1.1828,1.8403,1.17,11.2696,11.3808,3.036,2.816,2.9821,0.0,,183546.8461,132516.0154,85174.1446,578172.5652,417425.4485
000524.SZ,20251014,13.27,2.3775,7.8625,0.92,59.233,55.6347,3.9338,2.064,1.9883,0.0,0.6029,67020.8597,66994.8933,20258.5795,889366.8082,889022.2341
000525.SZ,20251014,6.49,1.6432,2.2272,0.66,21.7086,53.1877,3.1554,2.8015,2.9819,0.0,,129802.7341,99008.0168,73049.3702,842419.7443,642562.029
000526.SZ,20251014,43.36,1.8933,3.0455,1.02,29.4064,21.3212,5.4505,1.8967,1.7146,0.0,,12186.1109,11953.0059,7430.5734,528389.7686,518282.3358
000528.SZ,20251014,11.5,9.8029,13.2532,2.96,17.6109,14.8529,1.2939,0.7774,0.7262,1.6698,2.2943,203220.0321,203067.9012,150202.218,2337030.3692,2335280.8638
000529.SZ,20251014,6.01,1.3756,3.1045,1.21,28.8116,28.1667,1.1048,1.5022,1.5535,2.4958,1.9967,58379.033,56988.4377,25250.7268,350857.9883,342500.5106
000530.SZ,20251014,6.36,4.114,5.7526,1.28,48.6049,48.1636,1.6912,1.1835,1.2,0.4717,0.7862,84321.2507,60004.1463,42912.4529,536283.1545,381626.3705
000531.SZ,20251014,6.24,0.9837,2.0647,1.13,38.9987,22.2914,0.9629,1.5117,1.5645,1.6026,1.2702,104140.1332,90974.5488,43344.2359,649834.4312,567681.1845
000532.SZ,20251014,14.41,1.5274,2.9431,0.91,31.7322,30.5051,3.3094,10.2235,9.498,0.4511,0.4164,34470.834,34354.9746,17830.1088,496724.7179,495055.184
000533.SZ,20251014,7.17,5.5668,9.1317,1.2,52.6637,47.8332,5.4481,2.0471,2.0378,0.0,,69081.6,68490.24,41752.8232,495315.072,491075.0208
000534.SZ,20251014,15.95,2.4581,3.6774,1.37,42.1908,37.9734,5.3693,7.5374,6.7679,0.701,0.2968,50983.5816,50018.3416,33434.3757,813188.1265,797792.5485
000536.SZ,20251014,4.65,2.1569,3.741,1.08,,,15.7138,7.3963,8.0613,0.0,,276603.2803,276308.2516,159305.5967,1286205.2534,1284833.3699
000537.SZ,20251014,9.37,1.3205,4.2068,1.06,19.1995,16.6614,0.9772,5.0424,4.4322,1.921,2.1345,206660.2352,206660.2352,64869.2715,1936406.4038,1936406.4038
000538.SZ,20251014,57.12,0.6959,1.7128,1.32,21.4589,19.624,2.6411,2.5458,2.4958,5.7595,5.9818,178426.2603,177279.4114,72030.2371,10191707.9883,10126199.9792
000539.SZ,20251014,4.74,1.4662,4.5953,1.24,25.8092,265.3749,1.0856,0.4354,0.459,0.4219,0.4219,525028.3986,255391.2699,81488.2694,2488634.6094,1210554.6193
000541.SZ,20251014,6.32,0.8725,1.727,0.86,21.7536,26.3075,1.4448,1.0727,1.1222,1.8987,1.8987,153577.823,123053.3206,62165.128,970611.8414,777696.9862
000543.SZ,20251014,7.94,4.761,11.0058,1.52,8.7222,8.6751,1.1164,0.5981,0.6148,2.7834,4.0176,226686.3331,226686.3331,98063.3989,1799889.4848,1799889.4848
000544.SZ,20251014,8.69,0.8035,3.2437,1.12,8.206,8.2113,0.9664,1.5561,1.7049,2.0713,2.9919,97468.4488,97468.4488,24142.7944,847000.8201,847000.8201
000545.SZ,20251014,2.71,6.4844,7.9902,1.09,,,2.7916,1.2539,1.3901,0.0,,98683.3096,98540.3096,79970.3096,267431.769,267044.239
000546.SZ,20251014,5.08,3.6205,5.4749,1.51,99.4713,,0.9608,0.5867,0.4766,0.0,,77764.8262,69670.5206,46072.353,395045.3171,353926.2446
000547.SZ,20251014,7.78,1.2829,1.6584,1.07,,,2.5844,6.6544,7.342,0.0,,159846.8269,158835.0696,122870.6772,1243608.3133,1235736.8415
000548.SZ,20251014,5.38,1.2958,1.9145,1.18,32.9855,49.9604,1.3117,4.2551,5.2757,1.6729,0.9294,49921.5811,49917.3999,33786.7542,268578.1063,268555.6115
000550.SZ,20251014,20.95,1.3004,4.1038,0.93,11.7649,13.1581,1.702,0.4713,0.4692,3.2649,3.3986,86321.4,51846.316,16428.716,1808433.33,1086180.3202
000551.SZ,20251014,11.35,1.6618,2.5846,0.85,21.9516,20.6214,1.9515,1.3124,1.3715,0.514,0.7342,48473.3046,48298.2355,31054.109,550172.0072,548184.9729
000552.SZ,20251014,2.6,2.4696,4.3502,1.8,11.4588,103.1436,0.848,1.4488,1.8079,3.8461,2.6154,535180.9306,372577.7647,211507.9618,1391470.4196,968702.1882
000553.SZ,20251014,6.43,0.3273,2.0418,1.03,,,0.7924,0.508,0.5061,0.0,,232981.1766,217707.1961,34893.4,1498068.9655,1399857.2709
000554.SZ,20251014,6.8,4.1426,4.1426,1.13,32.9146,21.1104,2.9945,0.989,1.0182,0.6324,1.2353,48079.3318,36265.3197,36265.3197,326939.4562,246604.174
000555.SZ,20251014,13.1,2.1553,3.5969,0.97,,,2.2997,1.2779,1.2374,0.241,,97577.4437,97190.3562,58236.3452,1278264.5125,1273193.6662
000557.SZ,20251014,5.24,0.7032,1.3454,0.85,29.0557,19.0352,1.2054,5.6803,5.7135,0.0,0.9542,145837.4735,145791.6198,76206.9067,764188.3611,763948.0878
000558.SZ,20251014,5.2,4.4842,6.9425,0.82,,,6.2615,16.2353,13.2023,0.0,,128922.3949,128868.4608,83237.1947,670396.4535,670115.9962
000559.SZ,20251014,11.55,6.0635,16.7325,0.65,40.2653,38.4259,4.1836,2.9757,2.8547,1.2942,1.553,331535.8444,331454.4214,120110.9588,3829239.0028,3828298.5672
000560.SZ,20251014,2.99,4.9929,6.8793,1.04,95.9369,85.4157,0.7491,0.5618,0.5689,0.0,0.1438,235550.0851,225593.8469,163733.6578,704294.7544,674525.6022
000561.SZ,20251014,11.33,5.1506,9.6204,1.53,,,3.1056,8.1477,7.3622,0.0617,0.0617,86401.8238,60173.4618,32215.8801,978932.6637,681765.3222
000563.SZ,20251014,3.61,1.4027,2.4854,1.02,13.5641,13.1823,1.0057,6.3059,6.3966,3.0471,2.4931,511397.0358,511397.0358,288624.8934,1846143.2992,1846143.2992
000564.SZ,20251014,2.58,3.1063,4.2348,1.07,,,3.0273,32.725,31.6589,0.0,,1805806.3354,1471501.7084,1079367.5644,4658980.3453,3796474.4077
000565.SZ,20251014,8.26,2.3851,4.0117,1.17,820.1456,1021.953,2.8626,10.2198,10.1709,0.1816,0.1816,43359.222,43359.222,25778.3238,358147.1737,358147.1737
000566.SZ,20251014,5.46,1.7272,2.5232,1.15,,,19.3343,7.1501,8.3578,0.0,,129736.5126,116589.4733,79808.8914,708361.3588,636578.5242
000567.SZ,20251014,6.78,1.8212,7.4225,1.59,40.1438,133.717,2.4685,15.3842,21.7677,4.3231,,195459.2155,194990.2172,47843.5379,1325213.4811,1322033.6726
000568.SZ,20251014,132.65,1.2631,2.5777,1.7,14.4923,14.8954,4.9082,6.2589,6.3507,4.071,4.486,147195.1503,146944.6263,72004.1482,19525436.6873,19492204.6787
000570.SZ,20251014,5.66,1.5007,2.5422,1.04,216.0217,95.5211,1.1417,1.6533,1.6098,0.8304,0.1767,70569.2507,55569.2507,32802.909,399421.959,314521.959
000571.SZ,20251014,5.88,10.111,14.2587,2.36,,,28.7992,6.0124,7.3796,0.0,,83912.9,81399.23,57721.0268,493407.852,478627.4724
000572.SZ,20251014,5.9,12.4549,19.0163,1.37,,,5.7701,5.4657,5.29,0.0,,164463.6426,164225.3067,107561.0357,970335.4913,968929.3095
000573.SZ,20251014,4.26,3.5803,4.5171,1.34,,45.1393,1.639,5.5542,5.7467,1.4085,1.1737,63828.0604,63296.4819,50169.3956,271907.5373,269643.0129
000576.SZ,20251014,10.88,2.0652,3.3014,0.91,231.4562,169.8193,2.933,11.9817,10.9556,0.0,,43641.8214,43381.5261,27137.7861,474823.0168,471991.004
000581.SZ,20251014,21.38,1.9293,3.2908,0.75,12.4552,14.6901,1.054,1.8509,1.84,5.7436,5.2592,96678.5693,79386.7049,46540.425,2066987.8116,1697287.7508
000582.SZ,20251014,8.83,2.5026,5.7909,2.19,17.1638,18.6782,1.1256,2.9878,2.8391,3.7692,2.1661,236965.5657,185336.7894,80095.4234,2092405.9451,1636523.8504
000586.SZ,20251014,13.26,4.2342,6.3056,0.86,,497.3933,7.7155,6.0754,5.1724,0.0,,19344.0,19344.0,12989.4369,256501.44,256501.44
000589.SZ,20251014,4.77,3.0011,3.8557,0.85,12.0488,16.9571,0.8686,0.6937,0.6925,4.1797,2.7147,155468.8404,153716.6004,119646.9664,741586.3687,733228.1839
000590.SZ,20251014,11.13,1.8545,3.4026,1.1,,,4.5869,7.7659,7.8625,0.0,,23947.1267,23937.1427,13046.2677,266531.5202,266420.3983
000591.SZ,20251014,4.69,2.2161,3.3908,1.45,14.9978,16.8943,0.7678,3.0432,3.3458,3.1056,2.4076,391856.8213,391801.6288,256068.0753,1837808.4919,1837549.6391
000592.SZ,20251014,3.56,7.9958,9.6664,1.1,,,3.616,4.3989,4.9884,0.0,,193178.0892,191509.2449,158411.7626,687713.9976,681772.9118
000593.SZ,20251014,7.0,3.0241,4.9036,0.65,131.8008,196.5216,2.871,1.4456,1.4144,0.0,,35863.1009,35848.3169,22108.2431,251041.7063,250938.2183
000595.SZ,20251014,4.75,0.5672,1.5897,1.04,,,14.1306,22.8235,23.5945,0.0,,113865.6366,113865.6366,40624.0442,540861.7739,540861.7739
000596.SZ,20251014,155.07,0.8836,2.6314,1.39,14.857,14.6217,3.2576,3.4766,3.4657,2.9019,3.8692,52860.0,40860.0,13719.5978,8197000.2,6336160.2
000597.SZ,20251014,5.47,0.8043,1.8577,0.98,19.0465,20.4234,1.4672,1.0405,1.0862,1.8307,1.8282,142708.8265,140931.5987,61019.6802,780617.281,770895.8449
000598.SZ,20251014,6.87,0.8018,1.8722,0.9,10.2715,10.0366,1.0977,2.2659,2.2207,2.475,2.722,298443.4721,297934.3221,127602.5291,2050306.6533,2046808.7928
000599.SZ,20251014,5.57,3.4333,5.8542,1.39,,,3.2458,1.0495,1.0512,0.0,,81675.8987,81674.5112,47899.2012,454934.7558,454927.0274
000600.SZ,20251014,8.4,6.0895,10.7821,1.58,28.6131,13.8829,1.3646,0.6463,0.6357,0.9524,1.5476,180929.9376,109005.0876,61564.0593,1519811.4758,915642.7358
000601.SZ,20251014,5.19,1.7154,2.5278,0.84,73.1189,933.4147,1.3697,1.2626,1.2209,0.0,3.7874,108055.1669,106573.5252,72323.8326,560806.3162,553116.5958
000603.SZ,20251014,26.22,7.4939,12.6494,1.26,46.383,47.9058,5.9679,8.9862,8.7513,0.2843,0.3814,68996.9346,66671.6359,39498.3563,1809099.6252,1748130.2933
000605.SZ,20251014,6.9,1.4187,2.4103,1.03,151.2221,175.6949,1.1417,1.3816,1.4492,0.2899,0.2899,35265.86,35265.86,20756.9665,243334.434,243334.434
000607.SZ,20251014,4.21,1.581,2.9593,0.81,,,2.7544,2.9938,3.4249,0.6888,,101769.841,88503.3444,47283.9561,428451.0306,372599.0799
000608.SZ,20251014,1.91,1.1244,1.6098,0.93,,,0.6313,3.8957,3.4014,0.0,,74991.3309,74542.7559,52065.6559,143233.442,142376.6638
000609.SZ,20251014,4.29,2.8638,3.7903,0.8,,,22.3064,4.2043,8.1261,0.0,,29926.5522,29105.8272,21991.3472,128384.9089,124863.9987
000610.SZ,20251014,12.08,4.1942,6.1445,0.69,,,15.8275,4.9126,5.2185,0.0,,23674.7901,23550.4294,16075.2121,285991.4644,284489.1872
000612.SZ,20251014,9.16,7.3557,9.7477,1.36,18.5503,14.2743,1.6482,1.6891,1.6464,1.5284,1.4192,119219.9394,119142.0144,89906.1453,1092054.6449,1091340.8519
000615.SZ,20251014,3.63,4.2752,6.3135,2.4,,,,2.5303,2.6691,0.0,,76297.9719,76250.0287,51632.2709,276961.638,276787.6042
000617.SZ,20251014,11.81,3.7544,18.793,2.29,32.0943,35.5216,1.4457,185.5914,173.5655,0.9907,0.9907,1264207.9079,1264207.9079,252557.9044,14930295.3923,14930295.3923
000619.SZ,20251014,5.92,2.035,3.0574,0.51,,,1.0204,0.495,0.5205,0.0,,44116.8831,36000.0,23962.0607,261171.948,213120.0
000620.SZ,20251014,1.72,4.5881,10.2055,2.49,,,2.1055,3.3187,4.5081,0.0,,587181.504,467174.8815,210026.8787,1009952.1869,803540.7962
000623.SZ,20251014,20.53,2.2839,3.1486,0.86,15.8256,10.6957,0.8195,9.4047,10.5589,3.8967,2.4067,119589.5387,119102.3393,86394.2644,2455173.2295,2445171.0258
000625.SZ,20251014,12.54,2.2302,4.4032,1.88,16.9808,18.3344,1.7003,0.7783,0.7985,2.7363,2.3525,991408.606,826011.78,418366.434,12432263.9192,10358187.7212
000626.SZ,20251014,7.33,2.1751,5.3249,2.39,,,1.582,0.0422,0.0437,0.0,,50662.6864,50371.6521,20575.3368,371357.4913,369224.2099
000628.SZ,20251014,52.07,5.3343,6.203,0.83,298.8968,263.4888,8.4385,2.5737,2.7793,0.2919,0.1056,35228.0,19223.8585,16531.6285,1834321.96,1000986.3121
000629.SZ,20251014,3.08,2.1179,4.7533,0.79,100.3795,,2.325,2.1674,2.7781,0.0,,929497.0045,929027.0724,413941.5366,2862850.7739,2861403.383
000630.SZ,20251014,5.48,5.2541,8.023,0.95,26.1639,35.5306,2.0628,0.5049,0.4896,1.379,1.7371,1340947.151,1114301.145,729726.4986,7348390.3875,6106370.2746
000631.SZ,20251014,3.18,0.8025,2.5513,1.07,89.7252,74.6725,1.3107,24.3186,20.1705,3.072,,239527.9084,239527.9084,75344.7232,761698.7487,761698.7487
000632.SZ,20251014,3.89,2.6347,3.3552,0.83,,,1.9852,0.1728,0.2434,0.0,,46551.957,46548.1606,36552.1005,181087.1127,181072.3447
000633.SZ,20251014,6.82,4.0572,5.5381,1.1,224.9061,200.8169,13.5565,9.4754,7.576,0.0,,38510.6373,38510.3523,28213.1548,262642.5464,262640.6027
000635.SZ,20251014,8.38,1.1871,2.435,1.11,,,2.0265,1.7891,1.8875,0.0,,39413.3623,30308.7602,14776.4915,330283.9761,253987.4105
000636.SZ,20251014,15.15,3.009,4.6939,1.29,51.9572,59.0287,1.4223,3.5489,3.2949,0.3273,0.982,115701.3211,115701.3211,74171.0219,1752875.0147,1752875.0147
000637.SZ,20251014,4.24,2.3864,3.0218,0.76,,,3.8975,0.587,0.6645,0.0,,51987.5356,36458.5055,28792.7054,220427.1509,154584.0633
000638.SZ,20251014,4.13,0.3086,0.4768,0.08,120.7355,280.7621,8.9373,3.2851,2.5942,0.0,,31138.6551,31014.5601,20077.2501,128602.6456,128090.1332
000639.SZ,20251014,3.09,1.8046,2.2564,0.86,,,1.1536,0.6708,0.7292,0.0,,107942.8095,107942.6772,86332.3129,333543.2814,333542.8725
000650.SZ,20251014,6.19,2.3482,3.1797,1.2,17.9818,19.9135,1.3833,2.1266,2.3512,3.231,2.4233,139993.8234,133138.5834,98324.1448,866561.7668,824127.8312
000651.SZ,20251014,40.58,1.0112,1.3443,1.06,7.0625,7.0024,1.8298,1.2016,1.2175,5.7818,7.3713,560140.5741,551515.5557,414877.064,22730504.497,22380501.2503
000652.SZ,20251014,4.2,0.8977,1.3398,0.84,54.3109,76.938,1.0767,0.3251,0.3494,0.9524,0.7143,147557.3852,147446.2359,98788.1848,619741.0178,619274.1908
000655.SZ,20251014,9.65,5.5162,13.2634,1.17,28.167,20.9255,1.6369,3.7173,3.402,1.9689,1.658,59534.023,59534.023,24760.0085,574503.322,574503.322
000656.SZ,20251014,1.38,1.2061,1.3395,1.5,,,,0.5326,1.0581,0.0,,1063408.1632,761014.9756,685194.8912,1467503.2652,1050200.6663
000657.SZ,20251014,18.93,5.3073,9.5647,1.15,45.921,33.1121,4.5246,2.9262,2.7331,0.4211,0.8452,227895.438,125502.7148,69638.9151,4314060.6413,2375766.3912
000659.SZ,20251014,2.77,2.1594,2.5618,0.84,,,19.1283,3.5366,3.5062,0.0,,128570.252,128570.252,108374.1312,356139.598,356139.598
000661.SZ,20251014,124.51,2.9819,4.0982,1.09,19.6636,27.5114,2.2241,3.772,3.7821,3.5631,2.0563,40793.7529,39962.4406,29077.3319,5079230.1736,4975723.4791
000663.SZ,20251014,6.73,3.5993,5.1217,2.07,,,2.2519,7.0132,7.1057,0.0,,33668.3929,30630.1196,21525.5731,226588.2842,206140.7049
000665.SZ,20251014,5.82,3.2347,5.4696,0.88,,,1.5926,4.1604,4.4484,0.0,,113714.9495,113711.978,67248.1818,661821.0061,661803.712
000668.SZ,20251014,9.13,0.7366,1.2465,0.39,,,1.8916,10.0454,5.7974,0.0,,14684.189,14684.189,8677.2104,134066.6456,134066.6456
000669.SZ,20251014,3.03,1.1185,1.4106,0.75,,,473.0526,1.5772,1.6375,0.0,,68040.8797,68040.8797,53950.9653,206163.8655,206163.8655
000670.SZ,20251014,8.4,4.4635,5.6174,0.65,,,226.007,1.7278,1.6935,0.0,,83948.936,81662.696,64888.6411,705171.0624,685966.6464
000672.SZ,20251014,11.19,4.8539,11.571,0.79,17.2882,15.4192,1.2621,1.991,2.0358,3.5255,5.5372,96939.545,96939.545,40664.8803,1084753.5086,1084753.5086
000676.SZ,20251014,9.16,3.4533,4.5955,1.17,54.4965,59.8764,2.7264,3.5046,2.9016,0.0,,126528.9215,126452.8532,95022.7654,1159004.9209,1158308.1353
000677.SZ,20251014,5.26,4.0587,6.0887,1.38,103.5653,94.1384,8.4844,4.3075,4.1948,0.0,,86397.7948,86397.7948,57592.7701,454452.4006,454452.4006
000678.SZ,20251014,13.35,2.5746,4.7513,0.91,,,7.922,4.2163,3.9458,0.0,,45961.1797,45961.1797,24905.2667,613581.749,613581.749
000679.SZ,20251014,7.86,2.2156,3.0797,0.9,,,12.7365,7.5254,5.9065,0.0,,35640.0,35640.0,25640.0,280130.4,280130.4
000680.SZ,20251014,11.36,7.4638,10.9348,2.35,15.4606,13.6107,3.03,1.1985,1.1582,1.3206,1.0962,150014.2612,131470.1804,89738.3804,1704162.0072,1493501.2493
000681.SZ,20251014,24.22,12.1511,16.8043,0.95,142.4126,151.3992,4.7205,20.9176,20.9124,0.1196,0.099,70057.7436,67610.2568,48888.6355,1696798.55,1637520.4197
000682.SZ,20251014,12.1,2.3367,3.9908,1.1,23.7207,22.1149,3.0571,2.1502,2.0566,0.9669,0.9835,134072.7007,134055.6939,78493.1701,1622279.6785,1622073.8962
000683.SZ,20251014,6.07,1.7363,2.3074,1.17,12.4629,16.7847,1.5876,1.7018,1.8639,4.9584,4.9423,371873.906,331845.9523,249714.212,2257274.6094,2014304.9305
000685.SZ,20251014,13.35,7.06,13.9819,0.99,16.4268,14.4478,1.1276,3.4681,3.46,1.4906,3.2198,147511.1351,125396.2161,63317.5459,1969273.6536,1674039.4849
000686.SZ,20251014,8.66,1.0999,1.9164,0.77,23.1996,17.2918,1.0489,3.1158,3.4095,1.1547,1.3857,234045.2915,234045.2915,134321.0589,2026832.2244,2026832.2244
000688.SZ,20251014,14.68,1.435,5.6847,0.99,,45.2382,4.866,8.6147,7.4204,0.1218,,112539.7021,112539.2701,28409.2949,1652082.8268,1652076.4851
000690.SZ,20251014,4.77,3.2206,3.9555,1.44,14.7107,11.5561,0.8436,1.3132,1.2143,6.2893,4.1929,217588.7862,217447.1375,177044.5617,1037898.5102,1037222.8459
000691.SZ,20251014,11.92,7.675,9.0294,1.39,,,,8.6982,9.146,0.0,,32327.0,32327.0,27477.9405,385337.84,385337.84
000692.SZ,20251014,3.6,2.2585,3.226,1.17,,,43.7934,0.914,0.9137,0.0,,53283.2976,53283.2976,37303.6368,191819.8714,191819.8714
000695.SZ,20251014,11.13,2.1658,3.2254,0.72,,,20.5784,5.0112,5.1112,0.0,,22214.7539,22181.1364,14894.4884,247250.2109,246876.0481
000697.SZ,20251014,8.6,1.9724,2.7325,1.02,,,192.4625,4.2908,4.2155,0.0,,87310.0876,59089.6429,42653.6149,750866.7534,508170.9289
000698.SZ,20251014,3.49,11.9161,21.1698,11.8,,15.9791,1.9771,0.5697,0.5487,0.0,,81951.4395,78571.4395,44226.4989,286010.5239,274214.3239
000700.SZ,20251014,9.66,3.9348,6.3275,0.99,14.159,15.7955,2.2672,1.2427,1.2695,1.1284,3.3747,91801.5389,91801.5389,57087.0307,886802.8658,886802.8658
000701.SZ,20251014,5.49,1.9171,3.2179,0.93,,,,0.0847,0.1061,0.0,,67580.7106,66760.3556,39773.632,371018.1012,366514.3522
000702.SZ,20251014,7.07,3.3713,4.5031,1.18,,,6.9261,2.1863,2.0749,0.0,,34662.4948,26663.4576,19961.696,245063.8382,188510.6452
000703.SZ,20251014,6.55,0.69,1.3951,0.75,100.8687,778.6151,1.0329,0.1881,0.2023,1.4354,0.6993,360261.8018,358356.8618,177229.9583,2359714.8018,2347237.4448
000705.SZ,20251014,9.48,3.8209,4.2967,0.75,91.2052,66.7275,1.5743,0.8468,1.0334,0.6329,0.6329,33412.3286,28196.0751,25073.5237,316748.8751,267298.7919
000707.SZ,20251014,6.39,1.1868,1.5848,0.96,13.3122,,1.2688,1.2923,1.5512,1.7391,2.2547,58471.7193,46414.5765,34758.2555,373634.2863,296589.1438
000708.SZ,20251014,13.9,0.4614,2.8571,0.96,13.6872,13.4953,1.7151,0.6424,0.6562,4.0624,3.649,504715.7829,504715.7829,81506.5129,7015549.3823,7015549.3823
000709.SZ,20251014,2.64,1.2831,3.6431,0.89,38.5761,30.5829,0.5303,0.2244,0.2114,1.5152,1.1364,1033712.1092,1033541.2398,364017.535,2728999.9683,2728548.8731
000710.SZ,20251014,12.74,2.1486,2.9401,0.9,,,2.7396,4.1773,4.6249,0.0,,35352.1465,32952.9923,24081.6093,450386.3464,419821.1219
000711.SZ,20251014,1.73,1.2551,1.3877,1.16,,,8.0278,13.0807,8.4077,0.0,,285697.6223,228573.3714,206731.4176,494256.8866,395431.9325
000712.SZ,20251014,14.28,4.5336,7.3617,0.99,,147.5646,5.1112,19.3085,17.7386,0.0,,89600.0,89573.4125,55162.3621,1279488.0,1279108.3305
000713.SZ,20251014,7.03,2.5214,3.5633,1.55,61.8044,67.279,2.1927,1.4752,1.571,0.2845,0.2845,61401.498,61401.498,43447.2078,431652.5309,431652.5309
000715.SZ,20251014,5.65,1.9455,4.1593,1.1,30.4134,27.7112,1.5725,4.0002,4.0066,0.6807,1.3615,54043.4622,53899.3401,25210.545,305345.5614,304531.2716
000716.SZ,20251014,6.21,2.6012,4.1543,1.61,60.1918,62.7864,1.8429,1.8986,1.9341,0.8052,0.8052,75348.955,73900.5337,46273.566,467917.0106,458922.3143
000717.SZ,20251014,2.81,1.7422,3.7036,1.08,,,0.8606,0.2185,0.2457,0.0,,242384.559,242356.0965,114004.8075,681100.6108,681020.6312
000718.SZ,20251014,2.61,4.2565,6.4478,1.08,47.9502,156.8946,0.8401,3.7342,4.5369,3.0651,3.8314,303463.6384,228209.3122,150654.2061,792040.0962,595626.3048
000719.SZ,20251014,12.58,2.3554,5.1784,1.82,12.4981,10.6549,1.1272,1.3059,1.2999,3.3386,4.7695,102320.3749,66714.7543,30345.1786,1287190.3162,839271.6091
000720.SZ,20251014,3.32,1.18,2.2393,1.27,,,1.7627,3.597,3.1163,0.0,,125653.1571,125653.1571,66210.4449,417168.4816,417168.4816
000721.SZ,20251014,8.65,3.5105,5.4307,0.87,,,19.9986,7.4562,7.9599,0.0,,57391.4308,51236.0308,33119.842,496435.8764,443191.6664
000722.SZ,20251014,12.39,1.9298,3.9816,1.37,84.8194,92.6037,1.8411,17.0757,17.6717,0.4036,0.4036,46415.8282,46415.8282,22496.9877,575092.1114,575092.1114
000723.SZ,20251014,5.01,2.9878,4.7761,1.63,,,1.6567,1.1592,1.195,0.0,,440348.0409,439624.9039,275012.7453,2206143.6849,2202520.7685
000725.SZ,20251014,4.06,2.2964,2.6403,0.93,28.5353,24.1645,1.1422,0.7657,0.7364,0.7437,1.2315,3741388.0464,3670605.0201,3192458.4014,15190035.4684,14902656.3816
000726.SZ,20251014,6.81,1.8825,2.4718,1.0,13.5646,9.2613,0.5775,0.9138,0.9143,4.1118,3.6711,81730.6563,58869.7206,44834.3623,556585.7694,400902.7973
000727.SZ,20251014,2.62,2.6006,4.8275,1.06,126.9153,,4.8427,0.2149,0.2223,0.0,,452956.698,452956.698,244006.7182,1186746.5488,1186746.5488
000728.SZ,20251014,9.58,3.7675,6.4207,2.67,18.6265,15.7821,1.1015,5.3271,5.1233,1.5658,1.6701,436377.7891,436377.7891,256053.2416,4180499.2196,4180499.2196
000729.SZ,20251014,12.28,1.1018,2.4084,1.31,32.7862,24.7176,2.2791,2.3598,2.2802,0.8143,1.5472,281853.9341,250960.6667,114810.7076,3461166.3107,3081796.9871
000731.SZ,20251014,6.88,1.0037,1.1523,1.07,14.1487,33.9036,0.9374,0.8442,0.8672,3.9903,3.9244,55882.9131,55882.9131,48677.5579,384474.4421,384474.4421
000733.SZ,20251014,48.58,2.5169,3.6484,1.02,27.7489,31.2302,1.7971,5.1581,5.1782,2.2931,0.3705,55416.9431,55409.4731,38225.6787,2692155.0958,2691792.2032
000735.SZ,20251014,6.58,4.1998,5.3459,1.73,31.3415,,1.8075,2.2738,3.0078,0.304,0.304,115151.3578,115089.7517,90416.4995,757695.9343,757290.5662
000736.SZ,20251014,4.88,1.0688,2.1569,1.35,,,,0.1992,0.1616,0.0,,74709.8401,72126.6045,35741.9096,364584.0197,351977.83
000737.SZ,20251014,17.09,10.2946,21.0011,0.97,53.1179,50.8759,4.9875,1.3503,1.3288,0.5445,0.6437,190471.6435,190453.816,93359.4498,3255160.3874,3254855.7154
000738.SZ,20251014,19.86,1.0716,2.1385,1.0,34.8135,44.3416,2.1003,4.7655,4.8272,0.8359,0.8661,131518.4001,131518.4001,65904.221,2611955.426,2611955.426
000739.SZ,20251014,15.98,0.8884,1.8173,1.01,17.9532,19.0977,2.9159,1.5399,1.6772,1.996,4.3888,115844.3576,115800.8405,56607.975,1851192.8344,1850497.4312
000750.SZ,20251014,4.57,1.9288,2.7856,0.75,68.1284,44.5206,1.3125,6.9199,7.5233,1.0066,0.6565,638617.4477,579620.3977,401352.9034,2918481.736,2648865.2175
000751.SZ,20251014,4.07,8.7934,11.5083,1.26,308.9447,125.3335,1.8186,0.4214,0.3795,0.7371,,161563.0595,140986.8779,107726.6753,657561.6522,573816.5931
000752.SZ,20251014,11.04,1.2343,1.5207,0.92,111.1568,69.1564,8.4209,6.9089,6.842,0.0,,26375.8491,26375.8491,21407.3042,291189.3741,291189.3741
000753.SZ,20251014,7.75,5.8786,9.4457,1.25,143.8596,139.0932,2.8127,2.3269,2.3308,0.3871,0.2581,99148.1071,99148.1071,61705.3723,768397.83,768397.83
000755.SZ,20251014,4.99,0.7418,3.2123,2.18,15.7119,15.5851,1.3831,4.55,4.6367,0.9018,4.008,146731.0196,146731.0196,33885.2341,732187.7878,732187.7878
000756.SZ,20251014,15.92,4.4354,8.7166,1.82,23.3632,25.6346,2.2165,1.2971,1.3116,1.7017,1.5704,68977.6535,49262.3924,25066.7844,1098124.2437,784257.287
000757.SZ,20251014,5.57,5.1222,7.3849,0.79,,102.9787,1.8786,0.8254,0.8951,0.0,,53271.6095,53270.602,36948.7082,296722.8649,296717.2531
000758.SZ,20251014,7.24,11.7541,18.2658,1.64,35.8218,27.285,2.4233,1.616,1.5565,0.0,0.6361,199055.253,197608.8345,127161.8366,1441160.0317,1430687.9618
000759.SZ,20251014,7.25,3.8271,6.0118,1.12,,,3.1751,0.4627,0.5172,0.0,,66257.459,65570.6025,41742.3281,480366.5778,475386.8681
000761.SZ,20251014,3.63,0.3847,2.542,0.87,,,1.5607,0.2909,0.3133,0.0,,410823.5241,370823.5241,56123.5615,1491289.3925,1346089.3925
000762.SZ,20251014,24.34,5.5294,6.9885,0.7,113.522,,4.321,20.388,34.8785,0.4108,0.2054,52117.414,52080.0618,41206.7135,1268537.8568,1267628.7042
000766.SZ,20251014,24.99,1.3026,1.6215,0.57,427.9562,397.425,10.6296,18.2621,18.251,0.0,,96649.4707,96600.7681,77600.7681,2415270.2728,2414053.1948
000767.SZ,20251014,2.9,1.8106,4.1611,1.25,278.1748,16.1836,1.4586,0.5353,0.5584,0.0,,307694.2219,291224.6436,126717.0123,892313.2435,844551.4664
000768.SZ,20251014,26.45,1.1532,2.5533,0.75,71.8769,69.7158,3.4255,1.7022,1.7389,0.3782,0.4537,278114.9071,277272.5857,125229.6139,7356139.2928,7333859.8918
000776.SZ,20251014,23.32,2.5774,5.6062,0.88,18.4053,15.1026,1.4264,6.5212,5.7552,1.7153,2.1441,760584.5511,590404.9311,271437.224,17736831.7317,13768242.9933
000777.SZ,20251014,21.58,11.3648,15.6212,1.39,36.0795,35.8812,3.6414,4.4884,4.3454,0.9616,0.899,38341.7593,38341.0827,27894.1648,827415.1657,827400.5647
000778.SZ,20251014,3.98,1.8371,3.0768,1.01,94.2025,109.8511,0.6079,0.4358,0.4482,1.5167,0.5025,396318.2285,389360.5496,232480.2057,1577346.5494,1549654.9874
000779.SZ,20251014,9.13,1.0909,1.998,1.1,18.4337,17.9132,1.0805,2.1465,2.121,0.8762,0.8762,46482.9452,46477.4742,25376.9479,424389.2897,424339.3394
000782.SZ,20251014,5.9,5.0499,5.763,1.08,,,2.3284,1.245,1.4207,0.0,,68658.1509,52813.9623,46278.9623,405083.0903,311602.3776
000783.SZ,20251014,8.45,2.0568,3.4824,0.91,25.4661,16.7782,1.3578,6.8767,5.4053,1.4201,1.7751,553007.2948,553007.2948,326620.5335,4672911.6411,4672911.6411
000785.SZ,20251014,2.89,1.0033,3.0841,0.97,23.3907,36.3543,0.8759,1.388,1.3775,2.1598,,622704.8814,589759.3464,191866.1216,1799617.1072,1704404.5111
000786.SZ,20251014,24.41,0.902,1.6701,0.86,11.3812,12.3437,1.5758,1.6075,1.6099,3.3988,3.521,170039.0342,163495.5466,88301.7228,4150652.8248,3990926.2925
000788.SZ,20251014,6.13,1.5635,2.3699,1.14,26.4754,24.1211,2.3133,1.7735,1.8183,1.2398,0.9788,59598.7425,59598.7425,39320.3001,365340.2915,365340.2915
000789.SZ,20251014,5.97,0.9441,1.8633,0.75,361.5149,90.798,0.7384,0.7992,0.8532,1.5075,2.3914,79740.7415,79740.7415,40402.2011,476052.2268,476052.2268
000790.SZ,20251014,3.79,1.9705,2.4,0.92,,,2.4241,2.7361,3.3875,0.2639,,62371.9364,62261.4614,51118.3333,236389.639,235970.9387
000791.SZ,20251014,6.91,2.9885,7.5252,2.66,13.6327,10.2719,1.6205,2.5778,1.9677,0.7855,2.6049,324383.9742,193562.1786,76868.893,2241493.2617,1337514.6541
000792.SZ,20251014,22.51,3.2123,5.3153,1.63,25.5437,23.9861,3.0481,7.8705,8.115,0.0,,529157.2541,529154.1746,319800.7224,11911329.7898,11911260.4702
000793.SZ,20251014,2.99,1.6925,2.0794,0.47,,,42.8142,17.7889,20.1542,0.0,,199724.5457,196100.8615,159611.7263,597176.3916,586341.5759
000795.SZ,20251014,11.25,6.3629,12.565,1.63,51.5003,51.853,5.0166,3.1815,3.3525,0.2363,2.2543,113368.4103,113368.4103,57409.4192,1275394.6159,1275394.6159
000796.SZ,20251014,5.92,7.5545,9.5769,1.03,,,11.4665,14.5319,14.6182,0.0,,160378.8916,133076.681,104973.8079,949443.0383,787813.9515
000797.SZ,20251014,2.73,1.98,4.3891,1.05,171.3087,,0.8389,0.6317,0.8443,0.3663,,157075.4217,157057.2469,70850.3821,428815.9012,428766.284
000798.SZ,20251014,8.07,1.8587,4.4526,1.58,,,6.5973,0.5985,0.6249,0.0,,36585.8712,36583.6212,15271.4496,295247.9806,295229.8231
000799.SZ,20251014,63.55,8.4197,12.203,2.03,1652.8262,,5.4616,14.5077,20.8475,1.5736,0.9441,32492.898,32490.048,22417.3189,2064923.6679,2064742.5504
000800.SZ,20251014,7.02,0.3127,1.4302,1.18,55.5043,210.8713,1.3216,0.5897,0.6766,2.0076,0.7123,492128.0975,492086.0683,107571.0782,3454739.2445,3454444.1995
000801.SZ,20251014,16.29,2.6833,5.2178,1.34,85.6971,83.416,5.5468,3.9874,3.8969,0.6139,0.6139,102280.6646,102280.6646,52598.1558,1666152.0263,1666152.0263
000802.SZ,20251014,4.47,2.8304,3.6503,1.3,,,3.7554,10.0971,6.8527,0.0,,71590.0255,71546.5255,55475.6027,320007.414,319812.969
000803.SZ,20251014,6.67,2.4588,3.5703,1.01,238.555,35.1013,2.1583,2.1463,2.2606,0.0,,46629.6153,45978.778,31664.5457,311019.5341,306678.4493
000807.SZ,20251014,20.55,2.3658,4.0862,1.43,16.1541,15.2913,2.323,1.3088,1.2103,2.2384,0.8759,346795.7405,346792.1051,200781.2103,7126652.4673,7126577.7598
000809.SZ,20251014,3.11,2.3962,3.6469,0.9,,,0.9552,6.7009,6.6795,0.0,,82479.1293,82479.1293,54193.3793,256510.0921,256510.0921
000810.SZ,20251014,13.3,2.4442,5.3635,0.95,60.5396,123.8789,2.3875,1.7465,1.8216,1.1278,0.9774,114159.5579,111061.3175,50611.7258,1518322.1201,1477115.5228
000811.SZ,20251014,14.15,3.9746,6.3723,1.25,22.3627,24.9547,2.3997,2.1169,2.1936,0.5437,1.3591,99263.8145,97845.2263,61029.5011,1404582.9752,1384509.9521
000812.SZ,20251014,4.59,1.6905,2.0484,0.86,83.9759,936.0227,1.9483,2.4501,2.4839,0.4357,0.61,76869.2614,76816.097,63393.523,352829.9098,352585.8852
000813.SZ,20251014,4.07,2.4656,4.088,0.78,,,1.773,18.2969,22.1969,0.0,,209710.554,209676.054,126463.21,853521.9548,853381.5398
000815.SZ,20251014,12.39,1.8624,2.7868,0.88,,,6.4385,9.448,14.5485,0.0,,69526.3035,69526.3035,46463.1987,861430.9004,861430.9004
000816.SZ,20251014,3.26,4.123,5.5519,1.89,,,2.3021,3.2479,3.5679,0.0,,144701.3318,143643.0472,106672.5772,471726.3417,468276.3339
000818.SZ,20251014,22.03,2.6486,3.6329,0.8,,,6.299,3.4853,3.3861,0.232,,66000.0039,65821.1439,47987.9239,1453980.0859,1450039.8001
000819.SZ,20251014,20.24,8.1748,12.4202,1.58,118.4744,,3.5558,1.9564,2.1614,0.4943,0.4943,36950.4506,36553.2306,24058.8995,747877.1201,739837.3873
000820.SZ,20251014,2.5,0.8539,0.8773,0.54,,,10.6541,13.105,21.5328,0.0,,64655.5179,29696.6877,28904.9696,161638.7948,74241.7193
000821.SZ,20251014,12.38,4.1706,5.4228,1.36,17.9836,21.1411,1.8336,0.884,0.9202,0.7006,0.5654,62287.4778,60465.0764,46503.138,771118.9752,748557.6458
000822.SZ,20251014,5.61,1.0491,1.7583,1.38,128.044,,1.0155,0.8351,1.0736,1.7825,,89509.1926,89509.1926,53404.3048,502146.5705,502146.5705
000823.SZ,20251014,12.74,5.0104,7.2083,1.06,31.7065,26.74,1.4673,1.1885,1.1192,0.7849,1.5699,53699.1589,53696.8845,37324.1545,684127.2844,684098.3085
000825.SZ,20251014,4.15,0.8574,2.3369,0.83,,,0.7178,0.2355,0.2446,0.0,,569624.7796,569624.7796,208979.3462,2363942.8353,2363942.8353
000826.SZ,20251014,2.28,5.4691,7.0869,0.52,,,10.8956,0.6196,0.6523,0.0,,142535.3248,142517.2959,109982.6828,324980.5405,324939.4347
000828.SZ,20251014,12.05,1.3349,4.4238,1.04,13.1137,11.9775,1.2688,7.4034,7.7314,3.9419,3.9419,103951.6992,103951.5642,31367.3048,1252617.9754,1252616.3486
000829.SZ,20251014,9.64,1.8456,2.8378,1.0,316.8933,,3.3903,0.1176,0.1246,0.2593,0.1037,102510.0438,102412.9669,66606.1551,988196.8222,987261.0009
000830.SZ,20251014,13.25,2.2182,4.3435,1.55,12.4376,15.5654,1.3453,0.8478,0.8283,0.9874,2.6496,190431.9011,190416.8929,97246.2232,2523222.6896,2523023.8309
000831.SZ,20251014,61.39,12.2087,19.7029,1.64,,546.455,13.5694,21.5199,17.3835,0.1303,,106122.0807,106122.0807,65757.3396,6514834.5342,6514834.5342
000833.SZ,20251014,14.87,4.9073,6.0052,0.83,42.8156,31.5974,3.2295,4.2655,4.2393,0.3194,0.8204,80208.2221,45370.2026,37075.8377,1192696.2626,674654.9127
000837.SZ,20251014,13.15,3.1168,5.7004,1.0,249.3956,244.5327,2.7619,3.475,3.3957,0.0,,102000.5837,100740.1337,55081.5236,1341307.6757,1324732.7582
000838.SZ,20251014,2.84,10.1054,15.179,3.85,,,7.3632,3.7723,8.614,0.0,,110046.217,105376.5855,70154.1376,312531.2563,299269.5028
000839.SZ,20251014,2.63,1.0167,1.5997,1.14,,,7.7161,3.0362,3.119,0.0,,391982.6352,391982.6352,249133.8007,1030914.3306,1030914.3306
000848.SZ,20251014,8.66,1.2196,2.103,1.36,13.6814,14.4429,2.6906,2.7728,3.0012,4.6189,3.4543,105255.4074,104255.4074,60462.2208,911511.8281,902851.8281
000850.SZ,20251014,4.57,1.4457,2.6978,0.65,15.0232,11.8729,0.9554,1.2896,1.3166,2.1381,2.1184,94366.5009,94339.6879,50553.6311,431254.9091,431132.3737
000852.SZ,20251014,6.48,1.2075,2.5299,1.07,63.9445,104.615,1.9636,0.7708,0.8122,0.0,,95596.7689,94573.8786,45140.0787,619467.0625,612838.7333
000856.SZ,20251014,10.82,1.9599,2.7999,0.78,112.3633,161.5612,5.8101,0.9844,0.9436,0.0,,22700.0,22700.0,15890.0001,245614.0,245614.0
000858.SZ,20251014,122.07,0.7514,1.6729,1.48,14.8754,14.6749,3.373,5.3135,5.1899,3.8257,4.7063,388160.8005,388144.4512,174339.3215,47382788.917,47380793.158
000859.SZ,20251014,6.47,3.1003,4.3736,1.08,,,2.107,2.5049,2.5347,0.0,,89597.6271,89592.5271,63508.3637,579696.6473,579663.6503
000860.SZ,20251014,15.71,1.4263,2.3138,1.39,50.4092,,1.647,1.2769,1.4508,0.0,0.9548,74176.6989,74176.6989,45725.5821,1165315.9397,1165315.9397
000862.SZ,20251014,5.84,2.9515,3.8812,0.8,61.6803,44.0824,1.2147,4.2357,4.1435,0.0,,91795.4696,62796.7088,47754.4231,536085.5425,366732.7794
000863.SZ,20251014,3.59,1.9387,3.6511,0.98,219.8741,319.0839,0.9429,3.5045,4.3044,0.0,,118069.956,116361.5418,61785.7511,423871.142,417737.9351
000868.SZ,20251014,5.58,3.3873,5.0827,1.49,624.6986,268.4331,5.9678,1.9167,1.6487,0.0,,93951.4735,73332.8418,48871.4622,524249.2221,409197.2572
000869.SZ,20251014,21.84,0.3642,1.5118,1.29,48.0737,54.4175,1.3918,4.4771,4.5489,2.3108,1.8315,67182.39,45510.4295,10963.0439,1467263.3976,993947.7803
000875.SZ,20251014,5.99,3.6076,5.1822,0.88,19.7658,29.7557,1.2484,1.5814,1.6189,1.5025,0.601,362727.0626,334240.4867,232683.7373,2172735.105,2002100.5153
000876.SZ,20251014,9.9,1.0486,2.3121,1.16,94.1208,18.2243,1.9989,0.4325,0.4241,0.0,0.2437,450257.6702,449929.6448,204045.9571,4457550.935,4454303.4835
000877.SZ,20251014,6.57,1.0308,5.4652,0.79,,24.6713,0.5707,0.537,0.561,2.1141,,711049.1694,711049.0194,134113.7338,4671593.043,4671592.0575
000878.SZ,20251014,18.29,8.5394,12.8993,0.95,28.9766,24.0722,2.384,0.2059,0.2017,1.8043,1.3122,200362.831,200359.3177,132638.7294,3664636.179,3664571.9207
000880.SZ,20251014,31.23,8.0406,8.0406,0.88,78.3182,61.775,6.8354,3.62,2.9932,0.4117,0.6633,46384.884,22702.68,22702.68,1448599.9273,709004.6964
000881.SZ,20251014,8.02,2.9769,4.7293,1.12,,,1.4769,1.2292,1.2778,0.0,,94542.5815,84159.086,52974.852,758231.5036,674955.8697
000882.SZ,20251014,2.0,3.7831,5.2694,1.19,269.2919,,0.7965,3.9168,3.8031,0.0,,273735.1947,273551.4266,196390.4829,547470.3894,547102.8532
000883.SZ,20251014,4.67,0.4557,1.7802,1.06,16.6853,22.5059,0.8912,1.5111,1.6184,1.933,2.1474,648144.9486,647975.6454,165891.9813,3026836.91,3026046.264
000885.SZ,20251014,15.34,1.6078,5.7106,0.58,8.6288,7.9416,1.1145,1.4899,1.4201,1.6428,2.3207,64207.8255,64207.8255,18077.3891,984948.0432,984948.0432
000886.SZ,20251014,6.82,5.8783,7.9908,2.36,109.6496,,2.2456,28.9736,18.6182,1.0264,0.2933,98882.83,97783.6898,71932.4659,674380.9006,666884.7644
000887.SZ,20251014,21.65,5.4403,9.1478,1.25,22.7705,21.0697,2.0898,1.5117,1.4976,0.9238,0.9238,131648.9747,131437.0608,78166.9287,2850200.3023,2845612.3663
000888.SZ,20251014,12.34,1.5161,2.51,0.69,27.7111,29.1054,2.4921,6.4166,6.7578,1.6207,2.0259,52691.3102,52691.3102,31826.6608,650210.7679,650210.7679
000889.SZ,20251014,3.84,7.6059,10.2771,1.37,,,45.5821,2.4572,2.3397,0.0,,93629.1116,86984.9676,64375.7658,359535.7885,334022.2756
000890.SZ,20251014,5.28,7.9106,13.2715,0.76,,,1012.6247,7.0932,9.0181,0.0,,41950.3968,41949.1046,25004.2336,221498.0951,221491.2723
000892.SZ,20251014,5.93,5.199,7.1489,0.64,,,6.6613,15.1145,12.2435,0.0,,98098.0473,71083.6454,51694.9863,581721.4205,421526.0172
000893.SZ,20251014,41.3,2.0511,3.1698,1.46,40.1522,24.8563,3.0413,10.7563,8.7288,0.0,,92405.1187,81181.0074,52530.9515,3816331.4023,3352775.6056
000895.SZ,20251014,24.99,0.3747,1.2634,1.41,17.3544,17.2616,4.6573,1.4537,1.4339,5.4422,5.6022,346466.1213,346421.2167,102748.4803,8658188.3713,8657066.2053
000897.SZ,20251014,2.29,2.8721,3.6318,1.2,7.2837,20.7146,1.2117,1.3082,2.2253,0.0,4.1485,161727.2234,161724.1634,127892.9294,370355.3416,370348.3342
000898.SZ,20251014,2.72,0.7684,2.9681,1.01,,,0.5468,0.2425,0.2594,0.0,,936922.1258,795734.6173,206009.1106,2548428.1822,2164398.1591
000899.SZ,20251014,10.03,2.0096,6.9286,1.06,13.7049,12.028,1.6646,1.414,1.4236,1.5055,3.2901,97567.776,97567.776,28298.5929,978604.7933,978604.7933
000900.SZ,20251014,4.21,1.0451,1.9554,1.22,18.7493,16.7307,0.581,0.8377,0.7929,3.5629,3.5629,151782.8334,151776.0834,81118.1949,639005.7286,638977.3111
000901.SZ,20251014,17.19,5.1686,7.9402,0.93,1117.6804,141.004,3.1727,1.9892,2.1007,0.0,,79820.1406,79819.3381,51957.9676,1372108.2169,1372094.4219
000902.SZ,20251014,14.4,0.9683,1.9941,0.85,13.7402,11.8188,1.6295,1.1609,1.0922,2.0833,2.0833,125473.3383,114278.2565,55493.7909,1806816.0715,1645606.8936
000903.SZ,20251014,2.83,1.4415,2.1794,1.06,,,3.7153,1.1574,1.238,0.0,,193496.141,192026.1648,127011.9255,547594.079,543434.0464
000905.SZ,20251014,8.53,2.9135,6.0897,1.7,31.6869,29.8668,1.2504,0.2857,0.3113,1.7937,1.2661,74180.9597,74180.8097,35490.0575,632763.5862,632762.3067
000906.SZ,20251014,6.21,1.3964,2.6128,1.01,11.9478,17.8169,0.9225,0.0218,0.021,5.5553,3.2156,70966.3179,70123.9764,37476.047,440700.8342,435469.8934
000908.SZ,20251014,5.81,0.8628,1.161,0.59,33.561,33.4546,103.7808,12.2863,12.8804,0.0,,87977.4351,87977.4351,65384.14,511148.8979,511148.8979
000909.SZ,20251014,5.36,0.6008,1.0115,1.36,,,2.2864,7.2835,7.9799,0.0,,43771.4245,43771.057,25998.5093,234614.8353,234612.8655
000910.SZ,20251014,8.04,1.1047,2.0631,1.07,31.6581,39.6026,0.6589,0.8226,0.8683,2.3632,2.3632,54739.75,54718.45,29298.37,440107.59,439936.338
000911.SZ,20251014,7.33,1.3225,2.8265,1.24,107.3331,130.4339,21.8163,0.9024,1.0544,0.0,,40031.9818,40031.9818,18731.2137,293434.4266,293434.4266
000912.SZ,20251014,4.32,0.5441,1.3647,1.25,88.8276,,1.0545,1.3363,1.4818,0.0,,156800.0,156800.0,62512.0311,677376.0,677376.0
000913.SZ,20251014,17.5,1.7781,2.9923,0.88,13.6174,15.4416,2.0052,1.528,1.577,4.4583,5.1429,52659.35,46324.3,27527.1603,921538.625,810675.25
000915.SZ,20251014,32.31,1.4917,2.1844,1.04,14.6845,14.5268,2.723,3.5471,3.5206,7.7375,6.19,23433.1485,23417.9735,15991.5371,757125.028,756634.7238
000917.SZ,20251014,8.37,3.061,3.6729,0.82,123.6737,178.0057,1.1484,3.041,2.9142,0.2389,0.2389,141755.6338,141745.9363,118131.7383,1186494.6549,1186413.4868
000919.SZ,20251014,6.92,1.5106,2.4608,1.3,106.8074,116.8888,1.1633,1.3153,1.2801,1.4575,1.4451,62370.8628,59032.0187,36237.6348,431606.3706,408501.5694
000920.SZ,20251014,12.93,3.1813,6.0827,1.09,30.9131,27.1895,3.1745,3.5046,3.2438,1.338,1.1369,47262.1118,42197.75,22070.1104,611099.1056,545616.9075
000921.SZ,20251014,25.76,1.6206,3.9822,0.98,10.6557,10.4658,2.4936,0.3846,0.3818,3.9342,4.771,138486.1171,91812.2463,37364.77,3567402.3765,2365083.4647
000922.SZ,20251014,12.35,3.372,5.3011,0.81,33.465,40.172,1.9056,1.7519,1.7463,1.4023,0.8991,69498.5154,58729.1003,37357.3164,858306.6652,725304.3887
000923.SZ,20251014,18.04,6.0683,9.6407,0.82,20.7984,33.5681,1.1974,2.1095,2.2873,3.3259,2.7716,65272.8961,62790.1354,39522.7855,1177523.0456,1132734.0426
000925.SZ,20251014,7.74,2.8112,2.8112,1.07,214.9032,113.0204,1.5854,2.5868,2.4845,0.1918,,67636.9858,67324.4308,67324.4308,523510.2701,521091.0944
000926.SZ,20251014,2.55,2.8433,3.6073,1.0,,,0.4626,0.4638,0.5197,0.2797,,159296.4774,157320.9145,124000.5251,406206.0174,401168.332
000927.SZ,20251014,2.68,1.3502,4.3091,1.45,35.3198,32.2452,1.7101,0.4254,0.4573,0.3731,1.0075,605035.3641,605035.0581,189584.6918,1621494.7758,1621493.9557
000928.SZ,20251014,6.43,1.5975,3.1112,0.91,11.0445,10.9832,1.1087,0.5227,0.6022,4.1369,4.6501,143464.4621,143462.7071,73662.5166,922476.4913,922465.2067
000929.SZ,20251014,8.12,1.3171,1.7919,0.88,,,3.2122,7.1649,7.8425,0.0,,18576.6,18575.4223,13653.4694,150841.992,150832.4291
000930.SZ,20251014,6.04,0.9794,2.2142,1.21,446.2048,158.1636,1.0508,0.5592,0.5916,0.0,,185644.2396,185634.808,82111.4818,1121291.2072,1121234.2403
000931.SZ,20251014,5.22,1.0132,1.4801,0.68,73.3563,70.1883,2.416,1.5526,1.574,0.0,,75312.6982,75102.9532,51410.927,393132.2846,392037.4157
000932.SZ,20251014,6.26,1.1522,2.439,0.84,21.286,17.6619,0.7908,0.3001,0.3295,3.6741,1.5877,690863.2499,690854.6583,326356.5181,4324803.9444,4324750.161
000933.SZ,20251014,21.19,3.5953,5.3434,1.29,11.0671,12.137,2.1328,1.2421,1.1746,5.1917,3.7592,224935.0569,224765.5449,151234.8707,4766373.8557,4762781.8964
000935.SZ,20251014,21.35,1.4954,4.3884,0.94,52.684,50.215,2.1436,15.1685,13.3457,1.5872,,76344.0333,76344.0333,26015.3204,1629945.111,1629945.111
000936.SZ,20251014,7.37,3.0239,4.9266,1.07,55.6504,32.0133,1.2285,2.0022,1.9531,0.5427,0.5427,88601.2887,88588.7337,54375.7854,652991.4977,652898.9674
000937.SZ,20251014,6.09,0.8746,3.0898,1.79,17.8095,38.7819,1.1346,1.1488,1.3522,13.1363,13.1363,353354.685,343339.7227,97181.0359,2151930.0317,2090938.9112
000938.SZ,20251014,27.87,4.4847,7.3522,0.99,50.6924,49.4186,5.6496,1.0087,0.9007,0.5023,0.2691,286007.9874,286007.9874,174460.0354,7971042.6088,7971042.6088
000948.SZ,20251014,18.0,1.616,2.5103,1.15,60.6952,82.3125,2.6382,0.7426,0.6943,0.6733,0.5048,38988.8774,38912.8291,25049.7551,701799.7932,700430.9238
000949.SZ,20251014,4.22,3.4783,5.5649,0.61,29.2214,45.7586,1.0944,0.9742,0.9818,0.6927,0.6927,170032.9922,169987.3676,106248.7712,717539.2271,717346.6913
000950.SZ,20251014,5.24,1.3357,2.9557,1.46,31.9996,27.6788,0.7855,0.1124,0.1105,1.5267,1.145,172818.4696,172818.4696,78098.9493,905568.7807,905568.7807
000951.SZ,20251014,17.72,1.3823,2.8569,1.38,14.0699,13.6089,1.3408,0.4634,0.4459,4.2282,3.9081,117486.936,117486.936,56846.8984,2081868.5059,2081868.5059
000952.SZ,20251014,6.31,1.1822,1.5861,0.94,,,2.2174,3.4252,3.4913,0.0,,34675.0339,34399.6035,25640.397,218799.4639,217061.4981
000953.SZ,20251014,7.3,2.8821,4.3671,1.04,33.7237,33.2201,17.8661,12.6358,16.2959,0.0,,36612.2195,36612.2195,24162.8606,267269.2024,267269.2024
000955.SZ,20251014,5.43,3.3492,4.4935,0.8,,,4.5168,5.5901,5.9248,0.0,,53839.5,53799.2975,40099.4474,292348.485,292130.1854
000957.SZ,20251014,11.55,6.028,9.0031,2.14,27.4529,20.8217,2.2578,1.1943,0.9897,0.2944,0.6879,59290.3936,59290.3936,39698.1056,684804.0461,684804.0461
000958.SZ,20251014,6.49,0.6268,2.2274,0.7,33.4672,35.9121,1.7377,7.4939,7.6931,0.9707,1.0632,538341.852,538340.1645,151505.7318,3493838.6195,3493827.6676
000959.SZ,20251014,4.27,0.9271,4.6196,0.83,70.2912,45.1501,0.6614,0.3057,0.318,0.7062,0.5165,775496.737,650726.3647,130589.0145,3311371.067,2778601.5773
000960.SZ,20251014,23.66,4.9314,8.8281,1.2,26.9622,22.8215,2.008,0.9277,0.8792,1.0989,1.2257,164580.1952,164580.1952,91936.2186,3893967.4184,3893967.4184
000962.SZ,20251014,28.22,8.8159,14.9782,2.29,66.8185,57.9556,5.2569,11.1255,9.5957,0.1949,0.4678,50486.4268,50162.5524,29524.651,1424726.9643,1415587.2287
000963.SZ,20251014,39.33,0.6256,1.4953,0.92,19.6423,18.9995,2.9817,1.6462,1.6188,2.365,2.3647,175402.1048,175193.6228,73299.8071,6898564.7818,6890365.1847
000965.SZ,20251014,4.27,5.2168,10.745,1.57,281.3266,36.5726,0.8543,1.8725,1.9056,0.4684,0.2342,110983.0895,110983.0895,53883.4999,473897.7922,473897.7922
000966.SZ,20251014,4.44,0.8627,2.0619,1.31,21.6098,42.681,1.1432,0.8887,0.9624,0.6937,1.6216,348103.5016,326152.282,136454.6365,1545579.5471,1448116.1321
000967.SZ,20251014,6.97,0.936,2.9141,0.88,42.9854,42.8499,1.2965,1.6827,1.6537,1.7934,2.7116,316694.3903,316543.6203,101670.6903,2207359.9004,2206309.0335
000968.SZ,20251014,7.2,2.0921,4.8423,1.68,16.0349,15.6291,1.1335,3.0743,3.1405,2.3611,0.4167,96750.266,96750.266,41800.9892,696601.9152,696601.9152
000969.SZ,20251014,19.86,6.3919,9.9461,1.49,56.0351,74.7395,3.7513,2.7554,2.8329,0.4028,1.007,105071.8097,103319.3454,66398.1825,2086726.1406,2051922.1996
000970.SZ,20251014,14.69,7.3149,9.6963,1.47,1487.2868,139.1555,2.7644,2.6454,2.7976,0.3404,0.1348,121572.5773,121572.5773,91714.4624,1785901.1605,1785901.1605
000972.SZ,20251014,3.84,2.7905,4.3357,1.47,,,,9.6112,9.6173,0.0,,77128.3579,77128.3579,49641.076,296172.8943,296172.8943
000973.SZ,20251014,7.87,4.811,6.5677,0.59,63.6373,62.2733,2.6454,3.4172,3.4011,0.8513,0.4447,96742.3171,96742.3171,70866.2659,761362.0356,761362.0356
000975.SZ,20251014,23.81,2.252,3.4661,1.11,30.4235,24.5433,4.8709,4.8665,4.0495,1.176,1.533,277672.2265,252743.2441,164212.4499,6611375.713,6017816.642
000977.SZ,20251014,66.72,6.0709,8.9897,0.76,42.8582,39.3924,4.8085,0.8558,0.6424,0.1948,0.2398,147213.5122,147049.0271,99304.7206,9822085.534,9811111.0881
000978.SZ,20251014,6.23,3.0632,6.0669,0.81,,,2.7004,6.7561,6.746,0.0,,46813.0,46811.875,23635.2277,291644.99,291637.9813
000980.SZ,20251014,3.6,17.5014,24.8257,2.67,,,208.0587,32.5254,30.7951,0.0,,504254.7739,503138.8673,354697.8539,1815317.186,1811299.9223
000981.SZ,20251014,4.74,6.1082,10.5475,0.37,,,38.2159,9.5344,10.4314,0.0,,999747.0888,951335.6093,550936.5763,4738801.2009,4509330.7881
000983.SZ,20251014,7.3,2.4631,4.7139,1.41,13.3341,19.2263,1.1747,0.915,0.9921,10.9589,3.0137,567710.1059,464021.3529,242458.7911,4144283.7731,3387355.8762
000985.SZ,20251014,17.64,3.9501,10.8221,0.45,154.5644,144.3978,3.7585,1.1612,1.1661,0.102,0.3685,12963.95,12963.95,4731.89,228684.078,228684.078
000987.SZ,20251014,8.26,2.1201,8.3635,1.48,18.0652,14.61,1.3499,4.602,4.8385,2.0581,2.0506,501713.2462,501442.5174,127110.9409,4144151.4136,4141915.1937
000988.SZ,20251014,78.56,7.1883,8.8755,0.84,64.708,52.4159,7.5266,6.7462,5.5872,0.1909,0.2546,100550.2707,100498.5657,81394.0143,7899229.2662,7895167.3214
000989.SZ,20251014,9.73,1.7158,2.4402,0.83,38.521,53.5824,2.2861,3.512,4.2568,4.0658,3.0485,85594.2012,69415.3753,48807.3573,832831.5777,675411.6017
000990.SZ,20251014,7.41,1.2327,2.3085,1.18,39.0518,143.8811,0.5063,0.8137,0.7909,0.6748,0.6748,121523.7535,121523.6635,64890.8432,900491.0134,900490.3465
000993.SZ,20251014,10.21,1.9121,3.9187,1.2,27.6137,25.0072,1.811,7.7584,7.6025,1.9589,,45795.1455,43974.7572,21457.6007,467568.4356,448982.271
000995.SZ,20251014,13.96,3.9868,5.737,0.81,89.4074,93.7915,16.6786,14.366,15.0431,0.0,,17740.8,17740.8,12328.6009,247661.568,247661.568
000997.SZ,20251014,27.05,1.4459,2.0852,0.68,27.1455,25.4912,4.1826,3.7703,3.5405,2.0333,2.0272,101309.7915,100743.9381,69855.9941,2740429.8601,2725123.5256
000998.SZ,20251014,9.9,1.6917,2.0476,1.42,127.7593,,2.363,1.6984,1.7851,0.4526,0.404,146944.8061,131505.0546,108644.9034,1454753.5804,1301900.0405
000999.SZ,20251014,29.04,0.7106,1.9353,0.98,14.3502,17.355,2.2684,1.75,1.7065,5.7243,3.5077,166425.4363,166269.4003,61055.1324,4832994.6702,4828463.3847
001201.SZ,20251014,15.75,1.0189,2.4643,0.74,,85.0894,1.1981,2.6708,2.0511,0.0,,25778.4001,20313.4651,8398.995,406009.8016,319937.0753
001202.SZ,20251014,15.56,3.6635,7.543,0.91,31.797,31.3144,3.2711,2.4939,2.0618,1.4609,,16669.111,11682.3955,5673.971,259371.3672,181778.074
001203.SZ,20251014,12.87,1.5114,4.8453,0.76,25.8342,27.9546,3.0844,5.0506,5.0523,0.7661,2.2882,150802.3074,129028.9032,40247.6655,1940825.6962,1660601.9842
001205.SZ,20251014,16.0,1.5624,1.8249,0.94,21.9324,31.9141,1.4582,2.0059,1.9996,0.6743,0.7398,18800.3374,15950.2168,13655.7349,300805.3984,255203.4688
001207.SZ,20251014,23.74,2.4555,4.9925,1.65,18.8879,16.796,2.2608,2.2687,2.1278,2.3334,1.5556,21652.696,19726.0159,9701.9942,514035.003,468295.6175
001208.SZ,20251014,12.67,6.4687,7.5904,0.69,62.0893,60.4931,4.0905,1.6285,1.5394,0.3946,0.4893,53442.4,26339.7747,22447.375,677115.208,333724.9454
001209.SZ,20251014,17.61,4.6589,11.1124,0.38,28.8525,79.8799,1.8107,1.3048,1.2611,0.5552,1.1104,13152.272,9609.4636,4028.7859,231611.5099,169222.654
001210.SZ,20251014,17.47,7.9689,10.7474,2.01,56.2646,34.0426,2.0643,2.5544,2.4045,0.6758,1.6218,15681.2676,9529.9042,7066.1385,273951.745,166487.4264
001211.SZ,20251014,25.24,3.0013,5.1765,0.67,63.9367,71.4748,2.0974,1.3284,1.2536,0.0,0.8254,7200.0,6699.6575,3884.4502,181728.0,169099.3553
001212.SZ,20251014,54.86,4.312,6.2613,0.78,337.6432,1102.952,6.0201,19.3535,21.9074,0.1716,0.1233,18778.6956,16067.6056,11065.2731,1030199.2406,881468.8432
001213.SZ,20251014,4.23,0.366,2.1277,1.32,28.1917,34.0091,0.9831,1.6686,1.6232,1.3712,1.4421,444444.4444,444444.4444,76444.4444,1879999.9998,1879999.9998
001215.SZ,20251014,38.4,7.2451,12.3232,1.73,44.5792,62.0227,2.0084,1.9969,2.0039,0.4984,,9716.0446,9678.2913,5690.0913,373096.1126,371646.3859
001216.SZ,20251014,15.7,1.5649,5.1442,0.77,19.2871,17.4714,2.269,2.9515,2.6619,1.6561,2.5478,25186.67,24602.3949,7484.3615,395430.719,386257.5999
001217.SZ,20251014,12.26,2.0196,5.4709,0.89,46.3711,88.4986,1.8038,2.4793,2.2357,0.8157,0.8157,33187.0,32858.3022,12129.9102,406872.62,402842.785
001218.SZ,20251014,20.78,1.5189,1.902,0.79,24.7908,24.1338,1.2255,0.7413,0.6475,3.1636,2.4543,13017.826,9290.717,7419.617,270510.4243,193061.0993
001219.SZ,20251014,13.96,1.3904,2.6725,1.09,27.9243,26.6433,2.6328,5.1762,5.0391,1.6531,2.149,19498.375,18996.2298,9882.7393,272197.315,265187.368
001221.SZ,20251014,66.3,12.967,12.967,0.84,49.9099,44.2194,10.5142,9.2834,8.4953,,,40001.0,3492.4646,3492.4646,2652066.3,231550.403
001222.SZ,20251014,23.1,3.0911,5.1509,0.77,26.8416,26.7972,3.2155,3.3661,2.8308,0.8544,0.6408,19089.0,10740.99,6445.776,440955.9,248116.869
001223.SZ,20251014,50.46,5.8692,5.8692,1.26,137.3821,80.6424,2.4465,10.8419,6.9721,1.1324,0.2123,9335.2,2335.2,2335.2,471054.192,117834.192
001225.SZ,20251014,52.2,10.5678,13.7525,1.43,59.7576,72.8087,2.4774,13.7084,13.6789,2.351,2.2983,6586.68,2103.8773,1616.68,343824.696,109822.3951
001226.SZ,20251014,39.08,10.0302,18.2299,0.78,144.0513,141.8774,4.0268,4.853,4.618,0.0,1.0235,7466.67,3392.67,1866.67,291797.4636,132585.5436
001227.SZ,20251014,2.41,1.4411,1.6212,1.44,7.2712,7.2399,0.4521,1.7478,1.7645,4.1494,4.1924,569569.7168,421313.4087,374503.8787,1372663.0175,1015365.315
001228.SZ,20251014,23.56,1.2288,1.6546,0.97,27.8782,30.5928,1.4666,0.6276,0.5704,4.01,2.715,10386.4609,7986.4609,5931.4609,244705.0188,188161.0188
001229.SZ,20251014,34.77,5.3249,9.5394,1.02,43.457,50.4423,3.6529,17.6687,17.0947,1.7256,1.7256,10000.0,5267.9431,2940.5909,347700.0,183166.3816
001230.SZ,20251014,22.47,2.8462,2.8462,0.73,21.4397,20.0835,1.5941,1.9599,1.9434,1.2825,1.4058,13422.6057,5307.7674,5307.7674,301605.9501,119265.5335
001231.SZ,20251014,20.7,2.2647,3.4473,0.62,34.5433,32.3348,2.0817,3.1882,2.9474,0.6191,0.7229,10000.0,4990.5,3278.5,207000.0,103303.35
001234.SZ,20251014,26.6,5.963,18.1185,0.73,41.3527,61.4967,3.2132,3.2068,3.4927,2.6256,1.1278,10941.37,9152.05,3012.05,291040.442,243444.53
001236.SZ,20251014,10.91,1.5187,4.2885,0.88,368.6308,819.2968,5.9,3.8233,5.0671,0.0367,0.0917,100777.7778,75807.7778,26845.3722,1099485.5558,827062.8558
001238.SZ,20251014,49.1,0.3818,1.2272,0.75,,476.2952,4.6829,4.3668,3.5363,0.1426,,11000.0,10366.7094,3225.2469,540100.0,509005.4315
001239.SZ,20251014,17.44,9.7779,11.5105,2.39,52.9286,39.8915,3.0672,4.9278,2.6891,0.0,,24000.0,11400.0,9684.0513,418560.0,198816.0
001255.SZ,20251014,32.55,2.2528,7.12,1.32,199.8682,126.2854,3.6194,7.7576,6.6673,0.2593,0.1188,8128.4,7855.6,2485.6,264579.42,255699.78
001256.SZ,20251014,22.37,5.9484,5.9484,1.45,35.3748,38.3729,2.714,6.5208,6.3057,0.8786,0.8893,14261.2558,4094.288,4094.288,319024.2922,91589.2226
001258.SZ,20251014,7.45,2.5513,7.6637,0.75,138.5622,,2.3896,7.1634,7.406,1.0738,0.2282,93333.3334,93333.1084,31070.6584,695333.3338,695331.6576
001259.SZ,20251014,25.6,1.5076,3.2687,0.82,173.9152,,2.6348,4.9393,4.9331,1.5488,0.6174,7358.8888,4754.4499,2192.8888,188387.5533,121713.9174
001260.SZ,20251014,19.76,4.5112,4.5112,0.98,47.0551,48.2412,2.8041,3.7913,3.8502,0.6326,0.6377,11500.0,3175.0,3175.0,227240.0,62738.0
001266.SZ,20251014,27.4,2.4814,4.0384,0.98,162.6956,91.9115,2.9869,3.6297,3.7341,0.729,1.0909,10316.976,5768.5962,3544.4862,282685.1424,158059.5359
001267.SZ,20251014,14.47,6.6535,10.2638,1.19,173.7615,126.2763,7.2449,19.3293,11.1882,0.2748,0.3455,78416.4678,57586.1323,37330.26,1134686.2891,833271.3344
001268.SZ,20251014,30.0,2.6933,3.6535,0.68,45.3117,36.2947,3.1791,4.3088,3.9003,0.8309,1.486,10793.3334,6293.3334,4639.3334,323800.002,188800.002
001269.SZ,20251014,26.4,1.6718,5.6805,1.36,,,5.7297,5.3666,8.4504,4.5451,,19241.1494,19241.1494,5662.7655,507966.3442,507966.3442
001270.SZ,20251014,46.41,2.6313,4.9859,1.69,,192.0913,6.8178,45.22,28.058,0.3273,,20611.4901,20349.9561,10739.8291,956579.2555,944441.4626
001277.SZ,20251014,38.12,1.5037,2.1205,0.77,20.6459,28.4694,1.9166,2.4826,2.6336,,1.4526,7600.0,4538.2821,3218.2842,289712.0,172999.3137
001278.SZ,20251014,18.6,5.9638,5.9638,1.59,75.4324,,1.8121,1.0538,1.1036,0.5376,0.5376,12373.34,5053.4501,5053.4501,230144.124,93994.1719
001279.SZ,20251014,38.15,2.1642,2.1642,0.94,74.1531,89.8327,6.1534,4.1264,4.2344,,0.3277,16000.0,4000.0,4000.0,610400.0,152600.0
001282.SZ,20251014,22.87,24.71,34.5116,1.75,34.7326,34.1115,3.1774,3.2525,3.152,1.0552,0.6246,22218.56,7816.48,5596.516,508138.4672,178762.8976
001283.SZ,20251014,72.01,5.1981,5.3594,0.59,78.8668,44.8327,2.3257,1.4088,1.2955,0.5306,0.4963,9994.3067,7974.2717,7734.2717,719690.0255,574227.3051
001285.SZ,20251014,55.43,27.0424,27.0424,,37.1111,34.3763,2.7764,5.0508,4.6436,,,18017.8184,4062.3291,4062.3291,998727.6739,225174.902
001286.SZ,20251014,9.24,1.7833,2.7416,1.5,11.5166,12.3686,1.3873,1.4963,1.5439,3.8961,4.4372,375000.0,105000.0,68298.5948,3465000.0,970200.0
001287.SZ,20251014,22.9,13.3275,18.5047,1.37,73.4106,56.4463,3.2771,0.3578,0.3029,0.3712,0.4891,75990.0097,43739.4498,31502.0745,1740171.2221,1001633.4004
001288.SZ,20251014,24.66,1.7212,3.0297,0.82,36.8241,34.1319,2.6856,3.7718,3.1771,0.6831,0.7243,23492.1643,15151.4008,8607.4485,579316.7716,373633.5437
001289.SZ,20251014,18.14,0.1567,5.9268,1.03,23.8992,25.7343,2.0267,4.0909,4.4808,1.2266,1.2558,835981.6164,504193.4164,13333.6023,15164706.5215,9146068.5735
001296.SZ,20251014,22.96,4.8143,6.9158,1.15,28.3301,27.5324,1.9761,3.2832,3.138,1.2442,1.7027,14959.1086,7685.1339,5349.9238,343461.1335,176450.6743
001298.SZ,20251014,32.42,6.5784,6.5784,0.69,319.2561,218.1974,6.0426,1.3304,1.2381,0.2936,0.1276,29683.5996,15408.4852,15408.4852,962342.299,499543.0902
001299.SZ,20251014,12.28,3.9392,3.9392,0.88,34.1313,30.0253,2.5492,4.4792,4.0967,1.88,6.1287,24263.8606,6543.0072,6543.0072,297960.2082,80348.1284
001300.SZ,20251014,15.34,9.3082,9.4913,0.79,167.9235,310.3931,3.5628,6.7764,7.0537,0.0,0.0648,24377.5914,6621.9087,6494.103,373952.2521,101580.0795
001301.SZ,20251014,77.8,5.1293,5.8325,0.71,24.2035,21.1158,3.1087,3.8802,3.1103,1.0279,1.0241,26080.235,16145.3475,14198.8975,2029042.283,1256108.0355
001306.SZ,20251014,91.13,8.3865,8.3865,0.97,92.2682,121.1838,4.2024,8.6063,7.6017,0.8736,0.3518,6285.06,1550.0,1550.0,572757.5178,141251.5
001308.SZ,20251014,22.01,0.7627,4.1045,1.19,18.5735,19.1398,1.936,0.9932,0.9723,2.6611,0.8146,70332.9861,49632.2181,9222.6877,1548029.0241,1092405.1204
001309.SZ,20251014,174.98,16.5572,20.1185,1.35,113.251,,16.8536,8.3185,5.9206,0.0371,0.1222,22688.6272,16038.1903,13199.1324,3970055.9875,2806362.5387
001311.SZ,20251014,24.05,4.2977,4.2977,0.63,17.5742,20.5543,1.6395,2.079,1.9685,2.0175,2.143,31050.9334,7884.6669,7884.5824,746774.9483,189626.2389
001313.SZ,20251014,7.12,0.7487,2.401,1.12,,,1.9899,0.8431,0.8017,0.6917,1.58,70000.0,69912.5851,21801.5851,498400.0,497777.6059
001316.SZ,20251014,32.79,2.3665,7.564,1.6,42.6465,31.0752,3.1524,4.1516,3.9395,1.4046,1.8564,11513.46,11153.9435,3489.6015,377526.3534,365737.8074
001317.SZ,20251014,48.77,19.1653,19.1653,2.02,465.1404,,4.6585,3.3799,2.7857,0.2403,0.2003,8194.9137,3128.8419,3128.8419,399665.9411,152593.6195
001318.SZ,20251014,14.07,1.9127,7.024,1.44,34.7142,33.3829,2.8119,7.6567,7.93,1.1372,1.2793,28266.0,28266.0,7697.16,397702.62,397702.62
001319.SZ,20251014,24.76,4.7369,6.2448,0.83,31.1887,28.2783,2.6976,3.6257,3.4158,1.5347,1.5751,14140.0,8200.0075,6220.01,350106.4,203032.1857
001322.SZ,20251014,8.32,3.2089,3.2089,1.25,120.5213,140.655,1.708,1.1283,1.1695,1.585,1.5634,96716.296,16561.28,16561.28,804679.5827,137789.8496
001323.SZ,20251014,27.88,1.3489,1.4577,0.78,15.8082,16.1328,2.9009,2.165,2.2252,5.7217,1.6052,43508.0764,8969.4954,8299.8264,1213005.17,250069.5318
001324.SZ,20251014,19.96,3.6234,5.0318,1.2,45.7707,44.5931,2.4289,5.9824,5.6949,0.4958,0.6629,13800.0,8165.36,5879.76,275448.0,162980.5856
001326.SZ,20251014,50.74,9.3516,10.7587,0.8,36.6561,90.3274,3.0485,2.5254,2.53,2.9168,0.5518,7320.0,2410.3329,2095.0774,371416.8,122300.2913
001328.SZ,20251014,38.11,4.5724,4.5724,0.91,40.7096,37.7277,4.6519,4.2059,3.8625,1.7056,1.968,17217.38,4304.35,4304.35,656154.3518,164038.7785
001330.SZ,20251014,5.39,3.7856,4.5597,0.77,,,1.7507,5.0693,4.9587,0.0,,137451.8984,106548.6979,88460.6163,740865.7324,574297.4817
001331.SZ,20251014,14.98,11.4629,27.2725,1.65,,,2.8138,0.7906,0.7057,0.3974,,28224.0,16787.5679,7056.0,422795.52,251477.7671
001332.SZ,20251014,66.48,12.1761,21.3082,1.63,28.7869,29.1077,2.9714,4.7892,4.9281,1.4839,1.4975,11049.0,4725.0,2700.0,734537.52,314118.0
001333.SZ,20251014,25.68,15.9776,15.9776,2.29,22.453,24.8163,1.9507,1.9067,1.953,1.4019,1.4019,12800.0,4400.0,4400.0,328704.0,112992.0
001335.SZ,20251014,37.25,4.4164,4.4164,1.09,31.4662,29.2256,3.6763,2.465,2.4093,,0.4027,9373.956,2296.3621,2296.3621,349179.861,85539.4882
001336.SZ,20251014,23.08,2.9069,4.6198,1.07,65.4743,80.9967,2.3609,4.6174,5.7001,0.5601,0.6457,8037.35,4658.316,2931.108,185502.038,107513.9333
001337.SZ,20251014,29.81,13.7077,24.1455,1.55,50.446,39.591,7.9579,19.5679,18.2261,1.1741,0.8386,42000.0,28845.6,16376.02,1252020.0,859887.336
001338.SZ,20251014,11.45,1.9983,1.9983,1.27,19.1877,19.0851,1.5788,1.3416,1.3245,0.917,2.6201,50173.0834,23595.4481,23595.4481,574481.8049,270167.8807
001339.SZ,20251014,53.74,4.3034,6.8197,0.93,108.4524,79.6231,6.1142,3.3584,3.1564,0.2218,0.1479,25210.551,11924.9227,7524.9227,1354815.0107,640845.3459
001356.SZ,20251014,14.5,4.4756,4.4756,0.92,38.8237,48.3141,4.1769,3.7663,3.9095,,0.2621,58932.0,12523.05,12523.05,854514.0,181584.225
001358.SZ,20251014,30.74,2.317,2.5185,0.66,46.6688,52.7342,2.6757,8.0898,8.0893,2.7884,1.5953,12320.0,5097.6308,4689.6968,378716.8,156701.1708
001359.SZ,20251014,47.97,5.5766,5.5766,0.98,40.9153,35.7974,4.6624,8.4185,7.8281,0.5629,0.7505,18550.3165,4638.0,4638.0,889858.6825,222484.86
001360.SZ,20251014,16.13,7.8351,8.5538,1.06,55.647,67.7723,2.3478,4.2334,4.4324,1.3793,0.9195,20400.0,8178.1146,7490.9424,329052.0,131912.9885
001366.SZ,20251014,12.5,4.5382,4.5382,1.11,,,2.517,1.975,1.7193,0.96,,16068.0,5568.0,5568.0,200850.0,69600.0
001367.SZ,20251014,24.13,4.4346,4.4346,0.86,29.9123,29.255,2.6216,7.775,7.2888,0.9274,0.476,15192.644,3870.8913,3870.8913,366598.4997,93404.6071
001368.SZ,20251014,24.21,2.9481,2.9481,0.9,26.7525,28.7816,1.9553,2.8372,2.6276,5.9909,3.307,11383.6944,3208.6099,3208.6099,275599.2414,77680.4457
001373.SZ,20251014,29.84,3.0323,3.9281,0.82,167.0582,,2.3392,3.2027,3.5271,0.8043,0.3351,6868.6888,3313.1732,2557.6255,204961.6738,98865.0883
001376.SZ,20251014,12.69,3.5878,3.5878,1.11,30.5854,31.8876,5.156,5.1646,5.3932,1.182,1.179,46090.0,21375.2813,21375.2813,584882.1,271252.3197
001378.SZ,20251014,22.43,1.7799,1.7799,1.32,32.1403,38.1512,1.5982,1.9663,1.9914,2.8979,2.8979,13333.36,6575.9216,6575.9216,299067.2648,147497.9215
001379.SZ,20251014,20.93,3.5084,3.5938,0.69,54.6262,55.078,2.8265,2.3177,2.1592,0.86,0.7262,20000.0,6729.9,6569.9,418600.0,140856.807
001380.SZ,20251014,26.49,3.8827,4.7216,0.74,31.689,26.3697,4.0453,3.8566,3.4314,0.5389,0.7652,27085.4208,8800.3853,7236.7887,717492.797,233122.2066
001382.SZ,20251014,21.54,10.0136,10.0136,1.01,65.7954,65.91,5.6568,3.1318,2.7954,,1.1606,41200.0,6200.0,6200.0,887448.0,133548.0
001387.SZ,20251014,13.39,1.7289,2.309,1.03,24.0098,24.9896,1.9872,1.2596,1.2837,1.953,1.4765,18303.84,11391.0333,8529.0383,245088.4176,152525.9359
001388.SZ,20251014,46.57,4.0776,4.0776,1.01,50.882,49.9097,5.288,7.2283,6.926,,1.2884,15600.0,3057.2689,3057.2689,726492.0,142377.0127
001389.SZ,20251014,71.6,3.7123,3.7123,1.01,45.033,35.8917,8.9723,8.1533,6.8367,0.3468,0.6704,42523.5,15024.208,15024.208,3044682.6,1075733.2928
001390.SZ,20251014,25.29,7.3022,7.3022,1.76,30.0726,29.7598,3.2497,5.2321,5.0967,,,20000.0,4899.8847,4899.8847,505800.0,123918.0841
001391.SZ,20251014,6.55,1.9388,1.9388,1.05,40.9409,31.6429,3.2368,3.885,3.5463,,0.9924,1220888.1225,85876.526,85876.526,7996817.2024,562491.2453
001395.SZ,20251014,48.8,5.8713,5.8713,0.79,27.5282,24.8495,3.8404,4.9227,5.332,,1.2705,8724.0,1968.7359,1968.7359,425731.2,96074.3119
001400.SZ,20251014,64.55,10.8154,10.8154,1.67,25.0078,32.0568,3.19,3.4079,3.67,,1.2393,6000.0,1500.0,1500.0,387300.0,96825.0
001696.SZ,20251014,24.93,5.0708,6.4814,1.2,61.8735,41.6665,5.4486,2.7491,2.3217,1.0028,0.8022,114502.692,89139.8225,69739.6425,2854552.1116,2222255.7749
001872.SZ,20251014,20.84,0.3049,2.5583,1.26,11.4518,11.2529,0.832,3.2063,3.1111,2.8048,3.5578,248174.7585,172514.2618,20561.597,5171961.9671,3595197.2159
001896.SZ,20251014,5.91,3.4285,8.987,0.97,,365.4406,2.7812,0.7418,0.7978,0.0,,152578.133,152578.133,58208.0646,901736.766,901736.766
001914.SZ,20251014,11.51,0.8147,2.1713,0.65,14.5206,13.8806,1.1759,0.7107,0.6618,1.477,2.0832,106034.606,106034.166,39786.3407,1220458.3151,1220453.2507
001965.SZ,20251014,10.26,0.4883,2.3355,1.67,13.148,13.6743,1.0731,5.5052,5.6478,5.1754,4.0534,682033.7394,682033.7394,142597.572,6997666.1662,6997666.1662
001979.SZ,20251014,10.27,1.0968,2.8057,1.13,23.0415,22.8665,0.9461,0.52,0.5194,3.1159,1.8805,906083.6177,845841.804,330643.4188,9305478.7538,8686795.3271
002001.SZ,20251014,23.78,0.9436,1.9134,0.91,12.4538,10.0565,2.3974,3.3821,3.1963,1.8923,2.9428,307342.168,303686.1928,149762.9497,7308596.755,7221657.6648
002003.SZ,20251014,10.52,0.7133,1.0561,0.77,17.5584,18.8085,2.7993,2.6306,2.6076,6.1805,2.8517,116888.9653,101661.4037,68664.6475,1229671.915,1069477.9669
002004.SZ,20251014,4.53,1.0244,1.351,1.01,,,0.9589,0.7689,0.7674,4.8479,4.3993,197991.9191,188161.9429,142683.5729,896903.3935,852373.6013
002005.SZ,20251014,2.36,0.7906,1.2656,1.27,,,15.3723,5.6088,5.8255,0.0,,175242.4858,175199.3158,109452.0915,413572.2665,413470.3853
002006.SZ,20251014,20.31,4.5999,6.2381,0.9,71.8423,65.0796,4.4571,6.1069,5.7755,0.6361,0.7384,51979.344,51979.344,38329.104,1055700.4766,1055700.4766
002007.SZ,20251014,16.25,1.1378,1.8319,1.12,27.298,25.5228,2.472,6.7812,6.5631,1.8475,1.2308,182745.6666,157370.2879,97742.3394,2969617.0823,2557267.1784
002008.SZ,20251014,35.29,4.4582,5.533,1.13,21.4503,37.9615,2.3113,2.4598,2.2668,0.5724,0.9918,102960.3408,95672.4021,77087.0831,3633470.4268,3376279.0701
002009.SZ,20251014,15.99,4.4318,5.3691,0.81,,,3.2274,2.1727,2.2211,0.1251,0.1251,40223.3207,35412.2569,29230.6521,643170.898,566241.9878
002010.SZ,20251014,6.18,1.5247,3.6646,0.94,113.6097,46.3623,0.9531,0.6453,0.6626,1.6042,1.6042,278797.0508,278097.9606,115710.4221,1722965.7739,1718645.3965
002011.SZ,20251014,13.51,2.5316,4.0794,0.75,13.7757,13.0121,2.3655,1.1353,1.102,0.0,,106543.6182,91938.5442,57055.6526,1439404.2819,1242089.7321
002012.SZ,20251014,5.49,2.0213,2.5898,0.81,447.1975,909.4627,1.671,4.3475,4.344,0.5647,0.0729,46762.547,46679.1373,36432.3456,256726.383,256268.4638
002014.SZ,20251014,11.31,0.4939,1.4149,0.95,14.8097,14.7122,3.1186,1.9649,1.9132,4.863,7.9576,61249.1866,60451.7085,21102.8309,692728.3004,683708.8231
002015.SZ,20251014,11.15,2.081,4.004,1.06,37.0111,30.2896,1.4959,1.8476,1.7213,1.1358,0.8737,162332.4614,162332.4614,84370.7172,1810006.9446,1810006.9446
002016.SZ,20251014,6.04,1.9971,5.028,1.13,130.6151,193.6971,1.02,4.9811,4.723,0.8278,0.1656,80909.5632,80909.5632,32137.2958,488693.7617,488693.7617
002017.SZ,20251014,25.28,8.5126,15.266,2.19,77.3053,76.8317,8.4389,10.5973,11.2558,0.5934,0.6487,58043.1909,58008.5882,32346.4733,1467331.866,1466457.1097
002019.SZ,20251014,13.69,1.2694,1.5421,0.9,43.1445,38.1592,1.8985,3.2273,3.2254,0.7305,0.7305,121639.0085,84147.408,69267.2503,1665238.0264,1151978.0155
002020.SZ,20251014,18.35,2.9289,3.8957,1.42,22.1921,22.6451,2.8919,3.7994,3.9253,1.6349,1.8029,86102.914,72396.8335,54430.2753,1579988.4719,1328481.8947
002021.SZ,20251014,2.98,6.0957,7.5895,0.63,201.4468,263.9693,5.6209,3.8947,4.0439,0.0,,119547.7323,119543.7891,96014.3204,356252.2423,356240.4915
002022.SZ,20251014,6.36,1.2166,1.4953,1.09,,,1.0214,1.8595,1.9895,0.0,,51434.8244,51425.0744,41838.7706,327125.4832,327063.4732
002023.SZ,20251014,12.29,2.9015,3.7956,0.8,128.4544,104.0506,2.0949,6.9005,6.4735,0.4068,,74086.0235,74086.0235,56634.6254,910517.2288,910517.2288
002024.SZ,20251014,1.72,0.1783,0.5046,0.84,26.0975,24.7233,1.2762,0.2806,0.28,0.0,,926476.7618,925444.1318,327062.7251,1593540.0303,1591763.9067
002025.SZ,20251014,47.0,1.8585,3.1568,1.34,61.6695,439.7778,3.3193,4.2598,4.2483,0.8111,0.4894,45542.5988,45386.3583,26719.3828,2140502.1436,2133158.8401
002026.SZ,20251014,15.79,8.9396,13.4972,1.08,23.1846,22.1899,1.9089,3.1321,3.3852,1.153,0.8911,44053.1939,42299.3749,28016.1323,695599.9317,667907.1297
002027.SZ,20251014,7.71,0.8792,1.3046,0.98,21.5986,20.9038,6.8111,9.0808,8.9746,5.5772,2.9831,1444219.9726,1444219.9726,973320.6673,11134935.9887,11134935.9887
002028.SZ,20251014,102.83,2.5491,2.8132,1.82,39.0633,32.6092,5.984,5.1781,4.4997,0.3868,0.4861,77840.5282,60678.7461,54983.0495,8004341.5148,6239595.4615
002029.SZ,20251014,8.94,9.8514,16.6751,1.07,22.1505,24.3743,0.9596,2.0072,2.0642,1.3423,1.0693,70502.3537,66540.5959,39311.2659,630291.0421,594872.9273
002030.SZ,20251014,6.36,1.0401,1.5213,0.95,,,1.1592,10.4638,11.2812,0.2358,,140344.6032,140344.6032,95953.7128,892591.6764,892591.6764
002031.SZ,20251014,7.85,3.8139,4.176,0.81,,,7.9896,17.5734,20.3724,0.0,,219939.567,193875.3591,177061.6991,1726525.601,1521921.5689
002032.SZ,20251014,48.56,0.3855,2.308,1.75,17.3379,17.3432,7.6026,1.7351,1.6963,5.5906,5.753,80135.9733,80036.7621,13368.5717,3891402.8634,3886585.1676
002033.SZ,20251014,8.51,2.5251,4.6102,0.85,22.1755,24.2211,1.9164,5.7841,5.8355,4.1128,4.1128,54949.0711,54948.0181,30096.1546,467616.5951,467607.634
002034.SZ,20251014,17.14,1.7283,3.7577,1.72,13.2624,12.8278,1.0976,2.3443,2.2648,2.887,1.7173,43398.4982,43183.1194,19861.7302,743850.2591,740158.6665
002035.SZ,20251014,6.35,1.3804,1.7233,1.29,11.1052,11.7743,1.4157,0.8448,0.8866,4.6319,4.6319,84765.3618,78001.8017,62480.9142,538260.0474,495311.4408
002036.SZ,20251014,10.23,5.9068,6.4693,1.02,,,5.1057,1.0573,1.1369,0.0,,105537.1685,105338.1404,96179.7092,1079645.2338,1077609.1763
002037.SZ,20251014,10.82,2.0439,3.6825,1.11,133.3346,167.2871,2.7364,0.8094,0.7389,0.0,,48388.3566,48388.3566,26857.6012,523562.0184,523562.0184
002038.SZ,20251014,7.17,1.5165,2.0375,1.06,,423.5205,1.2985,11.1537,12.8505,2.0921,0.2789,102735.0,85191.3469,63407.1922,736609.95,610821.9573
002039.SZ,20251014,17.95,4.9026,7.9425,2.11,35.1707,36.1743,1.9301,3.9707,3.9487,1.6156,0.8914,42755.8126,42755.6926,26391.3981,767466.8362,767464.6822
002040.SZ,20251014,12.5,18.8082,57.7233,2.97,39.852,38.0529,1.8377,6.1992,6.0329,0.8206,0.76,48794.6985,48594.0145,15833.5474,609933.7313,607425.1813
002041.SZ,20251014,9.62,1.7687,4.4844,1.7,149.5012,217.052,2.3488,6.7961,7.012,0.3742,0.3015,88000.0,88000.0,34708.0741,846560.0,846560.0
002042.SZ,20251014,4.99,2.7493,4.7325,1.03,,,1.4798,0.7886,0.8326,0.5864,0.5864,170068.1355,170068.1355,98799.3593,848639.9961,848639.9961
002043.SZ,20251014,12.35,4.4686,7.2955,2.42,17.5094,16.8276,3.5927,1.1152,1.1495,6.6912,4.8032,82975.448,73612.1755,45088.2561,1024746.7828,909110.3674
002044.SZ,20251014,5.2,2.0522,2.7133,0.72,72.1169,73.5731,2.6627,1.9019,1.9191,0.3654,0.2596,391425.3923,387422.7627,293024.4705,2035412.04,2014598.366
002045.SZ,20251014,16.82,8.2297,10.9742,0.63,37.3985,44.5236,2.1105,1.1974,1.0821,0.0,,56248.3132,56183.2882,42132.8137,946096.628,945002.9075
002046.SZ,20251014,27.37,6.6837,13.2701,1.19,52.4568,53.0255,3.4171,5.523,4.9244,0.7208,0.7673,53626.6835,52878.6812,26633.4154,1467762.3274,1447289.5044
002047.SZ,20251014,2.19,0.5542,0.8386,0.97,,,,1.5724,2.7479,0.0,,151624.8693,151617.1712,100200.6312,332058.4638,332041.6049
002048.SZ,20251014,33.0,7.6622,12.3575,1.38,28.1809,572.8236,2.4655,1.0202,0.9729,1.9152,1.4193,81383.3122,70980.1383,44010.8253,2685649.3026,2342344.5639
002049.SZ,20251014,83.89,5.008,6.768,0.97,60.4374,62.8677,5.6113,12.933,12.5363,0.8045,0.2484,84962.4032,84947.2307,62857.0981,7127496.0044,7126223.1834
002050.SZ,20251014,40.16,6.2218,11.1185,0.89,54.5406,45.7508,5.5711,6.0482,5.5358,0.8671,0.871,420892.5935,368432.3533,206170.5217,16903046.555,14796243.3085
002051.SZ,20251014,8.42,0.9989,2.7477,1.5,28.837,39.0847,0.9058,0.8535,0.9063,1.4846,1.4846,123740.8937,123733.7717,44983.8396,1041898.325,1041838.3577
002052.SZ,20251014,16.67,10.9043,15.4898,1.36,180.1935,40.6237,41.3165,20.9247,11.8018,0.0,,75243.9694,68938.7155,48530.6703,1254316.9699,1149208.3874
002053.SZ,20251014,12.53,1.6344,6.1416,1.29,17.0905,27.6034,1.5507,3.341,3.611,1.2769,2.6337,92072.9464,92072.2939,24501.7245,1153674.0184,1153665.8426
002054.SZ,20251014,6.82,2.2482,2.7833,0.64,53.9122,48.3952,1.3326,1.0759,1.0836,1.0117,1.0053,48211.5452,38437.5669,31048.2149,328802.7383,262144.2063
002055.SZ,20251014,7.19,5.6551,6.1591,0.89,,,3.0863,0.8394,0.9417,0.0,,60449.0017,59399.0017,54538.5051,434628.3222,427078.8222
002056.SZ,20251014,21.38,6.1026,12.3647,1.4,19.0385,15.7515,3.5414,1.874,1.6619,1.8081,3.8317,162671.2074,162503.1609,80203.1609,3477910.4142,3474317.58
002057.SZ,20251014,11.31,7.1091,10.6251,1.33,49.4977,39.3884,2.6955,3.1458,2.9099,2.0561,1.5412,75388.3706,75342.4916,50410.3655,852642.4715,852123.58
002058.SZ,20251014,29.14,5.4706,10.3084,1.0,,24.9467,13.7721,25.7176,29.0327,0.0,,14344.8332,14311.7781,7595.1925,418008.4394,417045.2138
002059.SZ,20251014,5.53,4.1474,9.6685,0.69,,,4.2275,10.0511,15.0186,0.0,,101243.4813,98304.6058,42168.4152,559876.4516,543624.4701
002060.SZ,20251014,3.82,3.2265,4.5259,0.96,12.2772,13.5187,1.0562,0.2099,0.2016,4.0576,3.6649,375439.3242,156281.466,111412.052,1434178.2184,596995.2001
002061.SZ,20251014,4.29,1.581,3.2709,0.85,8.7454,8.5308,0.7359,0.2398,0.2388,2.8358,2.9138,267055.143,259913.79,125625.4731,1145666.5635,1115030.1591
002062.SZ,20251014,9.71,3.4934,5.5086,0.58,42.4633,50.2759,2.421,2.0283,2.0755,0.9073,1.0195,123727.0889,112469.4023,71324.6836,1201390.0332,1092077.8963
002063.SZ,20251014,6.47,4.0817,5.3549,1.52,42.0803,39.5199,3.3386,5.1393,5.1174,0.4019,0.4637,190509.6,175875.3234,134059.4599,1232597.112,1137913.3424
002064.SZ,20251014,8.74,0.6729,2.0285,0.83,19.5376,25.7384,1.623,1.6105,1.7127,1.7162,1.7162,496254.3897,494857.5572,164158.2445,4337263.366,4325055.0499
002065.SZ,20251014,10.5,4.1075,5.8077,0.78,67.3546,74.1283,2.7831,2.5264,2.5456,0.4762,0.4762,320548.2375,290792.1649,205662.2024,3365756.4938,3053317.7315
002066.SZ,20251014,15.7,3.9926,6.6687,0.87,64.6757,87.4975,5.0744,0.8475,0.9055,0.6263,0.9395,23490.7,23100.0,13830.2535,368803.99,362670.0
002067.SZ,20251014,6.36,20.0673,20.7885,0.96,126.8435,115.0137,1.4214,1.6497,1.6635,0.3248,,142129.4023,128404.4023,123949.4023,903942.9986,816651.9986
002068.SZ,20251014,10.04,5.0454,9.6406,1.19,293.7319,,2.6545,0.7287,0.776,0.0,,73534.5196,73500.5821,38466.7084,738286.5768,737945.8443
002069.SZ,20251014,4.0,1.7816,3.0849,1.24,,281.2273,44.8319,1.7974,1.8042,0.0,,71111.2194,71021.6194,41017.2164,284444.8776,284086.4776
002072.SZ,20251014,7.23,1.2256,1.9055,0.84,,,85.6885,4.2391,4.7621,0.0,,36768.0,29663.72,19078.5687,265832.64,214468.6956
002073.SZ,20251014,8.53,3.4337,4.0235,0.74,17.1842,18.8925,1.4589,1.2117,1.1103,1.1661,1.7583,101972.5723,99135.7273,84604.8787,869826.0417,845627.7539
002074.SZ,20251014,40.98,4.8451,8.0193,0.71,61.5889,57.073,2.8303,2.1001,1.9564,0.2381,0.241,181368.5299,173576.3869,104871.6045,7432482.3553,7113160.3352
002075.SZ,20251014,5.62,1.7765,2.4267,1.11,75.8339,57.5832,1.8951,0.8552,0.9076,1.3345,0.8897,219382.5445,219382.192,160595.0194,1232929.9001,1232927.919
002076.SZ,20251014,1.86,1.5657,1.7825,0.78,,,7.1238,10.7506,9.606,0.0,,110912.4491,104227.4232,91551.0584,206297.1553,193863.0072
002077.SZ,20251014,15.69,4.3822,8.6277,0.72,385.3392,366.4265,2.739,27.0762,25.9489,0.0,,58034.8513,58034.8513,29476.9403,910566.8169,910566.8169
002078.SZ,20251014,14.24,0.8549,1.5547,1.21,12.8316,12.7409,1.3482,0.9771,1.0122,2.1068,2.1067,279453.5119,277739.5188,152725.9406,3979418.0095,3955010.7477
002079.SZ,20251014,10.33,3.3594,4.3711,0.89,113.5709,78.7006,2.7338,1.4844,1.7223,0.3669,0.1839,81017.9016,80941.8178,62207.3923,836914.9235,836128.9779
002080.SZ,20251014,30.25,2.6876,6.7592,1.67,56.9179,35.6018,2.6526,2.1166,1.8959,1.8512,0.7438,167812.3584,167812.3584,66724.898,5076323.8416,5076323.8416
002081.SZ,20251014,3.57,1.2342,2.4387,1.09,17.4308,17.0057,0.6915,0.5172,0.5107,2.8011,2.8011,265532.3689,264460.4889,133842.9577,947950.557,944123.9454
002082.SZ,20251014,15.07,8.6839,15.8592,1.64,166.2697,295.4507,3.4339,6.3866,7.2634,0.5309,,61168.9055,55325.2922,30293.8977,921815.4059,833752.1535
002083.SZ,20251014,5.11,5.7798,9.3647,1.45,13.9054,13.0014,1.0701,0.9048,0.9187,4.0364,2.813,94663.9012,94632.5512,58406.3686,483732.5351,483572.3366
002084.SZ,20251014,4.52,8.9021,14.8881,0.92,,,2.03,1.0232,1.0458,0.6596,,64605.604,64463.4442,38544.9946,292017.3301,291374.7678
002085.SZ,20251014,18.18,4.7945,7.9316,1.38,59.0858,51.0762,5.159,2.3734,2.3557,0.8251,0.5501,212329.752,212329.752,128350.3253,3860154.8914,3860154.8914
002086.SZ,20251014,2.6,2.5964,2.882,1.24,,,3.7437,14.9732,14.9502,0.0,,195894.65,158128.6037,142455.031,509326.09,411134.3696
002088.SZ,20251014,12.04,0.7689,2.1665,0.62,12.8676,17.6616,2.4069,1.7492,1.9986,6.6284,6.6445,51312.2586,50579.1378,17950.2306,617799.5935,608972.8191
002090.SZ,20251014,11.92,8.5261,10.8122,1.38,66.0725,63.2737,3.1617,2.6927,2.777,0.6292,0.5453,40057.7071,39601.7512,31228.4434,477487.8686,472052.8743
002091.SZ,20251014,8.7,1.6722,2.9643,0.7,12.8068,12.2177,0.9242,0.3641,0.3553,4.5976,4.5977,162763.9425,159725.87,90100.8549,1416046.2998,1389615.069
002092.SZ,20251014,4.67,1.3808,2.0086,0.98,,,0.5604,0.4015,0.4192,0.0,,259001.9517,257561.0517,177058.9173,1209539.1144,1202810.1114
002093.SZ,20251014,11.08,1.391,2.9372,0.98,66.205,46.1055,3.0263,20.318,19.3883,0.622,1.0663,100750.0,100750.0,47712.7442,1116310.0,1116310.0
002094.SZ,20251014,7.97,5.9873,7.6194,1.95,156.8118,146.0386,3.5993,3.0715,3.0276,0.0,,69089.7549,69045.3549,54255.5227,550645.3466,550291.4786
002095.SZ,20251014,19.16,1.2968,2.5923,1.09,,,5.4935,8.6597,7.79,0.261,0.261,25272.0,25170.8415,12591.9883,484211.52,482273.3231
002096.SZ,20251014,13.6,1.1142,1.6982,0.94,23.6594,21.8887,2.2225,1.9741,1.8052,1.5074,1.6912,124044.077,70094.3763,45990.4951,1686999.4472,953283.5177
002097.SZ,20251014,13.0,6.0011,8.9619,0.99,191.3817,157.4255,2.9978,1.9624,2.028,0.3846,0.1538,107461.7264,107269.9139,71830.3579,1397002.4432,1394508.8807
002098.SZ,20251014,8.86,1.051,2.483,0.81,15.7103,15.5781,2.247,1.2067,1.1461,1.2415,1.1287,35800.0,35798.875,15152.6068,317188.0,317178.0325
002099.SZ,20251014,5.65,0.791,1.3135,0.87,,,1.7748,4.718,5.012,0.0,,161871.5253,161569.7863,97291.5276,914574.1179,912869.2926
002100.SZ,20251014,7.65,3.6434,5.0882,0.99,17.2616,15.6664,1.486,0.6081,0.5793,0.0,2.8758,136525.1515,136525.1515,97759.3855,1044417.409,1044417.409
002101.SZ,20251014,12.97,1.7483,3.558,1.01,20.7542,24.1913,1.1169,1.07,0.9927,2.4682,2.4133,66437.6239,66221.2199,32539.8311,861695.982,858889.2221
002102.SZ,20251014,3.73,1.6312,2.0981,0.77,,,3.2503,0.7519,0.8188,0.0,,247562.679,217288.3984,168930.066,923408.7927,810485.726
002103.SZ,20251014,9.24,2.0543,2.5705,1.15,32.4374,31.7933,4.2796,1.7771,1.7598,0.0,,53427.2953,38023.2688,30386.4845,493668.2086,351335.0037
002104.SZ,20251014,21.96,21.0618,22.0267,2.24,163.7016,232.9366,7.2617,17.2295,18.0423,0.5883,0.3665,70832.0154,59968.0004,57340.9186,1555471.0582,1316897.2888
002105.SZ,20251014,6.63,1.6657,3.342,0.82,,,2.8501,2.0485,1.9678,0.4526,,36806.0,36447.1975,18165.9828,244023.78,241644.9194
002106.SZ,20251014,11.67,2.3211,3.2361,0.94,21.9976,23.8483,1.4911,1.3971,1.3496,2.1422,0.8569,70581.616,70410.0908,50502.7397,823687.4587,821685.7596
002107.SZ,20251014,6.43,1.3381,2.7274,1.21,101.9537,53.0221,5.5166,4.8592,4.6744,3.888,1.8663,57720.96,56961.665,27947.0287,371145.7728,366263.506
002108.SZ,20251014,3.9,3.492,4.3521,0.86,41.9725,43.4985,1.2886,2.3635,2.2927,2.5742,2.563,166539.4648,164836.3706,132260.3181,649503.9127,642861.8453
002109.SZ,20251014,3.74,1.3066,3.055,1.22,,,1.1076,1.1554,1.193,0.0,,127626.9851,127626.9851,54583.9807,477324.9243,477324.9243
002110.SZ,20251014,4.32,1.2397,2.9626,1.15,,,0.5424,0.2278,0.2329,0.0,,242907.6227,242907.6227,101648.7803,1049360.9301,1049360.9301
002111.SZ,20251014,9.97,1.1166,1.6854,1.09,71.0774,104.902,1.763,1.8369,1.7519,1.4573,1.7421,53200.8275,48124.882,31884.9485,530412.2502,479805.0735
002112.SZ,20251014,13.36,4.8435,5.6827,1.21,32.5375,38.7545,4.5522,1.8048,1.8965,0.2001,0.4669,29413.1282,26207.955,22337.734,392959.3928,350138.2788
002114.SZ,20251014,8.07,5.5154,7.5966,0.82,,,3.0719,2.0705,2.4214,0.0,,32339.5267,32339.0823,23479.3223,260979.9805,260976.3942
002115.SZ,20251014,11.62,21.3682,23.6646,1.41,,,4.5397,0.8607,0.9934,0.0,,81099.1332,75219.5532,67920.2977,942371.9278,874051.2082
002116.SZ,20251014,10.26,0.9841,1.8715,0.8,14.2588,13.7677,1.8681,0.701,0.6991,2.5519,3.0154,46605.6258,45714.8796,24037.9361,478173.7207,469034.6647
002117.SZ,20251014,11.12,1.537,2.2226,1.0,36.902,35.1855,4.2626,4.9454,4.9385,2.8044,2.3381,52372.0955,52355.468,36205.143,582377.702,582192.8042
002119.SZ,20251014,17.88,6.5859,9.6455,0.69,80.6599,70.2247,4.7406,3.4156,3.4218,0.1678,0.1678,37528.4,37528.4,25624.0613,671007.792,671007.792
002120.SZ,20251014,7.31,1.7284,3.8715,1.42,11.0732,15.1159,1.0527,0.4366,0.4228,2.3196,2.729,289920.0219,281512.8806,125676.7,2119315.3601,2057859.1572
002121.SZ,20251014,9.05,6.1531,8.1398,0.55,,,21.5591,3.3921,2.951,0.0,,166081.6688,139992.2404,105823.7113,1503039.1026,1266929.7756
002122.SZ,20251014,3.68,2.3988,3.5986,0.94,,,3.43,7.8633,7.184,0.0,,200150.0575,198821.9088,132535.0419,736552.2116,731664.6244
002123.SZ,20251014,12.53,2.5035,2.6059,0.97,264.3754,264.3445,5.6269,2.2917,2.7919,0.1997,,80542.059,72006.8768,69177.1924,1009191.9993,902246.1663
002124.SZ,20251014,2.86,2.2828,2.3831,1.01,4.3569,6.5545,1.5778,0.659,0.6343,0.0,,222193.3832,197235.4648,188937.5602,635473.076,564093.4293
002125.SZ,20251014,14.63,5.529,9.5703,0.64,29.2352,32.0903,3.049,4.8155,4.7143,1.1483,1.0936,62948.1713,62948.1713,36366.8316,920931.7461,920931.7461
002126.SZ,20251014,36.06,4.0323,4.2802,1.2,38.8271,37.013,4.6143,2.395,2.2176,0.2692,0.3267,84365.0301,79257.0004,74666.6049,3042202.9854,2858007.4344
002127.SZ,20251014,3.43,1.4517,1.6736,0.89,,,2.0347,2.5072,2.6688,2.3324,1.1662,245487.0403,199473.2997,173023.4346,842020.5482,684193.418
002128.SZ,20251014,23.69,0.6475,1.5312,1.06,9.9414,10.2437,1.483,1.7785,1.7586,3.0815,3.588,224157.3493,224157.3493,94788.8466,5310287.6049,5310287.6049
002129.SZ,20251014,9.35,6.3582,9.0743,1.39,,,1.4166,1.3302,1.4765,2.7773,,404311.5773,404003.9793,283076.1693,3780313.2478,3777437.2065
002130.SZ,20251014,27.81,9.4148,10.98,0.77,41.34,35.528,5.9322,5.0585,4.5057,0.6047,0.4873,125989.8562,114451.1751,98136.1774,3503777.9009,3182887.1795
002131.SZ,20251014,5.45,7.4752,7.8585,0.85,,38.3314,2.8052,1.7433,1.8321,0.5466,0.5241,677177.8703,584972.3957,556440.1244,3690619.3931,3188099.5566
002132.SZ,20251014,3.96,3.2765,3.9544,0.84,407.8728,223.2875,1.5978,1.0914,1.0949,1.2023,2.3987,140154.4698,139948.2156,115955.4811,555011.7004,554194.9338
002133.SZ,20251014,3.55,2.746,4.136,0.83,,,0.9214,0.5911,0.5056,1.4085,,77414.4175,76987.0201,51112.7811,274821.1821,273303.9214
002134.SZ,20251014,19.29,2.8866,4.0955,1.13,140.0422,238.3242,9.5228,4.2035,3.7342,0.0,,24584.9768,24569.7256,17317.1502,474244.2025,473950.0068
002135.SZ,20251014,4.62,2.7786,4.7749,1.02,27.0604,48.9649,0.819,0.4584,0.5401,2.2119,1.5152,111551.7913,104386.7495,60745.0997,515369.2758,482266.7827
002136.SZ,20251014,11.18,3.4075,5.0244,1.07,213.5641,,2.0911,1.2741,1.3476,0.8945,,21502.0,21445.576,14544.1211,240392.36,239761.5397
002137.SZ,20251014,7.99,3.3467,3.9476,1.0,,,3.0822,7.7584,7.8581,0.0,,57750.4854,39645.8731,33611.0748,461426.3783,316770.5261
002138.SZ,20251014,34.36,4.334,4.8502,1.2,33.296,29.1646,4.4662,4.6982,4.3088,0.8554,1.7088,80631.8354,75650.8622,67598.8164,2770509.8643,2599363.6252
002139.SZ,20251014,14.23,4.637,4.8784,1.15,26.4244,28.9582,2.5433,1.6896,1.6147,0.4143,0.4848,124683.4988,107100.9944,101800.7765,1774246.1879,1524047.1503
002140.SZ,20251014,12.9,8.5581,20.5354,1.07,22.263,20.7144,2.0328,1.0306,0.9854,0.8527,1.1628,70801.3872,54344.1443,22647.9042,913337.8949,701039.4615
002141.SZ,20251014,3.85,3.02,4.3546,1.0,,,4.7812,9.0284,3.8784,0.0,,103293.5798,101897.0875,70667.8875,397680.2822,392303.7869
002142.SZ,20251014,27.1,0.9264,1.8075,1.49,6.597,6.3348,0.8361,2.6858,2.5803,2.214,3.321,660359.0792,659988.7366,338269.5886,17895731.0463,17885694.7619
002144.SZ,20251014,12.77,2.8511,3.0902,0.65,80.7765,85.0596,1.0708,3.6508,3.7854,1.1746,0.3915,17676.2528,13764.4276,12699.4253,225725.7483,175771.7405
002145.SZ,20251014,5.76,4.2241,6.4709,1.0,38.8027,42.17,1.8184,3.1895,2.9259,0.8419,0.2667,380667.2183,372887.2889,243412.7659,2192643.1774,2147830.7841
002146.SZ,20251014,1.62,6.3935,9.2641,1.27,,,0.5845,0.1853,0.2171,0.0,,434816.3851,391152.1351,269951.1136,704402.5439,633666.4589
002148.SZ,20251014,9.26,4.178,4.4759,0.87,197.6728,415.7436,4.2503,18.3801,15.0455,0.1609,0.1726,55898.733,44931.7611,41941.4214,517622.2676,416068.1078
002149.SZ,20251014,18.31,6.0825,9.1769,1.29,56.6577,72.4818,3.0299,3.0346,3.0402,1.3654,1.6384,48821.4274,48813.9274,32354.1734,893920.3357,893783.0107
002150.SZ,20251014,18.16,10.1004,21.5467,0.85,30.3748,27.7812,3.3318,1.957,1.8997,0.3842,0.5507,36323.4553,35851.7478,16806.1206,659633.9482,651067.74
002151.SZ,20251014,29.7,2.9863,3.2277,1.2,,,3.135,10.7617,9.4715,0.501,,54291.0913,44281.8862,40971.1097,1612445.4116,1315172.0201
002152.SZ,20251014,12.89,1.913,3.829,1.16,34.8009,36.0688,2.5468,2.9459,2.7995,1.5516,1.5516,248338.2898,248213.3713,124008.9459,3201080.5555,3199470.3561
002153.SZ,20251014,10.27,1.8996,3.9276,0.94,,,4.049,9.5099,9.9563,0.0974,0.0974,272919.3841,159976.3804,77373.1067,2802882.0747,1642957.4267
002154.SZ,20251014,4.04,3.6975,4.8347,0.73,11.9115,16.9319,1.3118,1.1441,1.1641,7.9208,1.2376,145933.3729,117977.2578,90226.3547,589570.8265,476628.1215
002155.SZ,20251014,23.3,8.9025,13.7095,1.62,43.0099,34.2161,4.9939,1.3079,0.885,0.4292,0.7593,156265.1316,156251.0257,101464.3302,3640977.5663,3640648.8988
002156.SZ,20251014,42.28,14.917,20.315,1.21,94.6947,83.6539,4.3497,2.6867,2.4831,0.0284,0.1064,151759.6912,151745.2222,111423.992,6416399.7439,6415787.9946
002157.SZ,20251014,3.01,1.4766,1.5708,1.07,128.6632,51.0359,2.3517,3.1391,2.2302,0.0,,925016.2589,715440.2809,672567.4878,2784298.9393,2153475.2455
002158.SZ,20251014,24.54,2.5942,6.7323,0.58,15.2124,19.6078,3.0582,3.5713,3.9427,2.3635,2.3635,53472.4139,53358.7149,20560.9659,1312213.0371,1309422.8636
002159.SZ,20251014,14.62,1.584,2.2767,0.69,18.2574,19.4586,1.8645,3.7433,3.8501,1.5048,1.71,17730.1325,13847.2563,9633.9263,259214.5372,202446.8871
002160.SZ,20251014,4.46,4.3726,5.7155,1.23,70.8839,77.2778,1.2406,0.587,0.5519,0.0,,103278.1167,79353.0298,60708.5017,460620.4005,353914.5129
002161.SZ,20251014,7.34,2.1807,2.586,0.97,194.9823,98.103,3.3926,9.9505,9.3592,0.2452,0.2044,73975.74,70474.2622,59428.0109,542981.9316,517281.0845
002162.SZ,20251014,4.23,1.2542,2.6184,0.96,,,4.744,3.2308,3.4318,0.0,,91970.0965,91849.4121,43995.5601,389033.5082,388523.0132
002163.SZ,20251014,10.19,7.3187,10.1902,1.56,,,10.0517,2.2011,2.3825,0.0,,84495.7867,80354.8875,57711.2472,861012.0665,818816.3036
002164.SZ,20251014,13.24,5.6749,8.9692,0.81,153.4589,127.6308,5.0171,4.8204,4.7126,0.0,,53217.3689,47977.5218,30355.8761,704597.9642,635222.3886
002165.SZ,20251014,8.69,4.816,6.0278,1.29,109.2307,141.7773,3.148,2.344,2.356,1.1507,0.4603,73526.9837,72762.9496,58134.7917,638949.4884,632310.032
002166.SZ,20251014,7.77,0.9941,1.6682,0.79,35.3497,42.2997,1.8911,3.2523,3.0598,2.5476,1.2605,74160.9425,73649.1425,43887.9158,576230.5232,572253.8372
002167.SZ,20251014,14.26,8.2452,11.0767,1.25,62.4621,41.5624,6.3419,7.1596,8.1521,0.0,,77467.33,75740.1963,56379.114,1104684.1258,1080055.1992
002168.SZ,20251014,3.93,0.6633,0.8095,0.68,,,,15.6248,11.5973,0.0,,78416.3368,78416.3368,64258.0991,308176.2036,308176.2036
002170.SZ,20251014,11.13,6.3392,6.9568,1.39,26.31,15.0529,3.134,3.249,2.5005,1.2418,2.5078,96715.4107,78426.5675,71463.555,1076442.5211,872887.6963
002171.SZ,20251014,11.32,2.4138,3.1993,0.57,79.9271,58.8487,2.1756,0.3418,0.3182,1.5499,0.4932,162293.7872,161374.147,121753.4924,1837165.6711,1826755.344
002172.SZ,20251014,4.04,2.9323,4.2346,0.87,76.2676,88.9214,18.6271,1.5393,1.6447,0.0,,76573.236,76527.198,52992.2381,309355.8734,309169.8799
002173.SZ,20251014,21.95,13.1189,16.3943,1.57,,,5.4884,11.8701,11.9655,0.0,,44128.4352,41630.4443,33313.1121,968619.1526,913788.2524
002174.SZ,20251014,11.03,3.3753,4.1369,1.05,,,2.2358,7.5618,7.6339,0.429,,98335.5167,98280.3242,80185.5652,1084640.7492,1084031.9759
002175.SZ,20251014,4.56,3.2039,3.9654,0.92,350.4659,388.2525,8.9449,17.8855,17.077,0.0,,127678.0727,127678.0727,103157.0685,582212.0115,582212.0115
002176.SZ,20251014,9.67,4.6031,5.3599,0.78,,,4.8613,7.8465,6.991,0.0,,170632.5581,170601.9116,146514.3583,1650016.8368,1649720.4852
002177.SZ,20251014,7.93,17.8543,18.3742,2.9,553.4331,506.8199,3.5344,90.262,96.5377,0.1765,0.0378,76119.1294,67491.8963,65582.3613,603624.6961,535210.7377
002178.SZ,20251014,6.48,2.3534,3.2188,1.19,,,10.6266,8.4102,9.7571,0.0,,71215.3001,71178.3158,52041.0301,461475.1446,461235.4864
002179.SZ,20251014,39.63,1.2873,2.4153,1.33,25.0268,26.8806,3.5855,4.0583,3.7027,1.515,2.0187,211827.105,208070.885,110895.6789,8394708.1712,8245849.1726
002180.SZ,20251014,22.71,2.3174,3.3681,1.07,43.1007,,3.333,1.2225,1.2445,0.0,,142187.8923,136509.5801,93924.8159,3229087.0341,3100132.5641
002181.SZ,20251014,8.18,7.5864,23.2596,2.14,316.6406,52.0619,2.2362,15.9158,15.6005,0.6601,0.8313,116105.8174,113452.0181,37003.6799,949745.5863,928037.5081
002182.SZ,20251014,14.89,4.1143,5.9111,0.96,92.5131,142.0446,2.7591,1.644,1.595,0.6236,0.3358,99179.1553,86551.2461,60242.4066,1476777.6224,1288748.0544
002183.SZ,20251014,5.12,3.1327,4.6989,0.78,125.6077,136.694,1.4367,0.1713,0.1823,0.2344,0.1953,259700.9091,259699.4091,173142.0697,1329668.6546,1329660.9746
002184.SZ,20251014,15.99,28.3349,32.9265,1.93,,,4.9021,2.3944,2.2279,0.6254,,35190.837,24037.1504,20685.2211,562701.4836,384354.0349
002186.SZ,20251014,11.23,1.9712,3.5165,0.91,100.9855,200.6453,4.0493,2.4578,2.5626,0.0,,30692.1588,30651.1338,17181.9862,344672.9433,344212.2326
002187.SZ,20251014,6.35,1.4073,2.8418,0.93,93.4859,364.0055,1.1002,0.805,0.9667,0.4746,0.6327,70089.4633,51711.0966,25608.8866,445068.092,328365.4634
002188.SZ,20251014,5.81,3.859,5.0325,0.9,268.4207,174.4155,5.9298,5.2361,4.9007,0.0,,32710.3864,25736.3007,19735.0005,190047.345,149527.9071
002189.SZ,20251014,23.35,2.2314,3.8603,0.98,,,10.2197,3.4167,4.2174,0.0,,26119.9273,26115.9921,15095.6014,609900.3025,609808.4155
002190.SZ,20251014,44.29,10.9494,22.3836,0.84,,,5.1157,6.7123,6.7244,0.0271,,35872.9343,35872.9343,17547.96,1588812.2601,1588812.2601
002191.SZ,20251014,4.72,4.0722,6.254,1.59,95.1918,524.7773,1.0298,2.3983,2.6241,6.1904,,145177.8834,144051.4711,93797.5002,685239.6096,679922.9436
002192.SZ,20251014,39.64,5.7727,7.8111,0.83,47.8228,76.43,3.0271,18.3342,16.7588,0.7568,0.4188,25965.5203,25912.0228,19149.817,1029273.2247,1027152.5838
002193.SZ,20251014,5.81,3.4508,4.7041,1.26,,,2.6586,3.3852,4.0479,0.0,,26171.555,26171.405,19198.3885,152056.7346,152055.8631
002194.SZ,20251014,13.12,3.0668,4.0195,0.99,168.36,356.9995,3.6126,6.0474,5.8759,0.9146,0.5335,68328.5806,51089.3775,38980.7372,896470.9775,670292.6328
002195.SZ,20251014,7.44,4.8611,5.3946,0.86,1299.6512,673.965,4.2757,63.7701,65.9227,0.1357,,567055.4696,560126.1712,504733.2768,4218892.6938,4167338.7137
002196.SZ,20251014,9.37,5.5142,6.7001,0.81,,,3.3325,1.8782,1.8058,0.0,,49587.193,48828.5407,40185.941,464631.9984,457523.4264
002197.SZ,20251014,9.18,1.407,1.6366,0.67,,,2.682,6.0965,6.5664,0.0,,61436.2928,53400.0012,45908.5058,563985.1679,490212.011
002198.SZ,20251014,6.45,1.518,1.9537,1.09,158.8154,93.4563,4.5722,8.7021,8.2892,0.7752,,50750.9848,50748.0748,39430.1962,327343.852,327325.0825
002199.SZ,20251014,10.38,2.1006,3.3261,0.58,,,12.7295,11.6345,10.8072,0.0,,24344.2363,24344.2363,15374.6514,252693.1728,252693.1728
002200.SZ,20251014,7.06,0.9503,1.2371,0.51,,,,2.154,2.8264,0.0,,18413.289,18413.289,14144.6963,129997.8203,129997.8203
002201.SZ,20251014,8.15,3.2299,4.93,1.35,179.7465,95.2205,4.6885,3.7312,3.3786,0.0613,0.1718,65163.6241,60202.342,39441.3357,531083.5364,490649.0873
002202.SZ,20251014,16.5,7.8594,12.2965,1.43,37.4715,35.5474,1.8953,1.2295,1.072,0.6061,0.8478,422506.7647,335531.7179,214457.6881,6971361.6176,5536273.3454
002203.SZ,20251014,13.22,2.1855,3.6722,1.04,42.6604,37.6811,1.8952,0.3433,0.3413,1.1323,1.1522,226952.2983,219939.328,130898.0476,3000309.3835,2907597.9162
002204.SZ,20251014,6.54,3.3788,7.5806,0.87,25.3702,23.5687,1.6702,0.8845,0.8576,0.5304,0.7569,193137.0032,193137.0032,86084.3077,1263116.0009,1263116.0009
002205.SZ,20251014,13.97,2.6334,3.7732,0.63,,,7.2827,3.829,3.7606,0.0,,18584.3228,18584.3228,12970.4108,259622.9895,259622.9895
002206.SZ,20251014,6.11,2.5711,2.9178,0.88,17.2961,13.7334,1.8631,1.2033,1.1943,2.4598,2.8575,116220.722,86503.4186,76224.3775,710108.6114,528535.8876
002207.SZ,20251014,8.37,13.4327,19.2288,0.95,,,45.3503,6.4205,6.2654,0.0,,26205.5378,26081.195,18219.5672,219340.3514,218299.6022
002208.SZ,20251014,11.14,20.1162,49.4971,1.66,,,1.3809,1.1628,0.8119,0.763,,80329.1894,80308.4383,32638.3224,894867.1699,894636.0027
002209.SZ,20251014,14.87,3.2821,4.2281,1.01,42.4057,22.4083,3.6909,1.9461,1.5829,0.1614,0.3497,19902.905,15640.3784,12140.9922,295956.1974,232572.4268
002210.SZ,20251014,3.9,7.9793,11.3917,0.74,364.1074,,20.5947,43.4013,44.8134,0.0,,266123.2774,265625.6674,186058.3817,1037880.7819,1035940.1029
002211.SZ,20251014,3.44,1.2231,1.959,0.64,,,99.6833,4.2808,3.3365,0.0,,43247.5779,43247.5779,27002.3494,148771.668,148771.668
002212.SZ,20251014,9.63,4.3996,4.7015,0.99,136.8234,50.6867,1.2203,4.027,4.0952,0.1843,0.3892,117945.3879,116684.9933,109192.1064,1135814.0855,1123676.4855
002213.SZ,20251014,20.28,23.5129,29.1745,0.97,,,8.7278,4.5969,4.1862,0.0,0.1035,23733.783,20658.8254,16649.7775,481321.1192,418960.9791
002214.SZ,20251014,13.37,3.0696,3.3495,2.29,,,5.587,29.1522,23.1782,0.3705,,59923.7935,47901.8901,43897.913,801181.1191,640448.2706
002215.SZ,20251014,11.99,3.6738,4.5674,1.24,20.6166,17.713,2.8484,2.2791,2.165,1.2601,2.9191,100519.131,78564.2022,63193.6769,1205224.3807,941984.7844
002216.SZ,20251014,10.92,0.877,1.7878,1.26,17.7052,18.38,2.1586,1.4475,1.4692,4.5788,2.7473,87918.4048,63025.6229,30915.9643,960068.9804,688239.8021
002217.SZ,20251014,3.18,2.4725,3.9486,0.86,15.6557,10.0992,12.7378,17.9281,15.8245,0.0,,747939.8928,568033.7391,355681.259,2378448.8591,1806347.2903
002218.SZ,20251014,3.68,3.2306,5.2338,1.7,482.0172,,1.2662,3.9341,4.7144,0.5417,0.2708,141302.0549,139239.8249,85945.3237,519991.562,512402.5556
002219.SZ,20251014,2.21,1.8281,2.8666,0.79,65.2296,120.6425,3.7318,1.9705,2.0989,0.0,,338738.1753,327204.372,208661.6397,748611.3674,723121.6621
002221.SZ,20251014,8.22,0.8028,1.2551,0.57,29.1859,32.3878,1.1655,0.4188,0.3944,0.0,,157612.7767,146087.5112,93438.0948,1295577.0245,1200839.3421
002222.SZ,20251014,48.42,7.4253,9.3609,1.4,104.07,95.9236,13.7278,26.001,23.8354,0.3943,0.4131,47025.0,46815.1714,37135.1714,2276950.5,2266790.5992
002223.SZ,20251014,37.75,0.9121,1.5008,1.02,20.9578,20.042,2.8888,5.0019,4.7799,3.1773,1.5894,100247.6929,94015.8164,57138.8717,3784350.407,3549097.0691
002224.SZ,20251014,4.41,1.7731,2.1899,1.08,120.1674,97.9003,1.2309,4.4479,4.0273,0.6803,0.6803,90211.6324,80638.0369,65291.6384,397833.2989,355613.7427
002225.SZ,20251014,6.07,3.4462,4.0741,0.9,52.1011,99.4042,1.7506,1.3553,1.3306,0.9887,0.7086,115923.9147,97417.6845,82404.2209,703658.1622,591325.3449
002226.SZ,20251014,6.86,2.306,5.6379,1.02,20.3939,20.1885,1.8625,1.9167,1.8839,1.0204,1.0933,264892.2855,264886.9368,108344.3083,1817161.0785,1817124.3864
002227.SZ,20251014,13.25,2.4915,5.3611,1.27,,,3.3669,9.432,9.807,0.0,,24780.617,24593.6766,11429.8261,328343.1753,325866.215
002228.SZ,20251014,3.42,2.4536,5.0494,1.93,44.3565,34.3734,1.3586,0.3618,0.3797,3.3805,4.9266,121338.5629,120932.1709,58763.4328,414977.8851,413588.0245
002229.SZ,20251014,17.15,4.9264,4.9264,1.13,,,6.5934,16.6816,8.2216,0.0,,49619.1488,49316.4301,49316.4301,850968.4019,845776.7762
002230.SZ,20251014,52.9,3.9654,4.6472,0.84,218.309,169.3979,6.9346,5.2387,4.9054,0.1875,0.1883,231169.2581,218909.5501,186792.9103,12228853.7535,11580315.2003
002231.SZ,20251014,2.99,7.706,8.5722,2.65,,,5.7471,3.5603,9.8747,0.0,,34685.0017,30782.5717,27672.3017,103708.1551,92039.8894
002232.SZ,20251014,20.12,2.7409,6.1897,0.9,2015.6634,463.5037,5.8909,9.3585,9.1485,0.0497,0.0497,40854.8455,40854.8455,18090.8732,821999.4915,821999.4915
002233.SZ,20251014,9.14,0.9577,1.5934,0.9,20.2586,14.5863,0.9169,2.5476,2.5008,5.3718,4.8486,119227.5016,119148.4966,71611.8172,1089739.3646,1089017.2589
002234.SZ,20251014,8.57,1.5862,2.1889,1.06,,,1.6398,1.3848,1.4254,0.0,,34896.0212,30140.8639,21841.0152,299058.9017,258307.2036
002235.SZ,20251014,7.32,4.0045,4.8371,1.19,150.6914,231.3987,5.6416,12.3319,11.7109,0.0,,57957.2284,55357.8302,45828.5245,424246.9119,405219.3171
002236.SZ,20251014,19.33,4.6113,5.2966,0.94,21.8647,17.7879,1.71,1.9742,1.9551,2.9167,2.364,328675.5574,211596.205,184217.9102,6353298.5245,4090154.6427
002237.SZ,20251014,15.14,6.4172,10.9374,1.19,32.3873,31.764,1.823,0.2293,0.2232,0.8916,0.9313,114813.5945,91052.1545,53421.5579,1738277.8207,1378529.6191
002238.SZ,20251014,8.45,3.0557,8.8976,3.33,,,3.1716,5.2048,5.3365,1.1834,0.5917,80255.916,80255.916,27562.3499,678162.4902,678162.4902
002239.SZ,20251014,3.16,3.7139,4.8564,0.91,98.8465,94.7928,1.8615,1.2847,1.2301,0.2637,0.0981,330883.3844,324314.8894,248018.0058,1045591.4947,1024835.0505
002240.SZ,20251014,19.05,5.1061,6.4509,0.9,,,1.6202,3.8059,4.8212,1.2537,,91529.3872,86627.7805,68568.5052,1743634.8262,1650259.2185
002241.SZ,20251014,32.02,5.3913,6.9378,0.86,42.0585,39.235,3.3635,1.1103,1.1423,0.7586,0.7664,350055.4495,309337.6643,240382.1192,11208775.493,9904992.0109
002242.SZ,20251014,9.42,0.646,1.99,1.17,58.7456,103.137,2.1948,0.8122,0.8506,1.5924,1.5924,76301.7,76170.57,24725.7864,718762.014,717526.7694
002243.SZ,20251014,9.37,1.9411,3.9121,0.69,46.2123,40.1349,1.5604,4.8874,4.7922,0.9605,0.7471,121060.4219,120414.229,59748.4831,1134336.1532,1128281.3257
002244.SZ,20251014,11.94,1.6218,4.0245,1.19,14.5931,11.4937,1.2736,0.5372,0.411,0.7538,0.6868,311144.389,268589.9365,108239.6843,3715064.0047,3206963.8418
002245.SZ,20251014,18.05,5.9141,6.8463,0.59,42.6826,31.8562,2.8803,3.0819,2.807,0.083,0.3596,115358.7037,108494.0857,93721.4929,2082224.6018,1958318.2469
002246.SZ,20251014,21.1,5.3352,9.985,0.95,,264.7316,3.9875,5.9498,5.3518,0.237,0.1896,54903.4794,54903.4794,29336.1431,1158463.4153,1158463.4153
002247.SZ,20251014,2.8,3.0837,3.8546,0.93,10.9285,120.262,3.6827,2.8376,3.0203,0.0,,85087.0049,64354.0672,51484.5522,238243.6137,180191.3882
002248.SZ,20251014,10.19,4.0717,4.9356,0.9,368.4771,190.5834,36.717,9.374,9.6788,0.0,,30749.56,30749.56,25366.98,313338.0164,313338.0164
002249.SZ,20251014,10.92,8.2305,9.3595,0.7,30.0504,25.6061,2.802,2.2018,2.124,1.703,1.7245,244242.1982,182983.8153,160911.8974,2667124.8043,1998183.2631
002250.SZ,20251014,11.78,8.9583,12.0854,1.7,104.0877,34.3075,1.6329,1.8911,1.8356,0.1698,0.1676,91133.3117,90643.5656,67189.9803,1073550.4118,1067781.2028
002251.SZ,20251014,5.93,14.2685,18.1414,1.67,13.1584,10.6991,1.9556,4.6467,4.1418,0.0,,268869.9689,215247.2119,169295.8098,1594398.9156,1276415.9666
002252.SZ,20251014,6.76,0.544,0.949,1.04,20.4591,22.6357,1.3846,5.488,5.6972,0.991,0.4844,663798.4837,663448.9612,380314.773,4487277.7498,4484914.9777
002253.SZ,20251014,10.23,1.6809,2.065,0.67,,,2.1057,13.9605,17.3839,0.0,,22562.6095,20830.4044,16955.5633,230815.4952,213095.037
002254.SZ,20251014,9.97,1.3853,2.0908,1.1,95.4511,,1.2067,2.175,2.2022,3.0077,0.4997,85721.3183,81881.832,54251.1774,854641.5435,816361.865
002255.SZ,20251014,9.33,15.999,16.8278,1.14,20.549,17.5752,1.8029,2.7798,2.9051,0.0,0.5203,83088.1055,63797.2243,60655.1205,775212.0243,595228.1027
002256.SZ,20251014,3.07,5.3858,7.1724,1.06,,,5.121,17.677,15.5238,0.0,,199394.4778,195109.3547,146508.6447,612141.0468,598985.7189
002258.SZ,20251014,12.6,1.7952,3.0431,0.77,46.836,25.6641,1.312,1.3795,1.1882,0.0,3.1746,80043.7228,79915.0345,47143.6852,1008550.9073,1006929.4347
002259.SZ,20251014,4.27,1.6625,2.3195,0.62,267.7333,46.2439,11.989,4.3853,3.4259,0.0,,75232.8267,75232.8267,53921.2742,321244.17,321244.17
002261.SZ,20251014,34.0,5.5163,6.1926,0.92,,,16.654,10.427,11.6213,0.0,,125957.7814,114607.8432,102090.8911,4282564.5676,3896666.6688
002262.SZ,20251014,25.52,2.0022,3.3902,1.51,22.6685,21.3333,3.3807,4.5498,4.3609,1.2438,1.4112,101578.6583,88390.8476,52203.0116,2592287.3598,2255734.4308
002263.SZ,20251014,3.64,4.895,6.7897,1.14,373.1421,164.4016,2.4746,5.1619,5.199,0.0,,187836.01,187834.51,135418.708,683723.0764,683717.6164
002264.SZ,20251014,6.91,2.8518,4.6015,0.94,19.1176,18.9929,2.5569,1.353,1.443,0.0,1.4237,71981.13,65478.281,40579.9785,497389.6083,452454.9217
002265.SZ,20251014,31.49,9.5836,17.0381,1.4,125.1397,147.7814,8.8629,7.4704,8.3056,0.0,,103304.0407,40309.7025,22673.4746,3253044.2416,1269352.5317
002266.SZ,20251014,4.52,6.417,13.1882,1.29,24.2835,22.405,2.0402,1.1281,1.1105,1.0975,1.0946,521927.1402,489680.1048,238266.0089,2359110.6737,2213354.0737
002267.SZ,20251014,8.46,2.3372,6.5709,1.65,12.9953,13.1757,1.4265,1.0415,1.0263,4.7281,5.3191,111207.5445,111207.5445,39554.4989,940815.8265,940815.8265
002268.SZ,20251014,17.19,1.1605,1.8272,0.99,91.9155,72.7307,2.6815,5.8917,6.2797,0.3491,0.3491,84563.6083,84529.7908,53689.6893,1453648.4267,1453067.1039
002269.SZ,20251014,2.31,4.2888,6.6669,0.9,,,19.8175,8.5261,11.7653,0.0,,251250.0,251250.0,161628.6641,580387.5,580387.5
002270.SZ,20251014,22.22,2.495,4.4184,1.81,32.4177,29.7989,6.6716,8.5755,8.574,3.6904,2.1287,89622.5431,89620.6281,50607.5446,1991412.9077,1991370.3564
002271.SZ,20251014,13.05,2.4831,3.3241,1.05,288.1724,,1.5156,1.1111,1.1805,9.4149,14.1761,238869.9866,191498.1623,143050.7473,3117253.3251,2499051.018
002272.SZ,20251014,15.93,9.7639,10.5746,0.88,,,5.1825,4.8368,4.3933,0.3139,,48487.73,38649.2848,35686.0928,772409.5389,615683.1069
002273.SZ,20251014,24.51,4.5338,5.3011,0.79,33.0965,30.8773,3.7358,5.4295,5.1306,1.6135,1.2107,139063.2221,136221.1854,116505.384,3408439.5737,3338781.2542
002274.SZ,20251014,6.33,0.8063,1.3444,0.91,11.5627,74.2659,1.106,0.7602,0.8721,4.7393,4.7393,95236.4646,93784.913,56249.5929,602846.8209,593658.4993
002275.SZ,20251014,14.91,0.5407,2.0133,1.05,16.7979,17.2662,2.7989,3.993,4.1248,3.6888,4.0241,58756.86,55904.1316,15013.3059,876064.7826,833530.6022
002276.SZ,20251014,18.11,9.1157,12.2705,1.08,53.8413,47.5884,3.1098,1.0342,0.9933,0.3039,0.2761,101428.9836,100725.5621,74827.9798,1836878.893,1824139.9296
002277.SZ,20251014,6.57,2.3835,3.5063,0.68,327.0002,,1.3583,7.1404,7.6711,0.2435,0.0761,139417.28,139417.28,94772.406,915971.5296,915971.5296
002278.SZ,20251014,9.56,5.7983,7.9145,1.44,115.3285,63.3107,2.9652,4.7463,4.3063,0.521,0.521,36390.9648,33399.6661,24469.3762,347897.6235,319300.8079
002279.SZ,20251014,6.68,4.4909,5.8177,1.6,,,4.2774,1.4266,1.835,0.0,,86220.6871,78972.7349,60962.157,575954.1898,527537.8691
002281.SZ,20251014,58.72,4.379,7.2454,0.89,71.6426,57.4294,5.0781,5.7273,4.5533,0.4023,0.4428,80685.1752,77963.8234,47119.8644,4737833.4877,4578035.71
002282.SZ,20251014,7.27,2.0536,3.0234,1.81,19.9749,21.3726,1.0751,2.2779,2.2245,2.1303,2.751,52683.8348,50500.7638,34302.1547,383011.479,367140.5528
002283.SZ,20251014,6.37,2.3185,3.1109,0.92,21.8295,21.1554,1.2225,2.007,1.9824,3.5843,3.8648,113945.7178,100352.6429,74791.2227,725834.2224,639246.3353
002284.SZ,20251014,12.53,3.3503,5.9327,0.87,43.4924,29.959,3.0165,2.1737,1.9067,0.7981,0.399,73910.0348,73121.4173,41292.9298,926092.736,916211.3588
002285.SZ,20251014,2.34,2.8551,5.404,1.24,,,1.6471,1.9076,2.0611,0.0,,199282.9038,197577.6226,104388.4743,466321.9949,462331.6369
002286.SZ,20251014,9.67,2.0363,2.7763,1.1,33.0671,27.3289,1.7314,1.5304,1.4054,1.159,0.9726,38011.738,36955.213,27104.9383,367573.5065,357356.9097
002287.SZ,20251014,26.65,1.0691,5.65,1.82,26.1849,24.7922,3.4893,6.5214,6.091,1.6691,2.9076,57211.8203,57098.9795,10804.8107,1524695.011,1521687.8037
002289.SZ,20251014,36.3,1.4522,2.4216,0.98,,,44.9762,46.1826,38.8355,0.0,,28025.3733,27995.3733,16788.313,1017321.0508,1016232.0508
002290.SZ,20251014,38.14,6.0635,10.8168,1.71,96.6502,70.8095,10.4952,3.7463,3.7407,0.0,,24811.233,24739.0455,13867.6272,946300.4266,943547.1954
002291.SZ,20251014,7.0,14.4792,17.2954,0.94,,,2.1621,1.3749,1.7786,0.0,,93554.5353,86910.151,72758.7647,654881.7471,608371.057
002292.SZ,20251014,8.63,2.1205,2.5439,0.78,,,4.227,4.6997,4.8919,0.0,,147869.9697,101786.8772,84843.6651,1276117.8385,878420.7502
002293.SZ,20251014,8.5,2.181,4.1549,3.74,16.3794,15.4205,1.8287,1.555,1.5296,7.0522,7.0588,83409.2481,82660.8069,43390.5257,708978.6089,702616.8587
002294.SZ,20251014,53.32,0.6475,1.5559,0.79,98.8116,95.4806,6.9613,14.8152,14.496,0.918,0.9377,111481.6535,111456.5736,46382.0404,5944201.7646,5942864.5044
002295.SZ,20251014,13.37,17.4267,24.909,0.8,120.9375,171.5648,2.4787,0.8926,0.7582,0.374,0.2693,25061.6,25029.4,17510.93,335073.592,334643.078
002296.SZ,20251014,10.98,3.0597,3.1813,1.13,15.5811,14.4273,1.8018,3.3631,3.1851,0.9107,1.8215,38958.042,34741.5444,33413.1119,427759.3012,381462.1575
002297.SZ,20251014,8.78,5.7782,7.5609,1.38,,,2.4426,7.0616,6.242,0.0,,57310.4819,57310.4819,43798.194,503186.0311,503186.0311
002298.SZ,20251014,13.97,42.2444,43.4199,1.25,,,5.068,5.2941,5.1677,0.0,,74011.0901,66065.3512,64276.7876,1033934.9287,922932.9563
002299.SZ,20251014,17.35,1.5001,3.1718,1.2,29.7807,14.0748,1.9427,1.1605,1.1593,1.719,2.2921,124318.0295,122583.02,57977.5139,2156917.8118,2126815.397
002300.SZ,20251014,6.31,1.8676,4.0932,1.17,50.1374,51.7657,2.4318,0.3322,0.3472,2.5357,1.7433,72233.37,72227.0208,32954.6729,455792.5647,455752.5012
002301.SZ,20251014,6.32,1.0591,1.8432,1.01,72.5648,82.0449,1.47,0.4,0.408,1.3035,1.0929,72130.7933,71799.0223,41254.5126,455866.6137,453769.8209
002302.SZ,20251014,7.0,2.4656,6.5066,0.99,,,1.0249,0.4343,0.4538,1.6429,1.7857,126235.4304,126235.4304,47836.009,883648.0128,883648.0128
002303.SZ,20251014,4.51,3.7739,3.9979,0.96,24.5247,22.4551,1.5527,1.7235,1.6811,12.6386,5.5654,153132.3685,96693.7007,91276.6088,690626.9819,436088.5902
002304.SZ,20251014,68.77,0.5821,1.5097,1.94,15.5241,33.7476,2.1171,3.5877,4.9816,6.7762,6.7573,150644.5074,150640.9524,58085.0522,10359822.7739,10359578.2965
002305.SZ,20251014,2.13,4.9234,8.2737,1.19,,,,1.2439,1.5179,0.0,,173421.577,173410.3276,103190.0979,369387.959,369363.9978
002306.SZ,20251014,1.74,2.9893,3.6334,1.32,,,,5.1222,3.7887,0.0,,86976.25,81391.9412,66964.0982,151338.675,141621.9777
002307.SZ,20251014,5.07,7.9429,14.8034,1.18,,,2.1586,0.6295,0.5812,0.1972,,126829.1582,126829.1582,68051.5931,643023.8321,643023.8321
002309.SZ,20251014,2.94,1.4002,1.6492,1.1,,,4.8843,3.75,4.5708,0.0,,300766.5385,121562.1877,103207.9726,884253.6232,357392.8318
002310.SZ,20251014,2.74,3.8633,6.1215,0.88,,,10.6948,18.7459,45.0849,0.0,,599932.2117,419904.9717,265004.1933,1643814.2601,1150539.6225
002311.SZ,20251014,61.35,0.4098,0.906,0.96,22.6623,20.3431,4.2405,0.8907,0.8426,0.815,2.1189,166374.997,166252.1303,75193.1944,10207106.066,10199568.1939
002312.SZ,20251014,10.88,1.6745,3.0366,0.95,38.5733,43.0012,2.1813,2.5134,2.3218,0.8281,1.296,188933.8619,188381.9198,103879.3217,2055600.4175,2049595.2874
002313.SZ,20251014,11.07,4.6233,8.3173,1.39,,,175.306,1.3919,1.5469,0.0,,37440.0,37437.3675,20810.1125,414460.8,414431.6582
002314.SZ,20251014,2.84,3.4176,5.3526,1.15,,,0.8599,0.9157,0.6713,0.0,,270778.2513,133827.7264,85449.3375,769010.2337,380070.743
002315.SZ,20251014,45.73,2.8874,3.5296,0.58,32.1535,28.3212,5.8788,8.7353,8.1209,3.3857,2.5148,31723.5869,20231.5261,16550.3421,1450719.6289,925187.6886
002316.SZ,20251014,5.22,4.5989,5.3848,1.02,206.1255,176.546,26.6902,3.3783,3.204,0.0,,39312.0,34074.75,29101.6694,205208.64,177870.195
002317.SZ,20251014,16.56,3.2964,3.8875,1.07,,,3.5717,5.7043,5.8577,1.2047,1.21,84993.0477,76161.7406,64581.6781,1407484.8699,1261238.4243
002318.SZ,20251014,25.93,1.5511,2.4876,0.7,17.0011,15.138,3.2703,2.3207,2.0781,1.8235,3.6316,97717.072,95495.7728,59547.3003,2533803.677,2476205.3887
002319.SZ,20251014,12.09,2.0358,2.751,0.72,,,14.1601,6.3561,6.3307,0.0,,20947.251,20000.0,14800.0041,253252.2646,241800.0
002320.SZ,20251014,11.53,5.4491,20.0763,1.66,100.2931,178.7992,6.5089,6.1054,5.629,1.0036,0.3461,223447.6797,223447.6797,60647.6736,2576351.7469,2576351.7469
002321.SZ,20251014,2.85,1.6248,2.716,0.74,187.844,,6.4619,1.285,1.3146,0.0,,213289.0071,212421.2084,127079.8608,607873.6702,605400.4439
002322.SZ,20251014,12.7,1.2781,1.8339,0.99,17.3529,19.6663,1.7587,4.4729,4.4582,9.3514,4.8456,37914.797,36501.9679,25440.2293,481517.9219,463574.9923
002323.SZ,20251014,1.76,6.0573,7.9152,1.77,,,10.1222,10.8846,11.0224,0.0,,212085.5142,212038.1924,162267.8788,373270.505,373187.2186
002324.SZ,20251014,13.77,4.0392,5.1023,1.51,108.5184,74.9261,3.4224,1.8424,1.77,0.5035,0.5019,111233.6248,77627.5962,61453.685,1531687.0135,1068931.9997
002326.SZ,20251014,16.66,8.1057,10.1822,1.2,,,5.6125,3.3593,3.0472,0.0,,92540.0795,80849.841,64361.881,1541717.7245,1346958.3511
002327.SZ,20251014,7.12,1.1503,1.5003,1.27,11.0065,13.8671,1.7054,1.982,2.1355,9.1132,8.7079,83824.5539,48774.5772,37396.7596,596830.8238,347274.9897
002328.SZ,20251014,6.14,3.2272,3.651,0.91,30.7856,33.4381,1.4503,0.9444,1.081,2.5407,2.3127,77177.0,57079.1896,50452.6896,473866.78,350466.2241
002329.SZ,20251014,3.6,2.463,2.6852,1.09,,,3.1976,1.4648,1.5692,0.0,,83240.3985,65038.8924,59655.8077,299665.4346,234140.0126
002330.SZ,20251014,4.72,2.2336,3.7845,0.87,,,1.3062,1.0114,0.9371,0.2119,,63531.529,63517.8715,37487.4674,299868.8169,299804.3535
002331.SZ,20251014,8.0,2.1776,2.8186,1.04,92.1932,499.2333,2.0214,2.8092,2.855,0.0,0.375,42543.1749,39584.5295,30581.9965,340345.3992,316676.236
002332.SZ,20251014,9.68,1.7369,2.217,1.23,24.1088,26.1823,1.5948,2.3935,2.5657,3.0992,3.0992,98920.4866,98457.3711,77135.1903,957550.3103,953067.3522
002333.SZ,20251014,5.48,1.6304,5.0742,1.43,72.3554,72.7203,1.9466,2.2087,2.213,0.6387,0.1825,67492.48,65256.31,20967.5612,369858.7904,357604.5788
002334.SZ,20251014,9.47,4.6824,4.795,1.15,26.8849,25.6205,2.5887,1.7833,1.8144,0.6292,0.6261,81380.06,73409.5565,71685.3122,770669.1682,695188.5001
002335.SZ,20251014,62.63,7.6787,10.1922,1.23,102.4205,96.9116,5.1911,4.1614,4.1602,0.1716,0.1597,51541.4041,45467.2644,34254.6021,3228038.1388,2847614.7694
002337.SZ,20251014,5.73,1.9399,3.0884,0.85,84.7669,71.1086,2.5877,4.4425,5.1121,0.5724,0.3665,58861.575,58799.6532,36933.5732,337276.8248,336922.0128
002338.SZ,20251014,67.76,16.354,27.9067,4.04,244.8408,257.404,12.0079,21.8146,21.9347,0.0517,0.1033,24000.0,24000.0,14064.5216,1626240.0,1626240.0
002339.SZ,20251014,7.93,2.7958,3.3645,1.14,126.497,74.7343,2.2986,1.5387,1.4239,0.2522,0.2522,50409.2274,47879.3604,39786.5766,399745.1733,379683.328
002340.SZ,20251014,8.59,8.1152,8.8701,0.98,43.1375,39.3714,2.1869,1.3258,1.317,0.9291,0.7645,512429.9057,508595.2531,465311.2268,4401772.89,4368833.2241
002342.SZ,20251014,8.2,13.7014,18.9445,3.0,,,3.2326,3.5551,3.3025,0.0366,,96000.0,95469.0,69047.0,787200.0,782845.8
002343.SZ,20251014,7.64,2.2348,3.0534,0.99,119.5676,,3.7258,9.9129,7.1695,0.0,,47494.9686,47494.9686,34762.2307,362861.5601,362861.5601
002344.SZ,20251014,4.42,1.5584,3.3154,1.13,63.8132,74.7402,0.6727,5.465,5.4694,0.9729,0.8597,128261.696,128145.0092,60233.0025,566916.6963,566400.9407
002345.SZ,20251014,14.46,2.9053,4.6768,1.43,66.3462,43.4927,3.5269,1.9712,1.7874,2.4205,1.7289,88851.2707,86729.0215,53877.6679,1284789.3743,1254101.6509
002346.SZ,20251014,17.55,2.0273,4.1877,0.62,105.9428,20.8749,2.9756,7.992,8.5383,1.1248,2.6693,44157.5416,39332.5028,19040.6408,774964.8551,690285.4241
002347.SZ,20251014,7.34,5.9287,8.6164,0.89,253.9,723.5093,3.1426,3.4483,3.2139,0.0,0.2725,50470.2276,49338.2901,33948.0224,370451.4706,362143.0493
002348.SZ,20251014,4.01,3.5196,4.8759,1.25,,,8.8527,12.048,10.8528,0.0,,94720.0,90353.2999,65219.2391,379827.2,362316.7326
002349.SZ,20251014,7.26,1.3239,2.0179,1.3,28.3254,28.9781,2.2688,4.296,4.2623,1.2436,1.0814,82967.4908,81418.0908,53418.6248,602343.9832,591095.3392
002350.SZ,20251014,7.46,2.4238,3.9438,0.86,103.1856,59.4583,2.4707,1.9808,1.8237,0.0,0.3795,54233.1351,53055.1471,32607.1247,404579.1878,395791.3974
002351.SZ,20251014,13.26,4.0275,5.1556,0.67,26.2436,27.4642,4.2475,4.0055,4.0425,1.5058,1.8854,88910.7,52105.6775,40703.9233,1178955.882,690921.2837
002352.SZ,20251014,40.73,0.7927,1.6375,0.92,20.1817,18.4892,2.2143,0.7217,0.6914,4.9124,2.2094,503943.0409,477201.8674,231009.8555,20525600.0559,19436432.0592
002353.SZ,20251014,52.6,1.1611,1.3994,0.95,20.5002,19.3731,2.4825,4.0326,3.5203,1.1543,1.5961,102385.5833,69324.389,57522.645,5385481.6816,3646462.8614
002354.SZ,20251014,6.67,4.5629,4.5629,0.94,,,8.8691,6.9912,6.1164,0.0,,165458.582,162593.1279,162593.1279,1103608.7419,1084496.1631
002355.SZ,20251014,5.74,2.0659,2.684,1.04,21.515,,3.1616,4.9109,4.8158,0.0,,66848.1,61816.665,47579.8374,383708.094,354827.6571
002356.SZ,20251014,3.37,1.5626,2.1,0.85,,,7.8993,10.8686,6.7232,0.0,,131125.4521,131124.7021,97573.0962,441892.7736,441890.2461
002357.SZ,20251014,10.0,3.6185,5.162,0.8,25.6472,20.1304,1.8656,3.6629,3.7678,0.5,1.0,31348.9036,31347.7786,21974.4565,313489.036,313477.786
002358.SZ,20251014,4.99,1.8078,2.3025,1.19,52.3052,50.2526,1.4231,1.6765,1.6041,0.4008,0.4008,92975.6977,92975.5702,72997.1487,463948.7315,463948.0953
002360.SZ,20251014,5.11,2.1179,2.2557,1.01,,,1.0169,3.7703,4.2477,3.6399,,40177.4248,32752.223,30750.7855,205306.6407,167363.8595
002361.SZ,20251014,6.57,4.2009,4.6574,1.39,185.6809,158.7757,2.8314,2.5845,2.5474,1.5221,0.761,95103.4969,80912.2984,72981.8989,624829.9746,531593.8005
002362.SZ,20251014,23.17,3.7351,4.7154,1.05,,,5.2165,3.1171,2.9566,0.0,,24445.4646,20759.3932,16443.7784,566401.4148,480995.1404
002363.SZ,20251014,7.47,1.8432,3.1932,0.63,66.2908,62.5424,1.4701,1.3079,1.3639,1.7476,1.4759,41689.5301,41575.8167,23998.6727,311420.7898,310571.3507
002364.SZ,20251014,28.29,13.0947,22.1317,1.35,145.4281,178.9425,6.6548,8.1263,7.6902,0.1767,0.3524,56356.496,55810.376,33021.5056,1594325.2718,1578875.537
002365.SZ,20251014,18.7,15.0653,16.8483,1.45,89.2167,253.0506,2.8083,6.5695,7.0614,0.5314,0.5247,29468.25,24556.0101,21957.3869,551056.275,459197.3889
002366.SZ,20251014,8.7,31.6987,31.6987,1.74,,,3.9297,17.986,19.5917,0.0,,208093.764,125646.439,125646.439,1810415.7468,1093124.0193
002367.SZ,20251014,6.68,1.0109,1.9185,0.94,14.9194,14.7535,1.5911,1.3051,1.305,5.2395,4.491,79774.5456,79458.3231,41871.1925,532893.9646,530781.5983
002368.SZ,20251014,27.58,3.6334,5.9499,1.43,89.9536,47.802,3.3104,2.1935,1.909,0.6563,0.3354,62323.1286,62042.972,37888.2628,1718871.8868,1711145.1678
002369.SZ,20251014,8.75,4.3101,4.6182,1.03,,,12.7953,2.9055,2.8122,0.0,,56695.628,56621.5407,52843.2165,496086.745,495438.4811
002370.SZ,20251014,6.24,1.8612,2.1796,0.48,135.8935,34.7389,4.1207,11.4839,13.8764,0.0,,74566.753,74566.753,63672.1964,465296.5387,465296.5387
002371.SZ,20251014,402.0,2.2283,4.3261,1.22,51.7833,48.1244,8.6138,9.7554,8.6517,0.1423,0.1946,72408.867,72350.9318,37267.0632,29108364.534,29085074.5836
002372.SZ,20251014,10.19,0.6834,1.6725,1.11,17.0288,18.3544,3.5503,2.5888,2.7033,8.7203,4.8446,159203.7988,147085.8109,60099.5878,1622286.7098,1498804.4131
002373.SZ,20251014,11.17,2.4897,3.4252,0.68,,,1.5508,2.4349,2.5244,0.4466,,158018.8215,137759.4126,100131.8023,1765070.2362,1538772.6387
002374.SZ,20251014,2.79,3.2369,3.985,1.76,,,3.5229,4.7586,5.1408,0.0,,108520.9283,108520.9283,88148.8104,302773.39,302773.39
002375.SZ,20251014,3.88,0.9336,2.0137,1.07,17.1745,16.7378,0.6434,0.4284,0.4618,0.4996,1.7486,133999.6498,132679.3698,61510.567,519918.6412,514795.9548
002376.SZ,20251014,7.6,1.8095,2.5531,1.15,126.921,90.0207,1.6361,2.5924,2.3475,1.5379,2.5768,81056.2541,78130.9703,55374.7451,616027.5312,593795.3743
002377.SZ,20251014,2.93,1.8232,2.4433,0.77,,,5.7209,3.6671,3.3353,0.0,,91632.5201,87234.8621,65097.204,268483.2839,255598.146
002378.SZ,20251014,12.55,5.4197,13.2297,1.07,87.647,86.2192,6.9695,4.1048,3.5405,0.4781,0.5737,120141.7666,119512.1369,48959.7313,1507779.1708,1499877.3181
002379.SZ,20251014,17.77,2.5249,3.278,1.23,,,10.9635,5.7923,6.2056,0.0,,113637.3753,113637.3753,87527.7148,2019336.1591,2019336.1591
002380.SZ,20251014,28.52,5.0371,6.4257,0.78,27.1792,24.6819,2.9074,4.0687,3.6847,0.0,0.1403,23999.1649,14175.189,11111.779,684456.1829,404276.3903
002381.SZ,20251014,6.73,1.4313,1.9069,0.99,18.0358,31.5759,1.3109,1.021,0.9993,3.7147,2.9718,41157.7638,32202.6218,24171.667,276991.7504,216723.6447
002382.SZ,20251014,5.6,0.9285,1.2156,1.19,,,0.7151,0.9019,0.9356,0.0,,100713.2099,99969.7849,76352.8571,563993.9754,559830.7954
002383.SZ,20251014,8.81,1.7452,3.0268,1.09,,,3.8857,5.4427,5.004,0.0,,74036.0305,74036.0305,42688.047,652257.4287,652257.4287
002384.SZ,20251014,61.0,5.3169,6.035,1.26,102.9143,87.0803,5.3536,3.0385,3.0118,0.3807,0.1063,183160.7532,138632.1723,122137.2084,11172805.9452,8456562.5103
002385.SZ,20251014,4.16,3.5015,3.7307,1.37,51.7343,24.2724,2.0441,0.6218,0.6119,1.3955,1.3955,430007.8565,352407.7887,330752.788,1788832.683,1466016.401
002386.SZ,20251014,5.29,1.6279,2.4282,0.8,,,0.9187,0.5151,0.5537,1.5123,,130164.7073,130140.4537,87250.9205,688571.3016,688443.0001
002387.SZ,20251014,8.61,1.1323,1.8896,0.92,,,2.6796,1.5168,1.4816,0.0,,139678.866,139498.896,83590.8325,1202635.0363,1201085.4946
002388.SZ,20251014,5.18,2.2702,2.5527,1.08,,,2.6899,1.2047,1.2768,0.0,,51069.76,50622.3495,45020.0432,264541.3568,262223.7704
002389.SZ,20251014,22.6,2.9491,4.7998,0.93,252.4387,1026.9446,2.8257,8.6715,9.4367,0.267,0.2655,98491.6021,98475.8026,60504.2529,2225910.2075,2225553.1388
002390.SZ,20251014,3.72,1.9264,3.3579,0.54,71.3258,77.1739,1.0787,1.1987,1.2402,2.3688,1.5735,194385.1868,192781.8234,110596.5708,723112.8949,717148.383
002391.SZ,20251014,6.11,1.6838,1.8894,1.0,,,0.9332,1.1262,1.0828,3.208,,64959.255,46412.0811,41361.4067,396901.0481,283577.8155
002392.SZ,20251014,10.0,2.216,2.9588,0.82,37.3675,36.8172,2.1549,1.8817,1.7993,0.63,0.323,119049.0839,114388.1383,85669.7511,1190490.839,1143881.383
002393.SZ,20251014,23.77,1.8752,3.9403,1.11,33.1962,14.41,1.2239,4.5845,4.63,1.8047,1.4642,25770.4999,25032.4607,11912.9756,612564.7826,595021.5908
002394.SZ,20251014,11.68,6.7168,11.289,1.14,18.7587,11.2353,0.8892,0.9048,1.012,0.0,0.8562,32370.0,32328.5606,19235.1506,378081.6,377597.5878
002395.SZ,20251014,18.3,1.5094,4.2549,0.89,10.3984,8.8275,3.3732,2.1437,1.9458,0.5464,0.8197,26820.9,26818.6481,9514.1196,490822.47,490781.2602
002396.SZ,20251014,28.0,2.9158,3.967,0.99,40.5304,33.3738,2.4356,0.9786,0.8939,0.8993,0.893,58569.5098,58328.0278,42872.8328,1639946.2744,1633184.7784
002397.SZ,20251014,3.63,2.3894,3.6321,1.24,109.1082,89.9856,2.246,1.5829,1.7103,0.0,,74778.1443,64786.2094,42619.8257,271444.6638,235173.9401
002398.SZ,20251014,5.08,2.0454,2.1555,1.13,71.9815,83.0509,0.9951,1.3549,1.3468,1.5611,1.5528,69802.4317,56931.4458,54021.77,354596.353,289211.7447
002399.SZ,20251014,11.56,0.4096,1.8352,1.38,26.2268,41.8908,1.395,3.2121,3.2243,0.0,2.1626,146729.6204,124720.1704,27838.4925,1696194.4118,1441765.1698
002400.SZ,20251014,8.09,5.2831,6.5279,0.59,139.7361,137.2817,2.8415,0.6827,0.6302,0.3337,0.2225,174333.7128,172616.4618,139701.2883,1410359.7366,1396467.176
002401.SZ,20251014,17.46,2.2666,4.4447,1.38,50.8526,252.7683,3.9794,3.6122,3.7916,1.0316,0.7446,37166.844,37136.394,18937.954,648933.0962,648401.4392
002402.SZ,20251014,47.85,10.1923,10.5483,0.69,121.475,85.1006,8.8225,4.5812,4.1997,0.3153,0.2082,92480.6285,80583.1823,77863.1398,4425198.0737,3855905.2731
002403.SZ,20251014,14.11,2.1456,4.7215,0.92,318.92,224.3576,2.9087,1.6429,1.6543,0.0,0.1276,34063.8579,29716.1454,13504.0093,480641.035,419294.8116
002404.SZ,20251014,6.24,1.9129,2.9175,0.99,21.743,21.6719,1.8031,0.7662,0.7616,4.8077,4.8077,56005.1541,45578.7096,29883.602,349472.1616,284411.1479
002405.SZ,20251014,9.3,2.8811,3.1895,0.82,,,2.602,6.2674,6.105,0.0,,237064.8814,235585.1219,212800.791,2204703.397,2190941.6337
002406.SZ,20251014,7.5,3.1914,3.5333,1.01,46.2788,45.6775,1.379,4.2903,4.0698,1.3333,2.0,73022.5082,60221.2898,54393.3401,547668.8115,451659.6735
002407.SZ,20251014,20.15,16.099,17.2027,1.05,,,2.9114,2.9228,3.0264,1.462,0.9662,119043.2569,108055.0826,101122.5183,2398721.6265,2177309.9144
002408.SZ,20251014,4.98,0.6329,1.4051,0.99,446.8903,,1.2253,0.5614,0.5732,2.6031,1.7927,284284.4187,275108.8204,123912.4041,1415736.4051,1370041.9256
002409.SZ,20251014,76.65,12.462,14.9196,1.41,41.8547,41.6992,4.7654,5.316,4.6185,0.8871,0.7567,47592.7678,31852.2747,26605.4437,3647985.6519,2441476.8558
002410.SZ,20251014,14.05,2.3314,2.8006,1.05,92.682,78.4671,3.9607,3.7418,3.8369,0.5008,1.0591,165194.4342,158808.1079,132199.0296,2320981.8005,2231253.916
002412.SZ,20251014,6.42,1.1392,1.9841,0.78,14.668,17.1574,1.4322,3.2162,3.1277,0.0,,50320.0,49784.5,28583.8811,323054.4,319616.49
002413.SZ,20251014,5.51,2.9085,2.9085,0.92,,,2.136,5.8409,5.6226,0.0,,131698.9628,129307.94,129307.94,725661.285,712486.7494
002414.SZ,20251014,12.53,2.2218,4.8557,1.19,,,8.2038,19.9853,15.4564,0.1117,,427073.6108,339861.2431,155507.6723,5351232.3433,4258461.376
002415.SZ,20251014,33.25,1.5469,3.9249,0.89,25.4424,24.2417,4.1825,3.2946,3.273,2.7557,3.3131,916487.155,904643.3602,356548.6498,30473197.9038,30079391.7267
002416.SZ,20251014,12.41,2.7713,5.4293,0.84,26.4486,37.7357,2.6946,0.234,0.2943,3.2232,4.029,123928.1806,122390.4304,62472.1393,1537948.7212,1518865.2413
002418.SZ,20251014,4.51,7.4562,10.3031,0.8,,,3.5714,1.9595,1.931,0.0,,113640.0,113639.7338,82239.7338,512516.4,512515.1994
002419.SZ,20251014,5.51,1.1107,2.3099,0.88,83.949,84.041,1.5401,0.5464,0.5516,2.9038,1.0889,116884.775,116871.2413,56194.736,644035.1103,643960.5396
002420.SZ,20251014,7.93,4.6128,6.2401,0.56,34.4409,55.5302,5.3622,1.2155,1.1344,0.0,,41129.0,39955.935,29536.045,326152.97,316850.5646
002421.SZ,20251014,3.27,2.2916,2.6966,1.23,267.9284,,2.1037,2.1869,2.4693,0.6116,0.1529,212058.1639,200669.2505,170531.1366,693430.196,656188.4491
002422.SZ,20251014,34.01,1.1696,1.3898,0.95,18.5122,25.4398,2.2953,2.4917,2.8502,3.1027,2.2333,159805.3372,130588.723,109900.2024,5434979.5182,4441322.4692
002423.SZ,20251014,13.65,3.822,10.2689,1.77,25.9948,35.6142,1.4394,56.3518,119.5407,0.9744,1.1575,230410.5575,230410.5575,85756.2135,3145104.1099,3145104.1099
002424.SZ,20251014,5.33,1.7192,2.1057,0.79,221.5578,,2.2864,1.9473,2.3689,0.0,,139759.84,121321.4512,99053.1441,744919.9472,646643.3349
002425.SZ,20251014,3.72,1.1999,1.5484,0.85,,,1.2108,7.8381,7.2869,0.0,,95666.5066,95606.0898,74088.0689,355879.4046,355654.6541
002426.SZ,20251014,3.26,4.5811,5.3297,0.84,,,4.5412,3.3384,3.3475,0.0,,340262.5916,340259.9891,292467.9937,1109256.0486,1109247.5645
002427.SZ,20251014,6.95,1.8308,4.5948,0.95,,283.2306,7.2818,2.9964,2.9675,0.0,,98543.2777,98470.5486,39235.5905,684875.78,684370.3128
002428.SZ,20251014,28.8,11.2486,14.0622,1.37,354.2642,222.6288,12.8825,24.5111,19.8256,0.0694,0.1042,65312.0,65303.5625,52237.7225,1880985.6,1880742.6
002429.SZ,20251014,6.13,2.4813,5.3879,1.2,17.3169,20.5076,1.7271,1.3652,1.4386,1.7292,1.7455,452694.0607,452433.3018,208363.3791,2775014.5921,2773416.14
002430.SZ,20251014,26.9,2.9152,6.3579,1.38,28.5328,27.2898,2.808,1.9187,1.8383,2.991,1.1216,97835.1447,97767.3372,44827.3301,2631765.3924,2629941.3707
002431.SZ,20251014,2.38,2.6353,4.36,1.12,,,3.1115,1.4079,1.3881,0.0,,181281.6265,181281.6265,109570.513,431450.2711,431450.2711
002432.SZ,20251014,39.74,4.179,5.6925,3.08,11.0717,9.2976,0.8485,7.1274,9.2077,0.6854,0.4647,46491.434,43834.8207,32180.3688,1847569.5872,1741995.7746
002434.SZ,20251014,10.24,3.7986,7.8967,1.17,56.0073,40.4281,2.2839,2.2354,2.2083,2.9297,0.9766,131260.0,131134.105,63080.465,1344102.4,1342813.2352
002436.SZ,20251014,18.76,7.552,7.8166,1.18,,,6.1915,5.4812,5.0119,0.2646,0.1587,169967.3563,151049.7256,145936.7018,3188587.6042,2833692.8523
002437.SZ,20251014,3.16,1.9468,2.0916,0.94,30.4894,29.2997,3.4653,2.9076,3.0603,0.0,,224578.9726,209614.4237,195103.6837,709669.5534,662381.5789
002438.SZ,20251014,13.96,4.8624,6.1041,1.22,24.0273,23.4878,1.9755,3.3059,3.2813,1.1461,1.2536,50753.7461,46888.0667,37349.9212,708522.2956,654557.4111
002439.SZ,20251014,15.48,2.4948,2.7462,1.19,,,1.6564,5.6566,6.5248,1.7542,,121140.0205,72534.2936,65892.8165,1875247.5173,1122830.8649
002440.SZ,20251014,7.27,1.4422,2.161,1.0,38.2762,31.5976,0.8729,1.4348,1.4304,2.0633,2.0082,112399.9905,94635.8669,63155.4692,817147.9309,688002.7524
002441.SZ,20251014,9.15,2.1312,3.1345,0.96,29.4305,29.4815,1.1001,0.4502,0.4403,3.2787,3.2787,54454.3609,39907.9729,27133.1644,498257.4022,365157.952
002442.SZ,20251014,6.24,1.2099,1.997,1.06,22.1029,24.5527,1.7267,0.7211,0.707,1.8754,1.9231,50328.887,48882.7195,29616.3108,314052.2549,305028.1697
002443.SZ,20251014,8.17,3.2327,4.1069,0.68,21.1174,26.7648,1.2386,0.9211,0.9907,0.7344,2.4102,52053.552,51942.6572,40886.7293,425277.5198,424371.5093
002444.SZ,20251014,28.83,1.261,2.1635,0.84,14.949,14.4527,1.9009,2.3275,2.2773,2.0812,0.8672,119447.8182,114703.2778,66855.1359,3443680.5987,3306895.499
002445.SZ,20251014,2.52,2.9816,4.7384,1.06,104.2995,55.1256,2.6698,6.5017,5.6863,0.0,,237660.7531,236638.0973,148904.3511,598905.0978,596328.0052
002446.SZ,20251014,8.49,5.2575,5.4,1.05,,,3.0871,7.183,6.8583,0.0,,91532.1724,84768.3296,82531.2153,777108.1437,719683.1183
002448.SZ,20251014,10.7,6.5911,6.5911,1.11,30.8767,24.1613,1.729,1.902,1.7697,1.215,1.215,58840.9646,45553.7409,45553.7409,629598.3212,487425.0276
002449.SZ,20251014,8.9,1.8715,2.3833,0.84,106.8201,277.2105,1.4396,1.585,1.6678,0.6742,0.5618,61847.7169,61847.7169,48565.7274,550444.6804,550444.6804
002451.SZ,20251014,6.76,1.6595,2.6866,0.91,166.683,210.6924,3.8463,2.2158,1.8928,0.1474,0.1474,44067.0,43914.9,27125.3,297892.92,296864.724
002452.SZ,20251014,7.81,3.9106,4.1069,1.02,19.2174,20.514,1.9526,2.7525,2.748,0.8772,1.0243,62033.2085,51590.479,49123.768,484479.3584,402921.641
002453.SZ,20251014,7.03,12.7349,16.6909,0.61,,,6.0109,11.0839,13.0907,0.0,,81236.7126,61276.3136,46752.9541,571094.0896,430772.4846
002454.SZ,20251014,8.27,2.0429,3.6439,1.13,38.0916,27.7781,1.3016,1.04,0.9899,0.7228,1.2047,62858.16,62697.9228,35150.8419,519836.9832,518511.8216
002455.SZ,20251014,7.12,5.3399,5.5303,1.03,38.933,69.6499,2.3703,0.7615,0.7257,0.0,0.8427,59425.6563,51922.7836,50134.746,423110.6729,369690.2192
002456.SZ,20251014,12.09,4.3731,5.0614,0.82,695.2552,,10.631,1.9861,1.9573,0.0,,335733.9213,331254.6834,286203.6357,4059023.1085,4004869.1223
002457.SZ,20251014,11.06,1.7401,2.3959,0.84,13.7767,17.6126,1.5103,1.3092,1.3809,1.6121,1.0747,33348.68,33332.1649,24209.3645,368836.4008,368653.7438
002458.SZ,20251014,8.45,1.8353,2.1251,1.76,18.5565,28.5885,2.2622,2.9814,3.0344,2.3669,4.073,110641.2915,74886.871,64675.1728,934918.9132,632794.06
002459.SZ,20251014,13.86,5.252,10.0042,3.19,,,1.8889,0.6542,0.8095,4.032,,330968.2191,330575.3508,173544.5936,4587219.5167,4581774.3621
002460.SZ,20251014,68.52,10.6914,11.9812,0.99,,,3.4139,7.4556,7.9666,1.1675,0.2189,205719.3379,120783.5807,107781.111,14095889.0329,8276090.9496
002461.SZ,20251014,10.27,0.2973,1.8744,1.04,28.0534,24.633,2.1153,3.9662,3.825,1.2171,1.6553,221332.848,221332.848,35105.8036,2273088.349,2273088.349
002462.SZ,20251014,13.6,1.2545,1.7544,0.77,24.692,39.7871,0.9049,0.1652,0.19,1.9118,1.25,29170.712,29147.0419,20841.3183,396721.6832,396399.7698
002463.SZ,20251014,65.8,3.3222,4.788,1.38,48.9318,40.4572,9.935,9.489,7.7141,0.7557,0.7596,192398.3375,192243.0324,133391.9364,12659810.6075,12649591.5319
002465.SZ,20251014,12.33,2.6423,3.6362,1.23,575.9018,,2.456,6.2201,6.7141,1.2165,0.4866,248183.3948,247788.7109,180057.4224,3060101.2579,3055234.8054
002466.SZ,20251014,46.98,5.006,7.4563,0.81,,,1.8397,5.9023,6.7178,2.8727,,164122.1583,147584.5634,99084.9325,7710458.9969,6933522.7885
002467.SZ,20251014,6.12,3.8384,4.4561,1.08,122.8149,158.6681,4.3967,9.7011,10.7386,0.0,0.1634,137537.1873,136688.3957,117741.2716,841727.5863,836532.9817
002468.SZ,20251014,17.67,1.6659,4.2536,1.23,26.0101,25.6086,2.7147,0.5734,0.5343,0.1126,0.3721,153080.2166,146719.9966,57462.3164,2704927.4273,2592542.3399
002469.SZ,20251014,8.98,2.0393,2.6405,1.01,22.1847,19.516,2.251,2.2812,2.0976,4.4543,4.4543,64886.263,62889.4911,48570.7248,582678.6417,564747.6301
002470.SZ,20251014,1.8,3.8072,5.4314,1.99,99.1006,,2.96,0.7102,0.6919,0.0,,328602.7742,328574.9417,230320.2025,591484.9936,591434.8951
002471.SZ,20251014,5.16,11.6718,14.1228,0.82,,1316.6104,4.004,1.2843,1.2299,0.6009,,136876.0,130499.6763,107851.5733,706280.16,673378.3297
002472.SZ,20251014,41.78,5.1953,6.1184,1.18,34.6551,31.4557,3.8307,4.0408,4.0841,0.2824,0.5333,84929.9832,75497.6882,64106.7443,3548374.6981,3154293.413
002474.SZ,20251014,7.34,24.8681,26.1898,8.32,,,3.3277,9.4278,9.644,0.0,,62220.0,53076.5945,50398.076,456694.8,389582.2036
002475.SZ,20251014,55.01,3.4217,5.4832,0.97,29.9703,27.4106,5.2796,1.4903,1.3827,0.5376,0.3619,728180.8472,726533.0667,453379.3031,40057228.4045,39966583.9992
002476.SZ,20251014,6.2,8.7308,11.1053,1.38,67.284,58.078,4.0445,7.0441,6.3862,0.1613,0.1613,61200.0,61192.7325,48108.4119,379440.0,379394.9415
002478.SZ,20251014,6.24,3.7486,4.5848,1.17,8.863,9.9822,0.9754,0.9868,0.9855,4.4899,3.4999,90080.6228,72272.5938,59090.0896,562103.0863,450980.9853
002479.SZ,20251014,5.32,2.1196,3.2643,1.22,19.0841,13.9945,1.1068,0.8761,0.8305,2.8195,2.8195,86500.0,86307.2844,56043.7486,460180.0,459154.753
002480.SZ,20251014,6.93,1.7241,2.4475,1.13,,,5.6098,2.1466,2.5874,0.0,,76916.867,76771.7946,54081.2742,533033.8883,532028.5366
002481.SZ,20251014,5.81,2.0838,3.4411,1.17,75.7571,75.3743,2.7501,2.928,2.8569,0.8606,0.6885,123369.65,111815.26,67711.2305,716777.6665,649646.6606
002482.SZ,20251014,1.8,2.3599,5.0932,1.37,,,13.3911,8.911,5.9763,0.0,,375096.2363,374355.9801,173452.828,675173.2253,673840.7642
002483.SZ,20251014,7.21,1.6512,2.4652,0.89,13.179,13.4739,1.4777,0.7772,0.7784,1.387,4.1609,88646.8413,88525.0799,59294.6919,639143.7258,638265.8261
002484.SZ,20251014,28.8,3.3658,5.434,0.82,37.4163,36.7942,4.0893,5.0945,4.7673,0.8958,0.8961,85052.3941,82047.2265,50819.4799,2449508.9501,2362960.1232
002485.SZ,20251014,3.52,0.3649,1.4839,1.15,,,1.5936,2.3257,2.4214,0.0,,54400.0,54400.0,13377.7333,191488.0,191488.0
002486.SZ,20251014,2.74,2.2741,2.8934,0.85,118.1553,88.5387,2.154,1.91,1.8731,0.0,,82428.31,82046.6875,64485.2894,225853.5694,224807.9238
002487.SZ,20251014,50.68,6.3467,10.5185,1.34,68.2061,38.1812,4.1616,8.5514,6.1394,0.3591,0.1579,63774.9349,63092.0266,38068.336,3232113.7007,3197503.9081
002488.SZ,20251014,10.47,4.1875,5.9726,1.45,449.5816,319.4223,2.9825,3.1035,2.9343,0.1144,0.0947,99543.9065,92008.3999,64509.2405,1042224.7011,963327.947
002489.SZ,20251014,3.6,1.5742,3.0049,1.03,16.8998,16.7375,1.7304,1.3758,1.3521,0.2778,1.1111,216901.6313,191302.8928,100222.0613,780845.8727,688690.4141
002490.SZ,20251014,6.27,16.5215,29.2385,2.57,,,9.9157,3.6882,3.229,0.0,,79784.84,54172.2,30610.5,500250.9468,339659.694
002491.SZ,20251014,5.13,2.6601,4.4634,0.87,81.6001,236.7027,2.5686,2.1646,2.1082,0.0,,122999.45,117646.8871,70115.5407,630987.1785,603528.5308
002492.SZ,20251014,8.05,5.7306,10.0375,0.75,50.0746,46.1828,1.897,9.5015,9.6596,1.4907,0.2475,40500.0,39783.4725,22713.2925,326025.0,320256.9536
002493.SZ,20251014,9.69,0.3764,1.3846,0.71,133.609,206.5529,2.3338,0.2965,0.3084,0.989,0.9889,998944.2254,936219.8504,254473.7972,9679769.5441,9071970.3504
002494.SZ,20251014,5.0,2.6373,2.9475,0.94,84.9058,309.5098,1.5468,3.7588,4.7087,0.0,,37731.0718,28677.0438,25659.0344,188655.359,143385.219
002495.SZ,20251014,2.65,3.0076,3.65,1.1,100.396,95.565,2.2629,9.2649,9.2001,0.0,0.2961,93562.56,70077.3507,57743.6991,247940.784,185704.9794
002496.SZ,20251014,1.55,1.2149,1.2596,1.24,,,1.7445,8.3453,7.1479,0.0,,150758.9677,111245.2271,107303.0711,233676.3999,172430.102
002497.SZ,20251014,14.97,4.3923,4.7095,0.72,67.1056,59.3516,1.6207,2.2362,2.3956,0.2299,0.2651,115256.252,105855.134,98727.1505,1725386.0924,1584651.356
002498.SZ,20251014,3.72,1.1876,3.5517,0.97,18.8904,22.059,1.4801,1.3365,1.3004,0.9677,1.0753,332679.6,332679.6,111238.7984,1237568.112,1237568.112
002500.SZ,20251014,6.53,1.1275,2.1752,1.08,32.9308,25.5553,1.294,7.4368,6.9083,2.144,2.2971,358977.1547,358977.1547,186075.9833,2344120.8202,2344120.8202
002501.SZ,20251014,2.49,3.4679,4.4781,1.23,,,30.045,26.5005,35.6391,0.0,,355000.0,354646.9206,274646.9206,883950.0,883070.8323
002506.SZ,20251014,2.55,3.2888,4.647,1.82,218.4424,,7.4306,0.9186,0.9429,0.0,,585031.6427,584443.1277,413625.9132,1491830.6889,1490329.9756
002507.SZ,20251014,12.97,0.9673,1.4977,1.05,18.7232,18.8996,1.7295,6.2696,6.252,2.313,3.2382,115391.9028,114891.4515,74201.6595,1496632.9793,1490142.126
002508.SZ,20251014,18.88,0.9094,1.9158,1.04,11.31,11.6628,1.6281,1.5911,1.6086,7.9379,5.2966,94493.8916,93355.1787,44316.1702,1784044.6734,1762545.7739
002510.SZ,20251014,6.86,5.9356,7.0746,0.59,73.1092,489.9268,2.8203,2.5363,2.7203,0.4058,0.4373,101513.8708,100484.6946,84306.7754,696385.1537,689325.005
002511.SZ,20251014,8.5,1.1747,2.4013,1.25,141.6687,78.2394,2.0304,1.3415,1.2926,0.7195,0.7412,128637.7813,126534.0927,61902.2839,1093421.1411,1075539.788
002512.SZ,20251014,3.66,1.9458,2.7253,1.22,168.4948,,11.9428,2.1071,2.2557,0.0,,111249.6632,109445.1782,78144.0329,407173.7673,400569.3522
002513.SZ,20251014,8.5,52.5693,63.4467,1.69,,,,1.6855,1.4121,0.0,,35556.3978,26519.5916,21973.0435,302229.3813,225416.5286
002514.SZ,20251014,7.15,7.272,9.1626,1.21,,,38.6779,15.3251,19.7119,0.0,,72003.4264,55403.4264,43971.375,514824.4988,396134.4988
002515.SZ,20251014,7.05,6.1397,7.5642,0.56,137.2756,156.6412,3.2681,24.8191,27.1317,0.2837,0.4255,121061.4164,121059.9674,98262.4995,853482.9856,853472.7702
002516.SZ,20251014,5.97,1.5739,3.1828,1.09,53.7097,52.106,2.4081,4.1848,4.0486,1.6468,1.34,147083.8682,146094.3682,72242.8268,878090.6932,872183.3782
002517.SZ,20251014,24.08,2.228,2.4809,0.85,31.5913,29.0755,6.2715,10.0515,10.0068,0.8267,0.4153,213644.3234,188904.5648,169648.8607,5144555.3075,4548821.9204
002518.SZ,20251014,41.03,3.8004,9.3615,0.95,60.5998,55.5091,5.354,5.7439,5.3921,1.1055,0.5606,58222.5094,56514.0414,22942.6516,2388869.5607,2318771.1186
002519.SZ,20251014,4.71,1.893,2.8654,1.15,,,2.2978,10.0326,23.7311,2.1231,,112643.0898,111878.5461,73912.7871,530548.953,526947.9521
002520.SZ,20251014,5.93,3.1334,4.1706,0.84,,,16.239,2.4658,3.0145,0.0,,75024.5171,71744.0171,53902.5573,444895.3864,425442.0214
002521.SZ,20251014,9.63,2.8117,3.2957,1.8,48.0173,81.2743,1.3989,1.5917,1.6325,1.8344,4.1537,56006.105,41840.7835,35695.4352,539338.7912,402926.7451
002522.SZ,20251014,4.66,1.8743,2.7415,0.96,56.9117,54.6045,1.8375,2.4682,2.5082,0.7511,0.5365,90577.9387,90501.9879,61873.165,422093.1943,421739.2636
002523.SZ,20251014,4.03,3.3835,4.9778,0.93,108.2205,80.3094,2.3363,3.0789,2.912,0.3722,0.3722,141664.08,141154.2683,95946.7355,570906.2424,568851.7012
002524.SZ,20251014,4.27,1.9283,2.5821,1.02,,,19.0396,2.4796,2.6135,0.0,,51846.7074,51017.5124,38100.6416,221385.4406,217844.7779
002526.SZ,20251014,3.78,2.5272,3.2073,0.98,59.403,55.0199,2.0995,2.8316,2.9821,0.6085,0.2646,178279.3836,177108.4438,139553.8516,673896.07,669469.9176
002527.SZ,20251014,17.68,5.2578,6.167,0.83,,,9.3714,3.4917,3.3634,0.0,,66306.1291,52928.0328,45125.1531,1172292.3625,935767.6199
002528.SZ,20251014,2.78,0.8787,1.8749,0.83,,,20.3344,3.5267,4.9982,0.0,,119867.5082,105021.9577,49219.1551,333231.6728,291961.0424
002529.SZ,20251014,7.43,2.2933,2.6758,1.21,,,8.5505,10.3069,6.6692,0.0,,26000.0,26000.0,22282.5,193180.0,193180.0
002530.SZ,20251014,10.91,5.0157,6.4834,0.75,,384.1334,6.541,6.7163,7.5126,0.0,,77919.8175,69512.3334,53776.429,850105.2089,758379.5574
002531.SZ,20251014,8.39,2.7103,5.5038,1.01,73.7437,356.4737,1.6797,3.1018,3.1468,0.8939,0.2384,179687.8658,178686.6124,87992.9437,1507581.1941,1499180.678
002532.SZ,20251014,11.52,2.0769,3.1792,1.56,12.028,11.9994,1.9225,1.9078,1.8085,3.0138,3.4428,465188.5415,413000.5452,269810.5827,5358971.9981,4757766.2807
002533.SZ,20251014,12.59,5.9593,8.1529,1.09,16.2487,15.6815,2.2523,0.523,0.4848,4.7238,3.5429,73394.1062,63764.5433,46608.6245,924031.7971,802795.6001
002534.SZ,20251014,17.8,5.3085,15.9709,1.15,33.8337,60.6389,2.9122,2.3117,2.3835,0.4968,0.9881,83593.5177,82474.1729,27413.1773,1487964.6151,1468040.2776
002535.SZ,20251014,3.93,2.9016,4.4686,1.14,33.0447,63.5094,4.5804,1.8714,1.8424,0.0,,80168.3074,74633.8485,48461.791,315061.4481,293311.0246
002536.SZ,20251014,23.36,3.6818,5.7417,0.84,40.7343,37.6887,3.9748,2.8428,2.972,1.7123,1.7123,57478.5888,54441.72,34910.072,1342699.8344,1271758.5792
002537.SZ,20251014,8.76,3.7208,4.972,1.28,209.1554,85.5505,2.48,1.3735,1.5267,0.0,,117401.6745,116919.9745,87498.0597,1028438.6686,1024218.9766
002538.SZ,20251014,5.44,2.1667,3.2104,1.22,14.9102,19.1396,0.875,1.0842,1.0486,4.4118,2.2059,85355.5763,85355.0551,57606.9751,464334.3351,464331.4997
002539.SZ,20251014,10.55,1.9878,2.2529,0.81,15.8384,14.7872,1.3988,0.6252,0.6133,1.8957,1.8957,120772.3762,88120.2205,77751.5968,1274148.5689,929668.3263
002540.SZ,20251014,6.64,2.3776,3.3795,1.19,17.9408,19.5472,1.5608,1.1173,1.0956,7.2088,4.4626,125067.9412,87106.5587,61281.6055,830451.1296,578387.5498
002541.SZ,20251014,20.0,2.8506,4.0161,1.88,17.8698,21.8211,1.4738,0.6414,0.6348,2.59,1.7931,69001.7142,49612.6413,35214.8462,1380034.284,992252.826
002542.SZ,20251014,3.65,2.4832,4.2503,1.44,,,9.8763,4.3084,5.6199,0.0,,180611.6738,175877.1284,102755.3211,659232.6094,641951.5187
002543.SZ,20251014,12.48,1.3394,3.8311,1.53,14.1116,13.6202,1.878,1.264,1.2188,4.7611,2.0775,74360.0,66161.1003,23130.3926,928012.8,825690.5317
002544.SZ,20251014,24.15,3.692,6.3086,1.09,1468.4547,,4.4419,3.3051,3.6048,0.1084,0.0344,68053.389,68046.9046,39823.3713,1643489.3444,1643332.7461
002545.SZ,20251014,14.08,3.7158,8.2414,1.91,31.043,22.3918,1.9135,4.1744,4.0132,2.1307,2.1307,124406.2083,113016.3708,50955.2619,1751639.4129,1591270.5009
002546.SZ,20251014,6.06,2.5754,4.3086,1.02,18.953,10.191,1.4854,6.5936,6.3131,1.9802,1.9802,83404.9096,80123.2096,47892.9178,505433.7522,485546.6502
002547.SZ,20251014,5.14,4.9535,6.8969,0.88,,,,2.6273,2.6637,0.0,,112805.7168,110480.7166,79349.7165,579821.3844,567870.8833
002548.SZ,20251014,4.86,4.8469,7.1571,1.09,133.4625,83.1065,2.6196,0.8823,0.8411,0.0,,82817.3658,80447.1492,54479.6092,402492.3978,390973.1451
002549.SZ,20251014,28.52,33.3929,62.8727,1.73,,313.6698,9.6807,33.7246,32.1111,0.0,,69534.7901,69235.9526,36772.5135,1983132.2137,1974609.3682
002550.SZ,20251014,8.78,2.3589,2.7073,1.06,31.5608,26.0536,4.2794,7.3623,7.3326,1.3347,1.3347,127980.0,94124.018,82010.0009,1123664.4,826408.878
002551.SZ,20251014,3.93,2.4062,2.8254,1.08,149.1249,6684.6518,1.2672,2.2944,2.4709,0.0,0.2033,84549.4578,61118.6722,52050.1888,332279.3692,240196.3817
002552.SZ,20251014,17.1,3.7348,9.4475,1.21,26.7922,39.4098,3.806,2.2924,2.3622,0.8621,0.8621,38798.5331,32023.3796,12659.5432,663454.916,547599.7912
002553.SZ,20251014,29.2,6.7139,7.889,1.12,416.5819,39.9185,7.6599,12.9594,12.1735,0.6849,0.6849,34800.0,25080.0,21343.9968,1016160.0,732336.0
002554.SZ,20251014,3.08,2.3357,3.6714,1.14,,,1.7082,1.5749,1.8548,0.2611,,133372.0072,133347.0525,84835.2904,410785.7822,410708.9217
002555.SZ,20251014,20.05,3.8129,4.3358,0.96,16.5937,15.7925,3.5377,2.5432,2.6568,4.9593,4.9593,221223.7681,159896.7293,140614.2273,4435536.5504,3205929.4225
002556.SZ,20251014,5.56,1.122,1.8032,1.07,31.1547,50.5368,1.4772,0.3362,0.3507,3.4931,3.4931,94651.808,94562.1156,58837.6831,526264.0525,525765.3627
002557.SZ,20251014,21.19,1.0572,1.8437,0.98,12.6184,17.826,2.0966,1.5031,1.5346,4.679,6.0306,50585.5153,50477.3428,28944.9785,1071907.0692,1069614.8939
002558.SZ,20251014,39.95,1.9391,3.193,0.78,54.2446,52.076,5.6173,26.4445,24.4761,0.5391,0.7093,193475.0611,193475.0611,117497.082,7729328.6909,7729328.6909
002559.SZ,20251014,10.47,6.6738,7.3511,0.96,76.7462,72.3587,3.3128,2.7977,2.804,0.9551,0.7082,54976.5024,50040.7524,45429.8385,575603.9801,523926.6776
002560.SZ,20251014,7.51,3.5467,4.11,1.05,154.879,78.0472,1.5137,0.6367,0.5497,1.3267,1.3267,52573.857,45293.6002,39085.3022,394829.6661,340154.9375
002561.SZ,20251014,8.67,2.1764,3.4264,0.98,853.1665,462.5018,1.6464,8.2287,8.9942,1.3841,0.692,41576.3,41443.9567,26324.9866,360466.521,359319.1046
002562.SZ,20251014,7.66,15.3474,17.4936,0.98,199.6377,89.3052,2.5563,2.3676,2.3267,0.0,,106370.0541,70152.8783,61546.3733,814794.6144,537371.0478
002563.SZ,20251014,5.65,2.3018,7.1981,1.23,13.3828,16.728,1.3544,1.0408,1.0271,5.3097,6.1947,269409.016,220844.234,70621.6215,1522160.9404,1247769.9221
002564.SZ,20251014,8.53,3.7023,5.3106,0.68,304.7769,,56.1126,2.9737,2.9224,0.0,,85890.4477,85890.4477,59878.5677,732645.5189,732645.5189
002565.SZ,20251014,7.1,2.0582,2.5759,0.59,165.9992,145.8821,4.2084,4.9568,5.2545,0.3662,0.5481,105998.8922,105994.3922,84693.0772,752592.1346,752560.1846
002566.SZ,20251014,7.83,1.46,1.6967,0.79,49.7513,69.0769,1.1666,3.8765,3.9962,1.9157,1.2771,33095.16,23179.0468,19945.3335,259135.1028,181491.9364
002567.SZ,20251014,4.83,2.0207,2.4675,1.06,19.4748,23.7992,1.1939,0.2843,0.2665,0.0,,143305.1393,143145.199,117225.4342,692163.8228,691391.3112
002568.SZ,20251014,26.18,2.5112,3.5207,2.01,38.1719,38.8953,6.0062,9.0058,9.4372,0.0,1.1341,104854.8555,72275.8275,51551.9751,2745100.117,1892181.164
002569.SZ,20251014,9.16,0.6396,0.7547,0.54,,,54.9034,9.9711,11.4904,0.0,,14401.0,13995.6425,11862.2665,131913.16,128200.0853
002570.SZ,20251014,6.41,5.1699,5.8937,1.15,67.2566,55.188,4.1453,2.4962,2.5532,0.0,,108004.3333,107999.5333,94736.5862,692307.7765,692277.0085
002572.SZ,20251014,12.8,2.393,2.8461,1.26,8.9916,10.9503,1.8016,1.1746,1.2186,7.7205,7.8125,96304.7164,65146.362,54775.2438,1232700.3699,833873.4336
002573.SZ,20251014,3.94,0.6965,1.6389,1.15,,,0.9487,0.6397,0.6278,2.5716,,141526.7079,141274.7479,60042.693,557615.2291,556622.5067
002574.SZ,20251014,5.85,4.6244,10.0762,2.32,171.8151,,1.0262,0.7851,0.8979,1.7094,,52800.0,52800.0,24232.0827,308880.0,308880.0
002575.SZ,20251014,7.38,2.8609,3.1279,0.62,,,5.4993,12.3125,10.8788,0.0,,61650.0,59111.9,54064.9,454977.0,436245.822
002576.SZ,20251014,17.28,3.3494,4.6834,1.0,42.9029,37.0733,2.2177,1.703,1.5414,0.3183,0.4629,16510.0,16202.7571,11587.7571,285292.8,279983.6427
002577.SZ,20251014,19.2,1.0071,2.4048,0.79,147.1901,176.581,4.5305,12.3626,12.6894,0.0,,28175.68,28174.18,11798.8922,540973.056,540944.256
002578.SZ,20251014,3.53,4.5466,7.9124,1.39,159.4949,406.3184,2.1681,1.4864,1.6801,1.1331,,93863.0183,86116.2561,49483.0537,331336.4546,303990.384
002579.SZ,20251014,11.43,5.6407,7.9059,1.6,,1813.0889,2.9036,2.3881,2.1772,0.0,,61261.862,58337.6744,41622.6228,700223.0827,666799.6184
002580.SZ,20251014,13.47,3.1169,4.0561,0.73,29.7852,27.8198,2.662,2.0277,1.8541,0.4232,0.297,45386.8993,45233.88,34759.9802,611361.5336,609300.3636
002581.SZ,20251014,7.47,0.9566,1.1725,0.78,,,2.6426,13.6741,22.3609,0.0,,65973.5586,40079.1161,32696.8361,492822.4827,299390.9973
002582.SZ,20251014,9.09,2.0253,2.2779,0.83,,,1.3096,2.4374,2.6392,10.8131,10.7205,44770.7891,34424.2203,30607.3682,406966.4729,312916.1625
002583.SZ,20251014,11.22,2.8344,3.345,1.18,,,8.095,3.3221,3.6033,0.0,,181861.9381,128272.1049,108689.5828,2040490.9455,1439213.017
002584.SZ,20251014,9.22,9.8356,11.6355,0.87,87.3466,,2.4279,0.6903,0.746,0.5748,0.3579,58521.6422,46842.6527,39596.5347,539569.5411,431889.2579
002585.SZ,20251014,5.75,2.2696,2.9587,1.01,,,0.7633,1.1107,1.1497,0.5241,0.5217,114132.2612,88656.1788,68006.6736,656260.5019,509773.0281
002586.SZ,20251014,3.7,1.1152,1.6008,0.58,,,1.4364,1.7052,1.7299,0.0,,114422.3714,89692.0799,62484.0799,423362.7742,331860.6956
002587.SZ,20251014,5.95,2.0869,2.3105,0.75,,,2.9513,5.3668,5.5247,1.0069,0.3352,65154.4156,52339.2294,47276.1404,387668.7728,311418.4149
002588.SZ,20251014,9.27,1.5929,2.5049,0.93,12.9262,11.5749,1.5038,1.0405,0.9724,1.4044,3.2902,115189.198,85859.757,54600.1159,1067803.8655,795919.9474
002589.SZ,20251014,2.86,1.4111,1.7241,1.22,208.6878,554.3781,0.8045,0.5402,0.5755,0.6993,0.3827,150471.0471,136559.1548,111772.0415,430347.1947,390559.1827
002590.SZ,20251014,13.9,3.471,6.6051,0.98,34.1546,34.7567,2.4606,1.664,1.5628,0.0,0.4309,51905.2477,49495.6865,26010.4821,721482.943,687990.0424
002591.SZ,20251014,6.05,4.0642,4.7324,0.69,,,2.7684,4.1263,4.4213,0.0,,30019.9484,22351.2462,19195.2622,181620.6878,135225.0395
002592.SZ,20251014,6.61,1.098,1.7398,0.87,26.7616,19.5353,1.9887,2.8425,2.8013,0.0,,28333.1157,26271.637,16580.1814,187281.8948,173655.5206
002593.SZ,20251014,5.13,3.1041,4.3874,0.85,79.3378,70.7647,1.7235,1.3435,1.2712,0.9747,0.9747,80385.8029,55884.9118,39539.5243,412379.1689,286689.5975
002594.SZ,20251014,105.99,2.2017,3.1247,1.09,24.0057,22.9349,4.5917,1.2435,1.1405,0.9742,1.2498,911719.7565,348724.1823,245715.3663,96633176.9914,36961276.082
002595.SZ,20251014,55.3,0.6956,1.4128,1.25,21.9944,19.6787,4.0972,5.0196,4.4503,1.8051,1.3989,80000.0,79456.4361,39123.5162,4424000.0,4393940.9163
002596.SZ,20251014,3.89,4.1761,5.8029,0.83,,,6.5511,3.4243,3.7421,0.0,,114758.0518,114652.5268,82510.2626,446408.8215,445998.3293
002597.SZ,20251014,20.99,0.8362,1.4983,0.78,21.427,18.5258,1.5882,2.2494,2.2903,0.92,3.8065,56831.9878,56681.8818,31633.1595,1192903.4239,1189752.699
002598.SZ,20251014,11.41,3.1081,4.8393,1.07,49.772,78.6643,2.9661,1.7064,1.6775,0.8763,0.8764,31204.7038,28144.3664,18075.9301,356045.6704,321127.2206
002599.SZ,20251014,7.99,3.2284,3.7254,0.99,,,3.4795,2.081,2.1108,0.2503,0.2503,53267.9787,39800.6736,34490.995,425611.1498,318007.3821
002600.SZ,20251014,15.51,4.9432,11.8355,0.64,64.3839,56.7024,5.0032,2.5536,2.3174,0.1857,0.1242,727895.6824,717043.2426,299477.4193,11289662.034,11121340.6927
002601.SZ,20251014,19.53,1.5709,2.1129,1.1,21.4906,25.4337,2.0069,1.6939,1.7227,4.6014,4.0744,238629.3256,198781.5761,147791.5015,4660430.729,3882204.1812
002602.SZ,20251014,19.54,1.8073,2.2232,0.91,119.6381,53.5339,5.1019,6.4167,4.7509,0.0,,742808.3118,685423.4423,557202.3904,14514474.4126,13393174.0625
002603.SZ,20251014,15.87,1.0242,1.8845,1.1,,,2.4385,4.0711,4.4574,1.8904,,167070.5376,137684.6739,74827.9059,2651409.4317,2185055.7748
002605.SZ,20251014,26.54,1.9349,3.1304,1.08,20.5633,21.7058,3.1284,3.3881,3.9568,3.3606,1.8781,41762.7419,33721.8241,20844.0262,1108383.17,894977.2116
002606.SZ,20251014,8.81,1.991,2.7634,1.17,18.3229,21.6517,2.2122,2.5857,2.5646,0.7531,0.9554,43907.322,42114.2055,30343.3746,386823.5068,371026.1505
002607.SZ,20251014,2.87,8.9163,9.7561,2.87,96.3662,136.6194,22.5145,6.7389,7.5838,0.0,,616739.9389,508399.7378,464639.685,1770043.6246,1459107.2475
002608.SZ,20251014,8.3,0.6193,3.2913,0.81,9.6843,9.4583,0.9328,0.8724,0.9258,1.2048,1.2048,377807.9704,377807.9704,71091.8133,3135806.1543,3135806.1543
002609.SZ,20251014,9.62,4.072,5.9293,2.0,197.2145,110.8328,2.6184,3.9205,3.6195,1.3069,0.7257,64343.8841,45940.0191,31550.0167,618988.165,441942.9837
002611.SZ,20251014,18.31,8.4194,10.0148,1.12,44.5255,30.3601,4.1653,4.665,4.6671,0.0,0.71,121728.634,100219.7707,84254.3281,2228851.2885,1835024.0015
002612.SZ,20251014,16.99,2.0602,2.8288,0.98,29.2266,19.8091,2.6269,1.3209,1.2983,2.6486,2.3543,44244.5375,25473.9227,18552.8277,751714.6921,432801.9467
002613.SZ,20251014,4.11,3.2431,4.268,1.53,74.8391,120.2951,2.0374,2.7683,2.6627,1.3467,0.7299,110056.8692,77225.6538,58679.5262,452333.7324,317397.4371
002614.SZ,20251014,6.61,1.8076,2.0923,0.96,64.1543,60.9993,0.9498,0.8527,0.8312,4.5386,1.5129,62347.8134,44100.4791,38099.4768,412119.0466,291504.1669
002615.SZ,20251014,7.87,2.2394,2.8555,0.88,12.8061,14.7232,2.1137,1.1015,1.0454,1.2583,3.1586,46626.7732,30586.0707,23986.9711,366952.7051,240712.3764
002616.SZ,20251014,6.51,4.384,7.5962,1.53,22.6098,19.2261,1.7728,1.294,1.3055,1.5145,2.2719,75254.6241,48081.0141,27748.7241,489907.6029,313007.4018
002617.SZ,20251014,8.71,4.9826,6.0285,0.78,64.9158,73.4827,2.6649,4.5065,4.6917,0.0,,192300.5903,189145.3762,156328.6899,1674938.1415,1647456.2267
002620.SZ,20251014,5.77,1.4181,2.0098,0.56,,,171.6535,2.7827,3.6222,0.0,,37749.4,31536.0303,22251.3747,217814.038,181962.8948
002622.SZ,20251014,3.18,6.4039,8.4052,0.9,,,7.1656,3.1004,3.3676,0.0,,84000.0,83997.525,63997.525,267120.0,267112.1295
002623.SZ,20251014,20.06,2.883,5.5787,1.87,,,1.3889,1.3803,1.7948,2.4174,2.4174,19906.25,19863.6125,10265.115,399319.375,398464.0668
002624.SZ,20251014,17.15,1.8758,2.613,0.83,,,4.8123,5.9726,5.1173,2.6236,1.3147,193996.8404,182773.3041,131204.2939,3327045.8129,3134562.1653
002625.SZ,20251014,48.75,2.4151,3.5515,1.21,161.1064,155.2974,11.27,67.4275,63.6991,0.4768,0.4768,215458.7862,215458.0737,146516.6742,10503615.8273,10503581.0929
002626.SZ,20251014,19.7,1.3398,2.8748,0.73,35.135,26.1657,2.775,3.7085,3.4877,1.0152,2.0305,60993.4771,60984.2271,28420.1946,1201571.4989,1201389.2739
002627.SZ,20251014,5.87,3.1645,4.8286,0.86,36.1708,33.4449,1.3824,5.7376,5.5469,1.6208,1.6208,72460.1378,71710.7567,46997.6073,425341.0089,420942.1418
002628.SZ,20251014,5.05,3.9532,4.9817,1.27,,,1.3322,4.7174,4.9381,0.0,,75710.0415,75378.4802,59815.7324,382335.7096,380661.325
002629.SZ,20251014,8.48,7.0138,7.3018,0.7,250.4855,179.154,80.351,11.3162,12.9475,0.0,,42609.8,35595.0433,34191.0987,361331.104,301845.9672
002630.SZ,20251014,2.86,3.5687,3.5687,0.61,,,13.5706,1.3022,1.5837,0.0,,118080.0,103027.2887,103027.2887,337708.8,294658.0457
002631.SZ,20251014,5.68,12.9448,27.3839,1.73,,,2.0576,2.9699,3.312,0.4363,,79728.2881,79357.2352,37513.5082,452856.6764,450749.0959
002632.SZ,20251014,10.29,4.8611,10.6405,0.93,37.8206,33.7545,3.0954,4.4595,4.2628,4.1788,2.5267,62459.909,58188.6011,26583.7298,642712.4636,598760.7053
002633.SZ,20251014,15.95,1.2261,2.5437,0.71,348.5456,679.7898,5.6552,7.3788,7.9143,0.0,,15000.0,14941.875,7202.2063,239250.0,238322.9063
002634.SZ,20251014,4.94,2.5889,3.681,0.76,,,15.1284,2.0526,3.444,0.0,,45935.2513,44651.4538,31403.3526,226920.1414,220578.1818
002635.SZ,20251014,13.81,3.1755,4.0816,0.65,34.7691,61.1202,1.5793,1.8997,1.9937,2.1723,1.4482,65968.6776,39535.1687,30759.1883,911027.4377,545980.6797
002636.SZ,20251014,13.5,4.1624,12.2177,2.31,265.1997,261.4571,2.9056,2.4276,2.3816,0.4444,0.6296,72800.0,72431.5417,24676.6217,982800.0,977825.813
002637.SZ,20251014,10.34,1.078,1.7088,0.8,35.9408,34.4635,1.2793,0.4507,0.3824,0.952,1.1359,47040.1,44272.315,27927.489,486394.634,457775.7371
002638.SZ,20251014,2.68,2.9805,4.2877,0.58,,,1.7413,10.1741,9.1647,0.0,,143659.4349,134705.7259,93638.6731,385007.2855,361011.3454
002639.SZ,20251014,11.38,18.3605,19.5269,2.05,244.2625,218.7415,3.5221,3.8482,3.6006,0.0,,77260.2178,65061.9306,61175.6299,879221.2786,740404.7702
002640.SZ,20251014,4.91,5.6773,6.5823,0.96,,,8.9027,1.3376,1.4087,0.0,,155804.133,154826.2005,133540.6694,764998.293,760196.6445
002641.SZ,20251014,4.33,2.4112,5.7561,1.13,27.9454,48.2678,0.977,0.8061,0.8371,2.2874,1.1437,122909.3871,113399.4653,47501.9775,532197.6461,491019.6847
002642.SZ,20251014,8.82,4.1026,5.1953,0.92,207.6055,235.3299,4.9555,2.8864,3.4829,0.0,,66158.0313,66158.0313,52243.3661,583513.8361,583513.8361
002643.SZ,20251014,13.45,2.8929,5.0837,1.02,50.4056,49.818,1.7498,3.3612,3.4417,2.2478,0.7491,92295.9225,90929.557,51744.9701,1241380.1576,1223002.5417
002644.SZ,20251014,8.76,0.9693,2.58,1.4,74.4693,82.7187,2.4662,4.5636,4.9119,0.3425,0.137,51065.7,51065.7,19185.9464,447335.532,447335.532
002645.SZ,20251014,16.99,17.738,30.1012,1.51,,,2.7938,1.9122,1.7656,0.0,,62760.036,55892.7551,32936.4091,1066293.0116,949617.9091
002646.SZ,20251014,9.73,1.1197,1.9277,1.43,110.6368,333.5027,1.6251,3.715,3.9861,1.6854,0.1137,47910.7974,47592.9624,27644.6584,466172.0587,463079.5242
002647.SZ,20251014,6.74,2.0937,2.5686,0.83,,,11.8837,6.573,8.5336,0.0,,113029.1657,67773.5988,55241.1909,761816.5768,456794.0559
002648.SZ,20251014,18.54,1.5,3.0259,1.01,10.286,9.2396,2.0072,1.3682,1.2564,2.1575,2.6872,336864.569,336648.2485,166886.0266,6245469.1093,6241458.5272
002649.SZ,20251014,13.45,3.0506,3.12,1.21,63.3503,45.5325,1.8842,1.1412,1.1447,0.1933,1.2714,58534.4532,54854.337,53635.4791,787288.3955,737790.8327
002650.SZ,20251014,7.15,1.2329,2.1334,1.59,,,4.3439,6.332,6.6154,0.0,,115200.02,115196.27,66570.35,823680.143,823653.3305
002651.SZ,20251014,11.56,6.223,12.6943,1.16,99.4739,127.7404,4.3036,15.3904,16.0245,0.346,0.519,103346.0,56546.3641,27720.228,1194679.76,653675.969
002652.SZ,20251014,3.72,2.872,4.1026,0.6,271.7749,,7.4844,5.5968,6.1233,0.0,,51206.4,51206.4,35846.4,190487.808,190487.808
002653.SZ,20251014,49.3,0.7512,1.4338,0.83,139.6162,153.554,13.5834,14.8365,13.6814,0.6962,0.5477,111991.797,48149.7408,25225.9553,5521195.5921,2373782.2214
002654.SZ,20251014,14.47,8.9956,11.8201,0.63,195.0011,247.3422,7.8771,2.5098,2.2559,0.0,,84530.2544,84524.2544,64326.429,1223152.7812,1223065.9612
002655.SZ,20251014,12.46,5.5783,6.4131,1.19,56.8586,51.681,6.3382,3.7142,3.3786,0.2408,0.2408,36000.0,35990.1075,31305.306,448560.0,448436.7395
002656.SZ,20251014,2.27,0.8146,1.025,0.92,,,3.6893,7.4709,4.7602,0.0,,71251.9844,67658.9803,53770.5607,161742.0046,153585.8853
002657.SZ,20251014,31.52,6.4007,6.9921,0.88,,,6.1159,9.1864,8.8573,0.0,,34005.1995,33628.7015,30784.6964,1071843.8882,1059976.6713
002658.SZ,20251014,8.34,6.0892,8.1874,1.25,31.4615,29.2738,2.126,3.7335,3.6784,3.5335,2.9446,63576.0924,35865.7749,26674.2749,530224.6106,299120.5627
002659.SZ,20251014,5.68,7.1095,10.1565,0.73,,,1.57,10.6299,10.0325,0.0,,59828.0384,59827.7572,41879.3478,339823.2581,339821.6609
002660.SZ,20251014,9.97,3.6693,6.6946,0.72,52.6878,298.7076,2.8737,2.7456,2.6256,1.003,1.003,35662.6019,34298.671,18799.1556,355556.1409,341957.7499
002661.SZ,20251014,9.46,0.9861,1.6327,1.2,21.5931,21.9554,1.3647,0.6901,0.7318,2.0552,2.8913,33313.7742,31457.1817,19000.1543,315148.3039,297584.9389
002662.SZ,20251014,3.8,2.2479,3.8773,0.86,16.1052,21.8344,1.322,1.8418,1.9646,2.6316,1.8947,150000.0,149998.11,86961.3328,570000.0,569992.818
002663.SZ,20251014,2.08,2.5695,3.1093,1.19,,,1.5112,1.8025,1.8523,0.0,,172334.8902,129289.2119,106844.7935,358456.5716,268921.5608
002664.SZ,20251014,29.19,3.4523,7.4858,1.14,565.3631,,3.4463,2.0133,2.0171,0.2392,,40820.0,40257.6088,18565.9,1191535.8,1175119.6009
002666.SZ,20251014,5.3,2.7844,3.6273,1.03,60.7249,53.7546,1.1709,0.8422,0.782,1.1895,,78799.9301,50066.8201,38431.6691,417639.6295,265354.1465
002667.SZ,20251014,11.88,7.6319,9.6904,1.67,,,7.8544,5.4055,8.4489,0.0,,24237.1,23623.475,18605.2757,287936.748,280646.883
002668.SZ,20251014,9.58,1.0516,2.3628,0.69,10.1897,9.4554,3.3877,0.5656,0.5502,0.0,,108411.1428,108411.1428,48250.6196,1038578.748,1038578.748
002669.SZ,20251014,13.39,3.2778,4.6139,1.07,,,1.5159,1.31,1.0164,0.5194,,30340.0,30189.835,21447.6729,406252.6,404241.8907
002670.SZ,20251014,20.88,5.0154,15.1163,0.49,241.3464,121.6514,3.5719,26571.8449,26871.0518,0.0,,193508.4653,162335.0634,53860.679,4040456.7555,3389556.1238
002671.SZ,20251014,5.02,2.5454,4.2998,1.11,43.1433,32.7434,1.6703,2.4682,2.1034,0.0,,56369.4346,55026.3523,32574.1461,282974.5617,276232.2885
002672.SZ,20251014,4.81,1.3042,2.6923,0.99,,,1.599,1.5247,1.5482,0.0,,110525.5802,90511.8302,43846.2783,531628.0408,435361.9033
002673.SZ,20251014,8.57,1.0882,1.8894,0.75,27.2966,24.9609,1.3079,5.7068,6.2063,1.1669,1.1654,446958.1705,410917.8858,236669.8575,3830431.5212,3521566.2813
002674.SZ,20251014,14.24,2.9788,6.4203,0.77,29.7128,36.361,1.7542,1.4261,1.3896,4.1609,1.0534,29555.0944,29256.3652,13574.0102,420864.5443,416610.6404
002675.SZ,20251014,14.48,1.2883,1.6159,1.11,64.9536,74.3062,2.6607,4.1619,4.2162,1.2086,0.5525,82459.5705,74338.3994,59266.9525,1194014.5808,1076420.0233
002676.SZ,20251014,9.12,2.5907,4.1992,0.91,121.2517,93.936,5.052,2.4345,2.2681,0.1096,0.2193,72000.0,71997.6459,44419.1756,656640.0,656618.5306
002677.SZ,20251014,7.39,2.8337,6.1668,1.1,43.2268,189.6982,3.2501,5.4413,7.5713,10.1488,4.0595,64605.1647,53487.0719,24577.4219,477432.1671,395269.4613
002678.SZ,20251014,4.5,0.9114,5.5038,1.08,,,1.8376,9.0264,11.0374,0.0445,,135832.0323,135757.4448,22480.9325,611244.1454,610908.5016
002679.SZ,20251014,10.85,3.2089,8.8225,1.14,245.6973,89.2136,3.4676,16.9712,15.0757,0.235,0.3373,23575.6,23575.6,8574.8126,255795.26,255795.26
002681.SZ,20251014,6.73,3.9578,4.4047,0.96,124.4001,430.9044,5.0446,3.8414,4.0348,0.0,,179465.2232,153268.078,137717.7432,1207800.9521,1031494.1649
002682.SZ,20251014,4.51,2.7784,3.9191,1.43,,,2.2951,0.8452,0.9203,0.0,,56236.8594,56236.0194,39868.7379,253628.2359,253624.4475
002683.SZ,20251014,41.84,1.7854,2.6682,0.9,35.4196,32.1584,4.8643,2.3292,1.8404,1.8037,1.5405,76000.2247,66038.5192,44189.0719,3179849.4014,2763051.6433
002685.SZ,20251014,7.58,3.1941,4.1079,1.13,62.0773,62.5915,4.9029,6.4499,7.7077,0.0,,100769.0641,100755.6316,78342.2164,763829.5059,763727.6875
002686.SZ,20251014,6.74,3.1884,5.5846,1.21,168.1483,132.086,2.3051,2.358,2.2409,0.2967,0.1482,56623.9133,52273.2608,29843.7027,381645.1756,352321.7778
002687.SZ,20251014,4.56,2.4301,3.411,1.37,26.0584,40.1968,1.5512,1.8233,1.8125,4.2343,,50477.9491,41344.9634,29456.2555,230179.4479,188533.0331
002688.SZ,20251014,7.04,5.4992,8.1831,1.68,54.2143,36.9297,2.3414,2.2915,2.0156,1.4027,1.3845,77163.4398,74746.3617,50230.3646,543230.6162,526214.3864
002689.SZ,20251014,3.91,2.1836,4.4808,1.04,225.165,86.4519,3.3959,3.3915,3.2699,0.0,,104331.0725,104291.1524,50823.7754,407934.4935,407778.4059
002690.SZ,20251014,19.9,1.6478,2.3877,0.77,27.0444,25.8178,6.9972,7.5977,7.3059,3.51,3.5177,88223.505,43362.6565,29926.084,1755647.7495,862916.8644
002691.SZ,20251014,8.02,4.0535,11.2877,0.55,,,3.1538,7.1254,7.4855,0.0,,34000.0,33598.0305,12065.205,272680.0,269456.2046
002692.SZ,20251014,5.37,2.1071,2.9548,1.04,54.9246,55.4876,3.2083,0.8671,0.8036,0.3724,0.3724,71814.6,71770.8975,51180.2935,385644.402,385409.7196
002693.SZ,20251014,7.58,1.4289,2.8053,0.63,,,8.3833,18.0439,19.233,0.0,,41468.975,41098.1596,20933.7944,314334.8305,311524.0498
002694.SZ,20251014,4.14,1.4025,2.3382,1.52,,,27.7251,3.7519,3.5886,0.0,,76308.48,71878.07,43114.8408,315917.1072,297575.2098
002695.SZ,20251014,12.34,1.6998,4.6513,1.12,171.1836,121.9011,2.4896,3.9693,4.1513,1.4521,0.8914,55946.6901,51133.6184,18686.453,690382.1558,630988.8511
002696.SZ,20251014,6.84,4.9275,8.8949,2.34,,111.7172,1.7603,0.7698,0.6679,0.0,,34636.2262,33448.6948,18529.3967,236911.7872,228789.0724
002697.SZ,20251014,5.65,2.1996,3.5534,1.05,14.7438,14.3525,1.675,0.759,0.7885,2.1947,2.0354,136000.0,114490.25,70870.425,768400.0,646869.9125
002698.SZ,20251014,16.4,2.1313,3.2937,1.06,31.9901,31.7085,4.4058,5.8581,6.0484,1.5136,1.5244,102256.1271,84143.8449,54446.8272,1677000.4844,1379959.0564
002700.SZ,20251014,7.24,5.7719,7.1239,1.92,32.1377,37.8936,2.2307,4.2677,4.193,0.9945,0.9116,41362.8185,26346.4874,21346.4287,299466.8059,190748.5688
002701.SZ,20251014,6.37,8.3289,12.4068,3.74,20.6267,14.2385,1.6878,1.1926,0.8962,1.8838,1.8838,255976.0469,255740.5761,171683.5155,1630567.4188,1629067.4698
002702.SZ,20251014,4.31,3.0272,4.0108,0.96,,,2.2735,1.4037,1.499,0.9281,,55576.0,45874.375,34624.5,239532.56,197718.5563
002703.SZ,20251014,12.74,5.3374,10.2658,0.74,70.2795,59.7952,5.2751,3.891,3.3903,0.1908,0.471,82263.2384,58604.8074,30470.0328,1048033.6572,746625.2463
002705.SZ,20251014,15.25,0.994,2.9775,1.05,11.7597,10.7326,1.4843,0.736,0.7326,2.6432,2.9277,81187.578,80810.34,26976.7439,1238110.5645,1232357.685
002706.SZ,20251014,11.25,4.5873,5.0998,1.22,40.4826,39.2579,3.1564,2.9815,2.7698,2.2222,1.8885,112312.502,91498.959,82303.7979,1263515.6475,1029363.2888
002707.SZ,20251014,6.99,2.2509,2.7566,0.67,64.8534,92.0868,7.6247,1.0641,1.0233,0.0,,98271.5033,82520.7225,67382.439,686917.8081,576819.8503
002708.SZ,20251014,13.6,4.7439,6.8231,0.67,149.8599,126.3371,4.5528,3.3099,3.1252,0.0,,56209.7967,51399.5122,35736.6913,764453.2351,699033.3659
002709.SZ,20251014,34.56,9.2112,11.066,0.73,136.7144,128.6401,5.1307,5.2851,4.6932,0.8714,0.288,191435.6799,138491.7203,115279.5676,6616017.0973,4786273.8536
002712.SZ,20251014,5.28,2.1681,3.4865,1.11,,,2.1039,0.4653,0.4148,0.0,,54427.6198,54090.0273,33635.5884,287377.8325,285595.3441
002713.SZ,20251014,6.93,14.0898,21.0256,27.19,,,,2.2434,3.7524,0.0,,41953.698,41150.0831,27575.6229,290739.1271,285170.0759
002714.SZ,20251014,53.7,1.5476,2.4327,1.14,16.4055,10.6356,3.7888,2.1265,1.862,1.5357,2.5866,546277.1029,381059.5164,242414.9723,29335080.4257,20462896.0307
002715.SZ,20251014,22.76,3.7739,5.8067,0.87,612.0754,118944.3879,6.5655,6.1459,6.0228,0.0,0.1406,13800.0,13800.0,8968.8196,314088.0,314088.0
002716.SZ,20251014,7.63,18.5819,22.3417,1.46,126.8806,123.9055,6.4081,2.5911,2.2669,0.0,,282308.8646,219309.9088,182403.5116,2154016.6369,1673334.6041
002717.SZ,20251014,1.52,1.6849,1.8772,0.57,,,2.955,3.2103,6.4595,0.0,,182023.3558,161520.007,144971.1591,276675.5008,245510.4106
002718.SZ,20251014,22.81,5.861,9.2171,0.97,,,3.2689,4.8022,5.3631,0.8635,,13144.7829,5650.589,3593.1124,299832.4979,128889.9351
002719.SZ,20251014,9.65,4.3045,5.3872,0.9,,,7.4093,2.6455,2.7045,0.0,,17413.9457,16186.1095,12932.9165,168044.576,156195.9567
002721.SZ,20251014,3.57,2.7298,3.9047,1.3,652.9701,,4.5967,25.4708,15.9529,0.0,,265937.8615,265937.8615,185915.208,949398.1656,949398.1656
002722.SZ,20251014,15.47,3.0956,4.4902,1.2,21.7839,25.347,1.2295,1.3999,1.5369,1.1433,1.3793,22192.253,19083.6699,13156.7871,343314.1539,295224.3734
002723.SZ,20251014,7.61,9.3024,13.4302,1.24,,,2.4661,1.6546,1.9485,0.2389,,33234.9876,31711.3683,21964.8834,252918.2556,241323.5128
002724.SZ,20251014,7.62,2.0048,4.8913,1.17,,,2.1638,3.4301,3.2742,0.5151,0.6528,77149.7994,57176.5616,23435.4665,587881.4714,435685.3994
002725.SZ,20251014,15.26,7.273,10.3391,0.52,82.7758,73.1295,3.8263,5.5147,5.8834,0.0,,25600.0,21201.3809,14913.8789,390656.0,323533.0725
002726.SZ,20251014,4.91,1.9192,3.2058,0.73,245.109,,3.8765,0.4822,0.4852,0.0,,107916.0689,107711.3189,64483.7189,529867.8983,528862.5758
002727.SZ,20251014,13.83,1.5682,2.0497,1.03,70.9569,98.9072,1.1089,0.4499,0.4599,2.9436,3.5445,58560.4125,39731.2433,30399.4531,809890.5049,549483.0948
002728.SZ,20251014,8.87,2.6276,3.1621,1.35,221.8741,81.4736,2.5639,6.6115,5.2559,4.0105,0.5486,51266.1866,37647.3716,31283.5389,454731.0751,333932.1861
002729.SZ,20251014,14.12,2.1827,3.2408,1.01,70.3907,53.3072,4.7196,6.8653,5.9251,0.1983,0.1983,18296.992,17546.3711,11817.7486,258353.527,247754.7599
002730.SZ,20251014,15.89,1.8288,3.884,1.13,60.9275,61.7635,3.5783,4.8382,4.815,0.8181,0.8181,36207.988,34602.988,16293.588,575344.9293,549841.4793
002731.SZ,20251014,13.2,10.3584,13.3398,3.2,15.604,13.7988,1.8719,0.7619,0.7373,0.5379,0.6818,25615.6,22965.64,17832.8658,338125.92,303146.448
002732.SZ,20251014,16.81,1.1856,2.8234,1.51,25.7336,32.4753,1.7799,1.527,1.6081,0.8923,0.8923,15735.0,15649.8811,6571.5211,264505.35,263074.5013
002733.SZ,20251014,21.5,9.3911,14.9878,0.95,85.0714,71.6085,3.0231,2.3243,2.3094,0.6894,0.4574,38421.4913,36886.2759,23112.2674,826062.063,793054.9319
002734.SZ,20251014,20.73,18.7662,23.4491,2.12,113.151,28.9062,2.669,2.1725,2.0964,1.3414,1.7074,44407.6098,40258.8469,32219.0514,920569.7512,834565.8962
002735.SZ,20251014,17.15,42.014,48.2106,3.09,,,3.792,3.2935,3.0545,0.2864,0.0758,38200.6553,28046.351,24441.4966,655141.2384,480994.9197
002736.SZ,20251014,14.23,1.301,4.7359,0.92,17.7367,13.9525,1.5501,7.2266,6.2057,1.7808,2.3085,1024174.306,961242.9377,264068.9313,14574000.3744,13678487.0035
002737.SZ,20251014,15.35,0.5969,1.3788,0.9,18.2186,103.0124,2.1507,2.6545,4.151,9.772,3.2573,58400.0,58400.0,25281.8056,896440.0,896440.0
002738.SZ,20251014,49.81,5.6423,6.6107,1.13,47.4752,96.3183,3.0162,6.6999,5.7881,2.0078,1.0038,72149.1877,71104.1693,60688.3863,3593751.0393,3541698.6728
002739.SZ,20251014,10.92,2.1281,3.02,0.67,,,3.0717,1.8655,1.797,0.0,,211177.8708,208545.4617,146958.0855,2306062.3491,2277316.4418
002741.SZ,20251014,21.29,4.8993,7.2659,0.91,,,5.2421,3.824,3.6661,0.0,,46502.231,42635.8415,28749.0275,990032.498,907717.0655
002742.SZ,20251014,4.55,0.9199,1.1353,1.06,,,,1.6439,2.0769,0.0,,43200.0,43185.8082,34994.8239,196560.0,196495.4273
002743.SZ,20251014,5.48,4.1224,6.1785,0.56,46.4291,53.9921,0.7344,0.6058,0.6327,1.2226,,43526.8478,43457.0978,28995.4664,238527.1259,238144.8959
002745.SZ,20251014,9.15,4.0711,4.8284,1.22,36.3312,51.2372,1.0213,0.8031,0.8157,7.6284,4.4809,148416.6399,106467.6029,89768.9306,1358012.2551,974178.5665
002746.SZ,20251014,6.25,2.5134,3.8751,1.57,26.09,17.2316,1.1954,1.0166,0.9928,2.4,5.6,86053.8727,70967.6227,46028.8634,537836.7044,443547.6419
002747.SZ,20251014,23.87,5.0836,7.9587,1.15,,,10.4969,5.1864,4.7379,0.2502,,87101.8453,78240.5153,49976.1236,2079121.0473,1867601.1002
002748.SZ,20251014,10.25,9.121,19.7059,1.08,93.9976,39.8913,1.791,1.2394,1.2116,0.9756,1.4634,24000.0,24000.0,11108.5,246000.0,246000.0
002749.SZ,20251014,15.11,0.4327,0.9484,0.93,19.1991,18.5346,3.76,3.5479,3.4165,5.4168,6.6365,46635.855,45365.1032,20697.4109,704667.7691,685466.7094
002752.SZ,20251014,5.63,1.4324,3.9597,1.43,12.9932,16.3189,1.5903,0.7714,0.7709,1.7762,1.7762,97691.8468,97676.8468,35335.1595,550005.0975,549920.6475
002753.SZ,20251014,7.05,1.961,2.4369,1.17,23.7783,26.5811,1.1539,0.6265,0.6645,1.9175,2.0978,37569.8488,24280.7864,19539.2088,264867.434,171179.5441
002755.SZ,20251014,18.92,1.2005,4.3302,0.64,109.5535,71.7684,5.5951,9.8787,9.4287,0.0,0.6342,92816.0351,92815.1576,25732.4443,1756079.3841,1756062.7818
002756.SZ,20251014,38.14,4.6248,5.2784,0.76,19.7048,30.4257,1.6388,2.5467,2.8263,6.4531,1.2833,53910.154,38873.0641,34059.3089,2056133.2736,1482618.6648
002757.SZ,20251014,17.08,2.0686,3.3846,0.7,,,2.5728,1.5146,1.6056,2.9274,2.0492,29545.5913,28205.3921,17238.4954,504638.6994,481748.0971
002758.SZ,20251014,9.06,1.8301,3.5476,1.58,12.4274,11.6781,1.0046,0.1125,0.1101,3.3122,3.2358,52139.9299,51831.1549,26738.6553,472387.7649,469590.2634
002759.SZ,20251014,22.6,29.9477,41.6453,1.16,,,3.6197,5.5153,5.0898,0.4399,,50138.2605,50094.2093,36023.3545,1133124.6873,1132129.1302
002760.SZ,20251014,20.6,3.7256,4.8562,1.4,,,2.7224,3.7828,3.831,0.478,,10798.8706,10798.8706,8284.5849,222456.7344,222456.7344
002761.SZ,20251014,9.3,1.4203,2.4975,1.14,51.9647,51.8204,1.4989,0.1248,0.1244,0.5374,0.5376,108178.8148,108178.8148,61522.5796,1006062.9776,1006062.9776
002762.SZ,20251014,8.99,2.6925,3.4651,0.73,61.0287,86.0622,3.8217,14.1649,10.4521,0.5562,0.5562,35402.5,21137.8434,16424.9434,318268.475,190029.2122
002763.SZ,20251014,7.22,2.2379,4.3443,1.19,37.4405,45.8773,1.585,1.0019,0.9947,5.5402,6.2327,40992.4,30359.92,15639.825,295965.128,219198.6224
002765.SZ,20251014,14.53,18.9074,24.9838,0.94,76.2425,57.1143,3.6912,2.6798,2.5817,0.0,0.3441,65212.809,59588.514,45095.842,947542.1148,865821.1084
002766.SZ,20251014,5.58,2.663,4.7196,0.67,80.0572,110.4342,4.2288,3.4402,4.0195,0.0,,86179.9824,85377.3184,48173.4961,480884.3018,476405.4367
002767.SZ,20251014,18.65,2.197,4.8653,0.92,105.669,94.6786,3.3206,4.5082,4.3683,0.0858,0.2359,15000.0,13019.8521,5879.3055,279750.0,242820.2417
002768.SZ,20251014,47.1,2.1642,3.2348,0.89,18.8886,17.0887,2.4401,0.6647,0.6503,0.3784,0.5808,27125.0,17674.8125,11824.8125,1277587.5,832483.6688
002769.SZ,20251014,8.74,1.7629,2.3481,0.96,,,2.7655,5.2447,4.4542,0.0,,37331.8054,37301.023,28004.4625,326279.9792,326010.941
002771.SZ,20251014,15.59,2.5008,2.5538,1.09,463.0563,,5.1749,6.1032,6.5869,0.0,0.0654,20976.41,17451.4655,17089.089,327022.2319,272068.3471
002772.SZ,20251014,10.47,8.3507,13.0909,1.17,32.1585,24.5702,1.2644,2.1275,2.1351,2.8653,2.7305,39324.1359,39013.5453,24886.7082,411723.7029,408471.8193
002773.SZ,20251014,34.2,0.9099,1.9661,1.28,26.4509,25.6441,3.5551,7.0765,6.8317,1.1089,1.754,92132.0954,68683.4029,31783.9207,3150917.6627,2348972.3792
002774.SZ,20251014,9.45,1.724,4.2836,0.9,24.0249,29.8183,2.6945,2.0125,2.1139,4.2328,3.8095,33668.79,28177.1935,11340.1142,318170.0655,266274.4786
002775.SZ,20251014,4.92,8.0042,12.5436,2.33,,,12.6995,4.5043,5.122,0.0,,63623.0001,47141.2001,30081.3053,313025.1605,231934.7045
002777.SZ,20251014,18.89,2.4321,3.965,1.1,105.2601,83.8411,4.7016,5.7571,5.5711,0.6353,0.7941,40823.1038,40451.1491,24811.8891,771148.4308,764122.2065
002778.SZ,20251014,20.56,3.842,5.4675,0.56,,,8.5545,5.2028,8.1005,0.0,,12475.33,12342.874,8673.25,256492.7848,253769.4894
002779.SZ,20251014,119.98,3.5728,6.332,0.97,342.8552,312.5649,28.239,22.8371,22.2586,0.0893,0.0655,18480.0,16580.8335,9355.5,2217230.4,1989368.4033
002780.SZ,20251014,13.46,3.0058,3.2062,0.83,,,3.1006,2.6505,2.4959,0.0,,15758.7486,13065.2734,12248.3672,212112.7562,175858.58
002782.SZ,20251014,16.73,3.6154,8.7185,1.12,36.0479,29.8752,4.002,1.7679,1.5861,0.4738,0.8826,49596.4013,48650.12,20174.4005,829747.7937,813916.5076
002783.SZ,20251014,10.07,2.5875,3.153,0.96,33.9406,26.4716,1.9425,1.3642,1.3274,0.9939,0.993,49935.7647,44042.7366,36144.0018,502853.1505,443510.3576
002785.SZ,20251014,36.44,12.0413,14.8474,1.27,,,9.2546,6.4656,6.7252,0.0,,22661.9695,19349.5023,15692.5204,825802.1686,705095.8638
002786.SZ,20251014,9.12,2.0074,3.2132,0.9,,,21.4666,2.035,1.9657,0.0,,49561.2,49411.2,30869.84,451998.144,450630.144
002787.SZ,20251014,8.85,13.4102,16.814,4.18,41.9344,38.4636,1.5993,1.2111,1.2467,0.0,1.1206,33517.6599,25086.1114,20007.7388,296631.2901,222012.0859
002788.SZ,20251014,8.24,1.099,1.7895,1.08,9.262,10.3337,1.007,0.1564,0.1557,3.6408,4.2476,38851.6736,38179.3801,23447.5207,320137.7905,314598.092
002789.SZ,20251014,10.17,2.9509,6.1964,1.06,,,,0.2598,0.2966,0.0,,15962.3514,15646.6099,7451.2595,162337.1137,159126.0227
002790.SZ,20251014,7.48,1.8277,3.3454,1.2,17.264,22.0506,1.4901,1.3254,1.4636,3.877,3.2086,41787.23,26069.75,14242.55,312568.4804,195001.73
002791.SZ,20251014,21.6,2.8543,3.7217,1.11,84.9426,139.8273,1.3871,1.1516,1.2364,0.4206,0.9144,35388.5013,19127.6284,14669.4888,764391.6281,413156.7734
002792.SZ,20251014,18.22,9.0674,11.1309,1.16,231.1045,243.6349,3.4068,8.0103,8.1048,0.8394,0.1364,52493.3405,33340.4005,27159.3753,956428.6639,607462.0971
002793.SZ,20251014,4.88,1.2833,2.2285,1.0,,,3.7567,2.0048,2.1528,0.0,,108758.8486,108593.5344,62535.7528,530743.1812,529936.4479
002795.SZ,20251014,4.99,3.1203,4.3642,0.64,,,4.6226,2.7022,2.8927,0.0,,44575.4078,43492.2547,31096.5443,222431.2849,217026.351
002796.SZ,20251014,18.0,10.1802,14.8802,0.8,49.3218,152.8976,5.2876,4.7354,4.9955,0.0,,25242.6948,22567.6483,15439.4761,454368.5064,406217.6694
002797.SZ,20251014,7.86,2.148,2.7209,0.76,36.5536,33.3903,1.9474,9.3529,8.6031,0.5344,0.9415,420240.0,420240.0,331747.38,3303086.4,3303086.4
002798.SZ,20251014,6.33,1.873,2.4938,0.8,,,1.7164,1.1857,1.2858,0.0,,51334.791,44128.7675,33143.93,324949.227,279335.0983
002799.SZ,20251014,8.14,1.6642,3.1637,0.81,,,2.0248,1.8654,2.462,0.4423,,32004.0,32003.58,16835.176,260512.56,260509.1412
002800.SZ,20251014,15.38,8.8244,16.6538,1.89,262.6144,,4.609,1.5308,1.5185,0.0,0.1951,15225.3067,14008.12,7422.52,234165.217,215444.8856
002801.SZ,20251014,33.3,2.9553,5.0202,1.12,34.668,32.1155,4.4472,5.4268,5.1763,0.8929,1.4881,22963.2,11580.27,6817.2,764674.56,385622.991
002802.SZ,20251014,12.7,1.39,2.1819,1.14,39.0822,43.2594,3.6722,5.0827,5.234,2.8579,1.6959,18230.199,18194.2875,11590.6813,231523.5273,231067.4513
002803.SZ,20251014,17.95,5.9154,6.8587,0.48,44.4387,35.5039,3.0856,1.4622,1.2814,2.9858,1.8628,45040.5288,28877.0188,24905.3778,808477.492,518342.4875
002805.SZ,20251014,14.09,3.628,5.211,0.71,,,2.6901,2.649,2.4414,0.0,,28006.2508,27854.2598,19392.5971,394608.0738,392466.5206
002806.SZ,20251014,11.62,2.0615,2.2245,0.74,28.8831,32.5941,2.2146,2.3958,2.1448,0.0,,21247.9189,17410.5835,16135.1055,246900.8176,202310.9803
002807.SZ,20251014,4.62,2.0079,2.1308,1.56,5.5831,5.2709,0.5999,2.8702,2.7146,4.1126,4.329,246139.2789,245801.6407,231619.6913,1137163.4685,1135603.58
002808.SZ,20251014,5.14,7.4298,8.3745,3.56,,,5.2015,8.5416,7.5209,0.3891,,26880.0,16500.5928,14639.1808,138163.2,84813.047
002809.SZ,20251014,11.52,3.0599,4.037,0.86,49.9947,86.6687,1.5517,3.6096,3.5013,1.2936,2.604,21161.1257,13911.7394,10544.6987,243776.1681,160263.2379
002810.SZ,20251014,12.94,1.409,2.2416,1.27,20.3257,21.3658,2.0462,2.3025,2.2603,1.517,1.928,34813.6913,32001.0093,20114.7891,450489.1654,414093.0603
002811.SZ,20251014,13.69,13.0032,29.0917,3.14,44.1839,33.7189,3.0928,3.5518,3.2346,2.5068,3.2012,30797.0005,28311.2775,12654.3464,421610.9368,387581.389
002812.SZ,20251014,43.25,4.055,5.9223,0.72,,,1.6953,4.1199,3.7577,3.5823,,96815.9086,80852.9586,55360.3628,4187288.047,3496890.4595
002813.SZ,20251014,25.38,2.0185,5.9198,0.66,,,11.1732,8.4465,7.464,0.0,,12000.0,11985.6075,4086.7635,304560.0,304194.7184
002815.SZ,20251014,13.6,4.5145,5.5385,0.97,64.275,68.1403,1.9447,2.6384,2.4058,1.3184,0.7835,121774.5524,77714.2014,63346.3634,1656133.9126,1056913.139
002816.SZ,20251014,22.09,6.0943,7.7177,2.73,,,9.9492,89.8165,23.2017,0.0,,10000.0,10000.0,7896.57,220900.0,220900.0
002817.SZ,20251014,7.59,1.5186,2.5364,0.86,46.0914,41.1831,2.4135,4.7946,4.7089,1.1199,0.8564,29909.817,29003.9295,17364.823,227015.511,220139.8249
002818.SZ,20251014,11.77,0.6821,1.3709,0.67,12.7624,13.1742,1.646,6.1609,6.5491,9.1759,8.836,74845.894,29835.7191,14845.4129,880936.1724,351166.4138
002819.SZ,20251014,28.71,1.8257,3.6481,0.72,,,2.1359,2.9101,2.9097,0.0832,0.0831,29961.01,23507.928,11764.621,860180.5971,674912.6129
002820.SZ,20251014,12.12,3.8427,5.8213,1.12,89.9243,5612.279,2.7444,4.9123,5.1064,1.6048,1.2036,20086.8295,20086.8295,13259.4981,243452.3735,243452.3735
002821.SZ,20251014,102.0,1.8628,2.9777,0.87,38.7592,34.4617,2.153,6.3364,5.8423,1.7437,1.0738,36059.372,31701.6913,19831.657,3678055.944,3233572.5126
002822.SZ,20251014,3.71,2.2071,2.2071,0.83,,,2.5814,1.5373,2.4809,0.0,,96107.8193,80760.05,80760.05,356560.0096,299619.7855
002823.SZ,20251014,16.92,11.5727,13.8642,2.12,32.6611,26.9809,2.8408,1.8219,1.8939,1.9492,3.0598,32836.8949,21891.8297,18273.5371,555600.2617,370409.7585
002824.SZ,20251014,18.07,3.3244,5.921,1.12,69.6069,59.5086,2.5536,1.6804,1.5675,0.9496,0.8472,30995.9238,18915.5983,10620.3116,560096.3431,341804.8613
002825.SZ,20251014,10.91,10.6155,14.8845,1.74,29.4945,21.0487,2.3385,1.9612,1.9224,1.2729,1.0849,34153.5127,25654.4008,18296.4677,372614.8236,279889.5127
002826.SZ,20251014,18.42,3.2529,4.3465,1.01,76.4724,80.1164,4.5969,5.3879,5.7452,0.1594,0.5332,19067.775,17432.6389,13046.6857,351228.4155,321109.2085
002827.SZ,20251014,39.62,2.5766,6.1135,1.0,74.0818,67.6244,11.3142,6.4861,6.3093,0.3772,0.3772,27704.6,27600.0,11632.2309,1097656.252,1093512.0
002828.SZ,20251014,10.66,10.7616,12.4653,1.62,495.7486,275.4441,3.1455,2.2519,2.045,0.8282,0.469,20098.76,19356.1975,16710.6603,214252.7816,206337.0654
002829.SZ,20251014,24.16,7.5719,8.3995,0.74,,,3.0148,11.8719,11.6266,0.0,,20780.9394,14604.8944,13165.8711,502067.4959,352854.2487
002830.SZ,20251014,16.71,2.5814,4.7915,0.86,54.77,56.2106,3.4541,3.3065,3.4402,1.4165,1.4742,13334.0,6685.25,3601.5812,222811.14,111710.5275
002831.SZ,20251014,25.65,1.5431,2.2112,1.36,16.7627,16.1131,2.2152,1.3762,1.3355,3.6801,3.9606,92051.35,51099.3219,35659.1884,2361117.1275,1310697.6067
002832.SZ,20251014,15.95,2.7682,3.4143,1.9,11.6599,12.7184,1.7504,2.2732,2.1821,6.2696,3.1348,57070.7084,38941.8284,31572.3584,910277.799,621122.163
002833.SZ,20251014,16.47,1.178,1.6509,0.91,13.5051,15.2435,2.5172,2.5935,2.8668,5.4645,4.2501,42423.1932,28855.2511,20589.3409,698709.992,475245.9856
002835.SZ,20251014,16.75,2.2127,2.9104,1.21,18.3399,18.8815,3.0699,3.1644,3.2587,1.249,1.9032,21949.3931,12728.8199,9677.5053,367652.3344,213207.7333
002836.SZ,20251014,10.6,7.4748,19.3036,1.58,39.0776,37.1612,7.0241,6.6553,5.8953,0.9135,2.2837,23040.0,23040.0,8921.602,244224.0,244224.0
002837.SZ,20251014,77.27,11.7609,17.2255,1.64,166.6985,151.226,22.7761,16.444,13.139,0.1508,0.1975,97655.5867,85019.497,58047.8989,7545847.1843,6569456.5332
002838.SZ,20251014,26.5,1.4528,2.9941,1.08,89.9502,80.1495,3.5713,2.3917,2.1635,0.2254,0.3639,47839.8402,42063.1724,20409.832,1267755.7653,1114674.0686
002839.SZ,20251014,4.42,1.9197,2.4262,1.79,5.7512,5.6069,0.5995,2.2932,2.272,4.0164,4.5249,244434.4974,244208.4025,193223.0738,1080400.4785,1079401.1391
002840.SZ,20251014,10.76,1.2573,2.6982,0.96,118.6018,32.2904,2.1421,0.9528,0.9446,0.0,,80506.2893,62996.3761,29354.7045,866247.6729,677841.0068
002841.SZ,20251014,36.75,1.1369,1.635,0.91,26.3437,29.2786,2.022,1.1418,1.1196,2.3135,1.8435,69601.6545,52134.5446,36252.3046,2557860.8029,1915944.5141
002842.SZ,20251014,11.07,11.3282,14.8543,1.44,,,3.347,2.0708,2.0367,0.0,,32717.2422,26846.2509,20473.5737,362179.8712,297187.9975
002843.SZ,20251014,21.45,3.2698,5.7995,0.69,107.0973,147.4322,3.862,3.1195,3.3169,0.9365,0.4662,25173.7562,25079.2562,14139.6736,539977.0705,537950.0455
002845.SZ,20251014,13.75,2.4666,2.9149,0.79,138.5174,,1.9021,0.4712,0.4496,0.5818,0.2811,32755.1705,25023.5351,21175.0533,450383.5944,344073.6076
002846.SZ,20251014,17.7,9.7141,16.2098,1.01,,,5.2997,3.683,3.4979,0.1351,,41999.3636,25701.8096,15402.4196,743388.7357,454922.0299
002847.SZ,20251014,70.0,1.7516,4.5032,1.1,29.8378,27.5427,10.0235,3.6001,3.3004,2.3969,1.4286,27277.9679,24572.1263,9557.7958,1909457.753,1720048.841
002848.SZ,20251014,8.45,6.4816,8.5467,1.35,,,11.1632,10.4831,9.9725,0.0,,16715.0,16492.6212,12507.5182,141241.75,139362.6491
002849.SZ,20251014,14.43,4.1638,4.9424,0.77,94.6624,68.7114,2.3627,2.4539,2.2486,0.2772,0.2772,22063.4016,19356.732,16307.2312,318374.8851,279317.6428
002850.SZ,20251014,161.01,4.7467,5.4534,1.15,29.9533,27.6725,3.6582,3.6643,3.3322,0.9188,1.2409,27377.2573,19710.3533,17156.2687,4408012.1979,3173563.9848
002851.SZ,20251014,69.26,4.5966,5.3022,1.08,86.9785,128.5315,6.1258,4.6416,4.2935,0.2874,0.0722,54769.3154,45546.5114,39485.4189,3793322.7846,3154551.3796
002852.SZ,20251014,11.66,3.8795,5.5149,1.15,22.6702,12.1315,1.8271,0.6749,0.6713,1.3465,3.3791,34396.8305,28526.7998,20067.4139,401067.0436,332622.4857
002853.SZ,20251014,12.12,2.3842,3.6037,0.93,,,2.392,2.5025,3.1569,1.6502,,18291.5948,12870.4815,8515.2293,221694.129,155990.2358
002855.SZ,20251014,17.02,1.1917,3.274,1.11,,,10.5557,3.0918,2.6012,0.0,,24641.9682,24622.7232,8962.7232,419406.2988,419078.7489
002856.SZ,20251014,10.64,2.5362,3.9517,0.76,,,15.4085,2.0456,3.1269,0.0,,13531.2808,12390.4443,7952.1355,143972.8277,131834.3274
002857.SZ,20251014,24.97,4.1713,6.3824,1.14,178.2005,185.1859,6.3,4.7382,4.4578,0.1423,0.0593,12917.03,12800.0,8365.5353,322538.2391,319616.0
002858.SZ,20251014,14.65,3.5323,4.1314,0.81,,,4.4621,5.4491,4.905,0.0,,16391.9838,14697.8438,12566.3138,240142.5627,215323.4117
002859.SZ,20251014,29.78,1.5331,3.2921,1.22,63.4774,71.5356,4.4958,7.0628,6.6145,1.0651,1.1285,43093.7256,40561.0493,18888.57,1283331.1484,1207908.0482
002860.SZ,20251014,13.62,3.4961,5.5209,0.92,34.0953,28.3117,2.211,2.3586,2.2611,0.6256,0.7263,35971.2516,34964.2607,22140.7426,489928.4468,476213.2307
002861.SZ,20251014,17.64,6.3754,7.9381,0.74,244.2346,487.1415,2.9487,4.0312,3.8641,0.7101,0.5669,18628.3962,15016.835,12060.6202,328604.909,264896.9694
002862.SZ,20251014,18.68,4.0235,5.1044,1.14,329.522,279.4975,6.7776,7.1861,6.6632,0.0,0.1147,16800.0,12624.7916,9951.2964,313824.0,235831.1071
002863.SZ,20251014,5.21,2.2914,3.4596,0.83,46.6235,45.5221,1.1135,0.6374,0.589,0.345,0.3263,59948.3554,59948.3554,39705.9006,312330.9316,312330.9316
002864.SZ,20251014,29.45,2.6964,3.0915,0.92,26.0242,25.9204,1.8925,3.214,2.8649,0.747,1.3535,10628.096,7419.0728,6470.9495,312997.4272,218491.694
002865.SZ,20251014,41.6,5.0606,8.0697,1.87,,,2.5293,1.223,1.6808,1.7835,,29258.4052,22486.5792,14101.4271,1217149.6563,935441.6947
002866.SZ,20251014,17.68,4.2465,5.2904,0.88,,,2.4965,2.6184,2.4689,0.0848,,28952.2256,18126.6506,14549.9273,511875.3486,320479.1826
002867.SZ,20251014,13.74,1.0159,2.802,1.06,14.7652,14.8777,2.3885,1.0737,1.4492,6.9141,6.9141,108547.3893,107909.6804,39124.4912,1491441.129,1482679.0087
002868.SZ,20251014,26.03,0.7226,1.8635,0.98,,,,6.2298,6.5586,0.0,,15541.5837,15404.1618,5973.6251,404547.4237,400970.3317
002869.SZ,20251014,30.13,3.0751,3.947,0.71,68.6946,105.3055,2.5135,9.0709,9.4697,0.3208,0.6416,17955.6341,15951.1604,12427.4566,541003.2554,480608.4629
002870.SZ,20251014,35.05,3.5379,6.6703,0.94,29.8161,35.9374,2.7872,0.7843,0.7865,0.2853,0.2853,13207.5636,12896.158,6839.998,462925.1042,452010.3379
002871.SZ,20251014,15.47,2.9423,4.0354,0.73,29.7787,28.1114,3.6226,6.7353,6.3927,1.9269,1.9266,25185.3845,15329.3528,11177.1491,389617.8982,237145.0878
002872.SZ,20251014,4.89,0.9806,0.988,0.77,,,0.7894,2.7295,2.9877,0.0,,31800.0,21491.8134,21328.9334,155502.0,105094.9675
002873.SZ,20251014,10.53,2.5487,3.7277,1.07,49.126,92.6292,2.1666,2.9974,3.3204,0.5898,0.9154,24410.3806,23866.8821,16318.3255,257041.3077,251318.2685
002875.SZ,20251014,17.94,4.0162,5.1928,0.53,,,5.6501,5.9809,6.8447,0.0,,21301.6872,18243.6562,14110.1002,382152.2684,327291.1922
002876.SZ,20251014,23.76,1.974,2.2278,1.12,60.6761,81.5371,1.7408,1.5954,1.3387,0.105,0.6299,17388.4932,14894.941,13198.0741,413150.5984,353903.7982
002877.SZ,20251014,8.52,2.0559,2.7442,0.97,133.5686,355.4437,2.584,2.7736,2.8865,0.5247,0.2347,35584.3695,24051.4652,18019.0792,303178.8281,204918.4835
002878.SZ,20251014,17.33,3.171,5.5129,0.82,,,3.5666,1.6753,1.5681,0.2874,,26199.1727,23593.2838,13570.9315,454031.6629,408871.6083
002879.SZ,20251014,17.58,3.2666,3.7298,0.97,45.4572,55.5831,1.9718,2.7332,2.3444,1.3623,1.0899,19310.764,13788.4005,12075.9296,339483.2311,242400.0808
002880.SZ,20251014,27.02,0.3757,1.3661,1.14,24.1726,24.3857,2.6952,5.0932,5.1137,0.7402,0.7402,22680.0,22680.0,6237.0,612813.6,612813.6
002881.SZ,20251014,46.41,3.0189,4.2147,0.74,89.9045,65.4395,7.4922,4.1438,3.4604,0.2117,0.2784,26262.64,18276.467,13091.204,1218849.1224,848210.8335
002882.SZ,20251014,30.1,2.9719,6.394,0.63,92.9835,105.7161,6.2714,3.5455,3.0951,0.6645,0.9967,43290.0,24673.715,11468.3408,1303029.0,742678.8215
002883.SZ,20251014,11.54,2.0329,3.1819,0.8,177.2828,,2.6996,2.9678,4.5946,0.5633,0.1733,15615.7166,15332.5049,9795.7143,180205.3696,176937.1065
002884.SZ,20251014,17.07,1.8436,2.7078,1.44,13.8008,13.2927,2.7813,3.835,3.6359,5.8582,5.8582,35768.2509,27307.2488,18591.7126,610564.0429,466134.737
002885.SZ,20251014,21.7,27.3062,39.3927,2.3,153.8221,138.4486,4.1183,1.9521,1.7252,0.0647,0.1008,27091.6968,23090.7653,16006.0193,587889.8206,501069.607
002886.SZ,20251014,21.19,4.6887,6.3409,1.22,152.3992,138.902,3.1148,2.9403,2.7941,0.0328,0.1982,26320.3565,20907.8164,15459.9412,557728.3542,443036.6295
002887.SZ,20251014,9.5,2.4455,4.3401,1.01,29.0972,24.7221,1.2756,7.2409,6.3961,2.6316,2.6316,30598.6872,19460.0532,10965.2783,290687.5284,184870.5054
002888.SZ,20251014,18.24,7.1339,10.5459,1.16,272.1914,126.3122,7.1111,9.9314,8.9122,0.3713,1.1184,14764.3412,7492.302,5068.2889,269301.5835,136659.5885
002889.SZ,20251014,15.1,1.2057,2.7162,1.08,29.7789,40.1727,2.3313,1.6055,1.3904,0.2862,0.3548,37766.7472,25128.4553,11154.4259,570277.8827,379439.675
002890.SZ,20251014,14.81,1.0461,1.7751,0.76,149.1486,157.2044,4.2071,7.8178,8.1297,0.5194,0.1756,16987.516,16148.421,9516.1301,251585.112,239158.115
002891.SZ,20251014,53.38,4.652,9.5687,1.68,41.2585,36.4993,5.6184,3.6391,3.1635,0.8804,1.1061,30437.642,30437.627,14797.7426,1624761.33,1624760.5293
002892.SZ,20251014,13.62,5.0386,6.4021,1.1,168.6332,154.4539,7.9169,6.1152,5.7319,0.3946,0.3064,74375.096,48354.8143,38055.9105,1012988.8075,658592.5708
002893.SZ,20251014,11.71,8.052,10.6834,1.63,46.2399,42.0631,2.4122,2.8857,2.6148,0.6832,0.8711,26364.0,20277.8618,15283.3431,308722.44,237453.7617
002895.SZ,20251014,30.74,2.543,4.7564,0.73,19.5296,16.4033,2.7254,3.163,2.7543,2.8843,4.4898,60766.6683,59662.6783,31899.2083,1867967.3835,1834030.7309
002896.SZ,20251014,87.2,4.3714,8.2869,0.88,236.2053,227.3386,14.4782,17.552,17.3647,0.0706,0.2294,19652.267,19652.267,10366.8077,1713677.6824,1713677.6824
002897.SZ,20251014,44.84,4.7009,7.9245,0.92,70.0143,77.4112,3.2981,1.426,1.4562,0.2232,0.2232,19388.0696,18242.5213,10821.6919,869361.0409,817994.6551
002898.SZ,20251014,13.19,1.2754,1.6916,0.47,,,4.782,8.8078,9.5449,0.1516,,17600.0,10126.2561,7635.0356,232144.0,133565.318
002899.SZ,20251014,24.03,5.7076,7.8739,1.33,32.5477,39.6256,2.0619,2.9258,2.9194,0.293,0.3095,14779.6976,14779.6976,10713.4976,355156.1333,355156.1333
002900.SZ,20251014,13.27,3.824,6.1218,1.45,71.5475,,2.0924,3.707,4.1071,1.5073,1.5072,31635.755,17495.36,10928.5475,419806.4689,232163.4272
002901.SZ,20251014,57.2,1.3588,6.0317,0.95,66.3724,51.1689,7.5345,11.0893,9.9426,0.4371,0.8585,41401.9506,28851.7798,6499.4395,2368191.5743,1650321.8046
002902.SZ,20251014,22.59,6.7003,7.1629,0.9,,,6.0267,3.2513,3.2381,0.0,,23500.9062,17763.2246,16616.2478,530885.4711,401271.2437
002903.SZ,20251014,20.85,4.5652,5.3723,1.03,243.3789,315.5673,4.055,6.8746,6.5485,0.9597,0.3837,15580.5,10565.3824,8978.179,324853.425,220288.223
002905.SZ,20251014,9.99,2.8987,10.7665,0.73,,332.6617,34.6853,3.7133,3.509,0.0,,37632.0,34944.0,9408.0,375943.68,349090.56
002906.SZ,20251014,31.61,3.3478,7.8993,1.23,25.4736,23.5083,2.5317,1.6335,1.4716,1.1066,1.5185,52491.7041,52472.7583,22238.1742,1659262.7666,1658663.8899
002907.SZ,20251014,16.36,0.9887,2.8584,0.96,89.0376,81.8524,4.0906,8.8174,8.5518,0.5196,0.5196,41759.6314,29991.451,10373.6661,683187.5697,490660.1384
002908.SZ,20251014,9.95,2.2584,2.9149,1.03,210.6595,280.8431,3.8715,6.5262,6.9639,0.4968,0.4968,43143.2088,32183.4632,24935.4645,429274.9276,320225.4588
002909.SZ,20251014,6.43,1.7348,2.8899,0.97,130.0674,473.9009,2.7921,1.9516,2.0536,0.7787,1.5397,39000.0,38042.7383,22837.1021,250770.0,244614.8073
002910.SZ,20251014,10.79,24.7898,46.9452,1.82,,,1.9827,2.3706,2.3855,0.0,,19553.9347,17106.195,9033.0835,210986.9554,184575.8441
002911.SZ,20251014,14.05,0.861,5.6878,0.3,21.3833,20.8701,3.9763,0.5775,0.5561,3.2493,3.414,129839.4217,126942.9842,19215.0277,1824243.8749,1783548.928
002912.SZ,20251014,29.0,2.4679,3.7872,1.01,82.6371,56.7893,3.1331,7.5204,6.9069,1.0345,0.6897,17075.2,16222.2011,10570.9156,495180.8,470443.8319
002913.SZ,20251014,38.15,3.2776,9.9192,0.91,34.271,37.0618,2.7649,2.6517,2.4297,0.8257,1.5727,31736.0504,30168.5174,9968.5174,1210730.3228,1150928.9388
002915.SZ,20251014,24.82,5.9014,8.6781,0.85,,,6.194,5.7517,5.2712,0.0,,32546.8375,28808.2375,19590.3871,807812.5068,715020.4548
002916.SZ,20251014,196.6,1.7693,4.9328,1.24,69.8145,58.251,8.6138,7.3199,6.541,0.3521,0.5869,66674.0795,66502.0632,23853.1361,13108124.0297,13074305.6251
002917.SZ,20251014,14.03,2.0011,2.9632,0.84,39.3064,35.067,2.982,2.988,2.8514,0.7016,0.7016,34761.4197,26047.8031,17590.1967,487702.7184,365450.6775
002918.SZ,20251014,16.81,1.9253,2.9522,0.44,54.9931,187.2922,2.2307,1.484,1.6317,1.7846,1.1898,40880.6379,21308.893,13896.9605,687203.5231,358202.4913
002919.SZ,20251014,17.56,7.6454,12.9254,2.4,100.1763,170.6899,5.6314,3.3908,3.2791,0.7108,0.2843,26652.6066,26438.817,15638.6342,468019.7719,464265.6265
002920.SZ,20251014,133.94,2.0328,4.0779,0.96,37.0746,31.1132,7.7132,2.6914,2.4315,0.6272,0.8959,55494.9301,55313.5812,27572.997,7432990.9376,7408701.0659
002921.SZ,20251014,14.92,3.1764,4.132,0.81,,,1.8449,2.0675,2.041,0.5478,,14897.0127,12850.163,9878.5535,222263.4295,191724.432
002922.SZ,20251014,23.04,13.819,18.5849,1.76,33.3251,44.154,2.6484,2.1015,1.9293,1.1866,1.1982,42310.3124,37502.878,27885.6192,974829.5977,864066.3091
002923.SZ,20251014,13.03,1.8583,3.6113,0.95,109.411,,4.0947,3.6906,3.8505,1.5349,1.1512,33489.3286,25808.4833,13280.6043,436365.9517,336284.5374
002925.SZ,20251014,19.1,3.2425,9.4888,0.53,59.0365,58.5122,3.2275,4.1562,3.8897,3.0267,2.2014,77744.1784,73617.4691,25156.1507,1484913.8074,1406093.6598
002926.SZ,20251014,9.98,1.2977,2.433,0.54,35.9873,21.8207,1.0969,6.6837,5.7202,0.501,0.8517,262500.0,262500.0,140010.0126,2619750.0,2619750.0
002927.SZ,20251014,15.21,3.306,6.7944,1.07,90.8455,132.5028,3.3058,3.8058,3.7487,1.2163,0.6575,22319.218,22073.7832,10740.4767,339475.3058,335742.2425
002928.SZ,20251014,9.78,1.1625,2.1166,0.81,46.651,25.378,3.4569,1.8671,1.7622,0.0,,127824.155,127823.5175,70204.2005,1250120.2359,1250114.0012
002929.SZ,20251014,44.98,3.8907,5.9575,0.91,51.8243,256.1533,2.0488,1.3891,1.3253,0.546,0.289,28408.3084,21056.0743,13751.3155,1277805.7118,947102.222
002930.SZ,20251014,10.54,1.1337,2.4324,0.74,30.4554,358.8395,2.0448,3.3251,3.6968,3.3264,2.8463,45748.9692,43298.176,20181.5649,482194.1354,456362.775
002931.SZ,20251014,15.39,2.7275,5.4041,1.22,732.1717,174.7255,3.5619,7.025,6.7136,0.609,0.9339,21850.5856,20061.1572,10124.9298,336280.5124,308741.2093
002932.SZ,20251014,19.01,1.2642,1.5621,1.18,59.3162,202.258,0.7942,12.627,13.1915,0.7691,6.1099,23252.0957,15608.5161,12632.342,442022.3393,296717.8911
002933.SZ,20251014,32.88,2.1106,3.4415,1.09,204.1663,158.8656,2.5438,8.3593,8.8014,0.076,0.0608,11735.0,11408.9047,6996.9662,385846.8,375124.7865
002935.SZ,20251014,15.91,3.5425,6.2147,2.55,105.1053,118.2773,4.3422,6.9968,7.4686,0.4238,0.3161,42410.2508,41509.0883,23660.9251,674747.0902,660409.5949
002936.SZ,20251014,2.03,2.1864,3.096,1.53,9.8397,9.6671,0.4058,1.4333,1.401,0.0,0.9852,909209.1358,670063.3017,473184.6461,1845694.5457,1360228.5025
002937.SZ,20251014,18.6,1.9249,4.1888,0.86,24.2352,33.7563,3.7179,2.9118,3.131,2.1505,2.1504,29777.7837,29695.2817,13646.2198,553866.7768,552332.2396
002938.SZ,20251014,47.48,2.1138,7.7479,1.55,30.4007,27.0479,3.5238,3.132,2.867,1.049,2.1061,231805.1016,230678.1753,62933.9763,11006106.224,10952599.7632
002939.SZ,20251014,11.34,1.7012,4.8463,0.68,28.9613,20.398,1.4875,11.3802,9.3424,1.3492,1.1464,403442.6956,360265.9631,126461.7484,4575040.1681,4085416.0216
002940.SZ,20251014,37.45,4.838,8.264,1.35,94.0408,96.6552,4.7958,4.9124,5.3397,0.5551,0.3245,20172.8186,18527.5467,10846.5886,755472.0566,693856.6239
002941.SZ,20251014,19.9,19.6429,37.8134,1.42,45.4252,28.8899,3.2778,2.116,1.963,0.7107,0.6668,72975.1172,72975.1172,37908.2782,1452204.8323,1452204.8323
002942.SZ,20251014,21.86,3.3492,10.0491,1.6,59.0195,42.5237,2.7989,3.5407,3.3582,0.8994,1.3724,15585.793,13720.8793,4572.9418,340705.435,299938.4215
002943.SZ,20251014,36.09,3.8373,4.559,1.03,,,8.4038,7.1468,9.3934,0.8458,,20545.8161,13246.8822,11149.6774,741498.503,478079.9786
002945.SZ,20251014,17.16,1.4323,14.3231,1.46,131.1952,81.8421,6.5475,32.2927,28.0479,0.0233,0.2331,270000.0,270000.0,27000.0,4633200.0,4633200.0
002946.SZ,20251014,17.65,1.0244,4.6578,0.97,28.2522,23.8191,4.7805,1.4243,1.4031,0.8499,1.6147,86067.6919,85070.8706,18710.1794,1519094.762,1501500.8661
002947.SZ,20251014,43.46,5.5392,6.4408,1.3,24.3729,21.1156,3.6082,4.4786,3.9921,1.0282,1.3465,25620.9336,19240.5609,16547.3091,1113485.7743,836194.7767
002948.SZ,20251014,4.89,1.7008,2.8433,1.66,6.6747,6.0713,0.7172,2.1086,2.0284,3.272,3.272,582035.4724,311242.1412,186170.3928,2846153.46,1521974.0705
002949.SZ,20251014,15.08,3.9738,7.0526,1.03,23.5939,29.2535,2.0999,2.5334,2.3689,5.305,2.3209,19604.3864,15188.2289,8557.8764,295634.1469,229038.4918
002950.SZ,20251014,9.65,1.6648,3.163,1.3,16.5754,16.0176,1.706,1.8372,1.7863,0.2748,0.6075,63326.5407,45199.5209,23790.5273,611101.1178,436175.3767
002951.SZ,20251014,15.31,2.479,14.01,0.92,,395.311,3.5135,16.4987,10.6722,3.2256,6.4511,40500.0,40499.6625,7166.3291,620055.0,620049.8329
002952.SZ,20251014,23.13,13.0743,33.8291,4.13,226.2746,276.5432,4.4039,5.2504,4.6142,0.3417,0.2135,16434.0,13324.5032,5149.6542,380118.42,308195.759
002953.SZ,20251014,13.68,10.0117,13.6669,1.72,38.908,33.8236,3.2647,1.5195,1.4243,0.5623,0.7253,45688.8849,27163.7531,19898.8262,625023.9454,371600.1424
002955.SZ,20251014,25.97,3.2541,5.7996,1.37,27.6924,52.4438,1.8899,1.7433,1.8332,1.6338,4.8826,23663.9912,19627.9788,11012.9623,614553.8515,509738.6094
002956.SZ,20251014,18.91,1.4468,3.1381,0.71,31.697,28.499,2.7997,2.2264,2.0375,1.6258,2.2084,22324.6885,22322.4301,10291.6301,422159.8595,422117.1532
002957.SZ,20251014,20.4,10.8916,25.4417,1.84,61.4716,49.5924,2.7946,3.5003,3.4088,0.8239,0.8287,41998.2466,41867.8862,17923.5548,856764.2306,854104.8785
002958.SZ,20251014,3.23,1.319,1.737,1.6,6.2821,6.0575,0.5045,1.6264,1.6424,3.096,3.7152,555562.0741,543964.4132,413072.6632,1794465.4993,1757005.0546
002959.SZ,20251014,48.91,1.3095,3.9989,1.31,26.6994,23.1608,2.7441,1.6148,1.4885,2.4256,2.016,15709.9712,15176.1464,4969.5907,768374.6914,742265.3204
002960.SZ,20251014,12.02,2.1456,3.6165,1.04,29.7839,32.5853,1.7017,2.136,2.1867,2.4769,1.3779,87479.8278,74717.8042,44328.6284,1051507.5302,898108.0065
002961.SZ,20251014,20.8,1.0042,4.111,0.71,24.1938,19.546,3.2636,5.113,4.9891,1.6827,2.4519,44503.654,44503.429,10871.429,925676.0032,925671.3232
002962.SZ,20251014,15.41,3.566,4.198,1.2,69.0175,86.5467,2.5507,4.1463,3.9925,1.3032,1.2845,29166.5352,20918.4005,17769.1653,449456.3074,322352.5517
002963.SZ,20251014,14.7,7.5681,12.528,1.5,,,1.721,4.8159,6.8855,0.0,1.3605,15035.993,11421.1952,6899.453,221029.0971,167891.5694
002965.SZ,20251014,40.29,6.6978,7.3679,1.04,29.7466,36.2204,2.5358,1.5854,1.4929,1.1461,1.0214,26538.0359,19942.1609,18128.5309,1069217.4664,803469.6627
002966.SZ,20251014,8.57,1.6848,1.9928,1.34,7.5596,7.298,0.7726,3.1343,3.1049,5.6977,4.299,447066.2011,439622.1024,371660.613,3831357.3434,3767561.4176
002967.SZ,20251014,19.06,1.613,3.1103,1.05,31.5716,30.067,3.3949,3.4665,3.3269,0.7762,2.7725,58324.5846,54040.3641,28025.2593,1111666.5825,1030009.3397
002968.SZ,20251014,12.41,6.2072,12.6529,0.59,24.6813,27.2175,2.2717,0.829,0.8873,2.2818,2.2818,22627.7783,21315.6158,10456.9232,280810.7287,264526.7921
002969.SZ,20251014,3.6,1.8576,4.4483,1.48,18.7677,23.6164,1.4921,1.075,1.117,7.6682,0.8272,95545.1508,94977.6042,39662.5522,343962.5429,341919.3751
002970.SZ,20251014,46.52,4.0615,5.9561,0.91,28.9489,22.7266,4.6929,3.0229,3.0192,1.6476,2.9687,18047.85,12315.1458,8397.7805,839585.982,572900.5826
002971.SZ,20251014,34.63,2.9803,4.4811,0.87,100.2381,93.3063,4.6202,4.7845,4.6816,0.2181,0.576,21180.0,16100.4546,10708.2511,733463.4,557558.7428
002972.SZ,20251014,12.54,2.5369,3.3203,0.95,35.0224,36.9035,2.5763,9.6638,9.1605,3.5715,2.381,24600.88,13464.669,10287.8081,308495.0352,168846.9493
002973.SZ,20251014,14.93,2.3768,4.2276,0.76,21.0961,25.2498,2.4467,1.5587,1.5895,0.6698,0.6698,40866.5673,22288.4075,12530.6161,610137.8498,332765.924
002975.SZ,20251014,55.84,3.9669,4.8211,0.94,402.229,367.6886,4.0528,7.261,6.716,0.0,0.224,16030.2593,10585.898,8710.2226,895129.6793,591116.5443
002976.SZ,20251014,23.66,2.8027,4.469,0.76,,,3.44,1.6158,1.4697,0.6313,,12117.15,6521.625,4090.025,286691.769,154301.6475
002977.SZ,20251014,34.94,4.6711,6.367,1.09,261.7119,,3.9379,30.7367,38.6565,0.5152,0.5152,12012.0,6662.017,4887.517,419699.28,232770.874
002978.SZ,20251014,33.17,2.3223,6.1368,1.15,18.3835,18.3284,1.8753,8.4306,7.3894,2.5555,1.5045,47198.9958,36998.9958,14000.9958,1565590.6907,1227256.6907
002979.SZ,20251014,42.3,4.9599,6.553,1.37,66.2868,65.4433,8.4225,8.3875,8.0414,0.2743,0.7337,31414.0847,22098.1155,16725.8155,1328815.7828,934750.2857
002980.SZ,20251014,24.03,3.5403,5.7068,0.77,32.8793,38.668,4.2952,5.6363,5.5245,1.7466,2.1615,18940.116,10037.556,6226.9005,455130.9875,241202.4707
002981.SZ,20251014,29.4,1.6112,4.6375,0.92,35.2184,32.2065,3.7975,2.2929,2.0649,0.8933,0.8844,13525.3115,11941.3915,4148.6777,397644.1581,351076.9101
002982.SZ,20251014,14.76,2.1429,2.8111,1.06,30.5732,33.568,1.9105,0.7135,0.6688,0.0,1.4518,20319.3967,12987.588,9900.588,299914.2953,191696.7989
002983.SZ,20251014,20.2,1.8375,3.6802,0.98,38.1105,34.3423,3.3655,3.8138,3.7845,1.4409,1.2366,22343.522,12812.8469,6397.4964,451339.1444,258819.5074
002984.SZ,20251014,19.01,1.176,1.5179,0.85,9.0082,11.0596,1.4545,2.3138,2.3112,2.6308,2.6227,103588.5977,71355.8141,55282.3759,1969219.2423,1356474.026
002985.SZ,20251014,30.83,8.1027,8.5028,0.95,633.3362,335.6247,3.9811,19.0204,15.6667,1.038,0.0746,33185.36,17567.0793,16740.4146,1023104.6488,541593.0548
002986.SZ,20251014,11.09,0.8451,0.9872,0.83,13.8513,33.6054,1.0837,0.5523,0.5735,0.9034,2.7051,38350.0152,30202.9392,25856.5902,425301.6686,334950.5957
002987.SZ,20251014,20.99,3.0063,7.2278,1.23,58.4223,58.6269,6.541,3.9269,3.8302,0.4121,0.8511,86735.7451,84344.4624,35081.3759,1820583.2896,1770390.2658
002988.SZ,20251014,41.65,2.7295,6.0857,0.88,49.6749,58.5687,4.1091,1.5591,1.4578,0.5765,0.3784,24975.1543,24967.434,11198.2599,1040215.1766,1039893.6261
002989.SZ,20251014,28.7,4.3717,8.9372,1.33,,,3.7773,15.9971,19.3292,0.0,,20159.3343,18693.9093,9144.1606,578572.8944,536515.1969
002990.SZ,20251014,27.3,1.382,2.4235,0.79,40.7824,63.6392,2.9811,5.8365,6.2679,1.436,0.7693,26127.7638,13409.5388,7646.6588,713287.9517,366080.4092
002991.SZ,20251014,53.95,1.557,2.1897,1.01,13.3682,17.6911,3.1973,2.2279,2.3284,5.9604,4.3063,9321.5831,4993.3706,3550.6331,502899.4082,269392.3439
002992.SZ,20251014,53.63,1.2266,2.2385,0.77,,,13.5104,6.368,6.6181,0.0,,18086.8635,15803.9502,8659.8523,969998.4895,847565.8492
002993.SZ,20251014,42.88,2.1157,4.3855,1.06,25.4625,25.3017,2.44,1.8428,1.7791,2.7985,3.4787,27604.0,23844.6933,11503.4964,1183659.52,1022460.4487
002995.SZ,20251014,17.0,2.0851,2.8715,0.78,,,3.3546,2.2553,2.3828,0.0,,17745.448,11241.7208,8162.9155,301672.616,191109.2536
002996.SZ,20251014,7.86,4.791,7.0962,0.78,80.9199,33.3507,1.6731,0.3765,0.3573,0.9787,0.628,66943.6581,41646.3824,28117.5432,526177.1527,327340.5657
002997.SZ,20251014,36.42,2.938,5.0186,0.98,21.7616,18.3458,3.2678,3.1446,2.5705,0.8237,0.8237,20932.1325,20932.1325,12254.2225,762348.2657,762348.2657
002998.SZ,20251014,9.52,5.3201,8.6074,0.65,37.093,57.0731,2.0608,1.3192,1.2267,0.5213,7.0084,32641.3294,24208.9766,14963.1394,310745.4559,230469.4572
002999.SZ,20251014,6.67,1.8225,2.8425,1.02,104.2592,78.4964,1.9561,0.1604,0.1673,1.7991,1.8591,34759.2,34371.4875,22037.4875,231843.864,229257.8216
003000.SZ,20251014,12.08,1.3841,1.8807,1.34,18.6966,20.9502,3.9778,2.2583,2.2636,3.2874,3.2726,45089.4159,30029.6208,22100.4586,544680.1441,362757.8193
003001.SZ,20251014,24.4,10.1448,13.1964,3.46,69.0665,68.4703,3.605,5.4705,5.8265,0.3481,0.8113,17666.5939,10782.5507,8289.1243,431064.8912,263094.2371
003002.SZ,20251014,26.23,6.3359,12.134,1.16,37.4666,30.2871,3.6461,4.7642,4.2335,0.9436,0.5694,20000.0,18287.45,9548.96,524600.0,479679.8135
003003.SZ,20251014,12.33,2.8915,3.6323,0.86,34.131,35.2639,1.7108,1.8932,2.1151,0.8043,1.6005,17679.83,11780.0075,9377.5307,217992.3039,145247.4925
003004.SZ,20251014,18.9,1.579,2.9317,1.38,,,2.4331,5.1276,4.874,1.05,,8186.182,6873.337,3701.9064,154718.8398,129906.0693
003005.SZ,20251014,23.51,15.7341,20.258,1.96,127.4146,145.1358,3.0024,11.2716,11.9313,0.0,0.9722,23138.8691,12697.8206,9862.2053,543994.8125,298525.7623
003006.SZ,20251014,24.46,1.0694,2.8172,1.49,36.5319,35.5037,7.4424,3.2294,3.0148,2.2473,2.2467,42964.779,42857.2965,16269.078,1050918.4943,1048289.4724
003007.SZ,20251014,33.4,3.5657,6.7002,1.28,105.1877,263.9217,4.1157,8.3148,8.8471,0.5863,0.1902,10400.0,7406.7636,3941.7009,347360.0,247385.9042
003008.SZ,20251014,21.49,1.5889,2.5773,0.99,26.123,25.6823,2.159,10.0975,9.9412,2.7025,4.4207,10400.0,7784.8325,4799.3686,223496.0,167296.0504
003009.SZ,20251014,50.41,2.2796,6.2459,0.97,400.3588,2585.9074,4.9785,8.4714,10.0778,0.1627,0.0754,15539.5424,15539.4634,5671.5401,783348.3324,783344.35
003010.SZ,20251014,41.98,2.9781,3.8929,0.73,123.6156,93.9681,25.7126,7.3952,5.6836,0.2633,1.1179,31105.9476,22614.2182,17299.9786,1305827.6802,949344.88
003011.SZ,20251014,20.6,2.8091,3.6814,0.63,42.2179,19.2932,1.5158,1.5457,1.6457,2.8843,2.8839,10267.6,7808.8766,5958.6401,211512.56,160862.858
003012.SZ,20251014,7.64,2.5037,5.9866,1.96,26.9113,26.2636,1.1798,1.3663,1.401,3.9237,3.1807,115698.1158,114451.0256,47864.8378,883933.6047,874405.8356
003013.SZ,20251014,15.42,0.8633,3.882,1.22,12.7994,12.4546,2.254,2.2913,2.2372,3.113,3.1128,40832.6898,39994.7088,8894.398,629640.0767,616718.4097
003015.SZ,20251014,16.66,3.3512,4.0211,0.61,69.3979,58.5315,4.4882,8.0311,7.7324,0.5695,1.1799,28106.6667,24740.1692,20618.1569,468257.0672,412171.2189
003016.SZ,20251014,8.24,3.7952,12.3029,1.02,,,1.2917,2.4657,2.4562,2.7868,,42052.1612,41088.2842,12675.0419,346509.8083,338567.4618
003017.SZ,20251014,34.54,6.6412,7.8906,1.52,45.5141,35.034,2.6853,3.1885,2.9848,1.264,0.8583,8400.0,6928.7988,5831.6997,290136.0,239320.7106
003018.SZ,20251014,11.68,1.2887,1.6737,0.81,21.5062,23.8086,1.9599,3.4035,3.646,1.7123,2.5685,26000.0,9797.8925,7544.1425,303680.0,114439.3844
003019.SZ,20251014,34.26,5.3328,7.7816,1.47,32.189,35.6094,3.765,2.7351,2.8823,1.1881,1.4568,17671.2606,17080.5356,11705.3382,605417.3882,585179.1497
003020.SZ,20251014,27.72,4.5711,7.4994,1.34,32.8265,30.404,2.9977,3.4718,3.5582,1.5141,1.814,19018.2182,13772.4523,8394.7743,527185.0085,381772.3778
003021.SZ,20251014,116.67,5.2727,12.977,1.58,124.4977,114.5985,8.5223,18.3811,16.8204,0.3356,0.2443,24019.65,20682.489,8403.4595,2802372.5655,2413025.9916
003022.SZ,20251014,21.44,1.3682,5.2828,1.11,122.139,112.5775,3.9147,4.5684,4.8815,0.3731,0.2799,133556.8,133443.1825,34559.5488,2863457.792,2861021.8328
003023.SZ,20251014,22.06,2.4655,5.0198,0.71,21.2052,25.9715,1.4875,1.7854,1.9391,1.8132,1.8132,10534.16,10510.2114,5162.1671,232383.5696,231855.2635
003025.SZ,20251014,13.41,1.8744,3.1448,1.03,20.9475,28.6023,3.1808,6.1031,5.889,1.2429,1.3671,28395.3558,22641.5928,13494.9256,380781.7213,303623.7594
003026.SZ,20251014,36.3,4.1968,6.0287,0.78,206.6192,123.9408,7.2381,11.1347,11.23,0.0,0.4119,12961.9,9569.5312,6661.6494,470516.97,347373.9826
003027.SZ,20251014,19.7,2.5175,3.5945,0.99,65.9722,35.8698,1.5174,3.5555,3.1181,0.3067,1.4887,13072.32,10486.0968,7344.1307,257524.704,206576.107
003028.SZ,20251014,30.91,1.8104,3.3867,0.97,22.0027,26.9694,2.5451,3.1906,3.2154,1.1245,1.1198,14471.1,7053.8197,3770.7043,447301.701,218033.5669
003029.SZ,20251014,24.3,2.2061,3.4607,0.89,,,4.2424,11.5695,12.8184,0.0,,19362.0227,17323.6981,11043.1591,470497.1516,420965.8638
003030.SZ,20251014,18.52,1.7594,2.8573,1.02,,,2.3663,1.3884,1.2641,0.8061,0.806,12478.0,7938.585,4888.21,231092.56,147022.5942
003031.SZ,20251014,57.36,1.3812,3.268,1.26,47.9866,42.7782,4.2222,9.7687,9.161,0.4857,0.7322,45105.2859,34015.6696,14376.4368,2587239.1992,1951138.8083
003032.SZ,20251014,6.21,1.4141,2.001,1.02,,,1.9896,10.1733,8.4056,0.2576,,40244.75,27621.9885,19520.7308,249919.8975,171532.5486
003033.SZ,20251014,67.1,4.7272,14.6556,0.73,41.881,34.2203,4.1887,2.9892,2.8936,0.7452,0.7452,8175.0,8074.3867,2604.3967,548542.5,541791.3476
003035.SZ,20251014,4.86,0.5639,2.1735,0.91,,,2.6918,5.8354,5.3602,0.1872,0.1235,378787.8787,378787.8787,98277.3675,1840909.0905,1840909.0905
003036.SZ,20251014,16.46,1.5231,4.8523,0.77,40.108,57.0273,2.5841,2.1468,2.3459,2.5485,0.7526,21626.7121,21626.6071,6788.6071,355975.6812,355973.9529
003037.SZ,20251014,8.02,1.2476,3.7782,0.95,190.2534,53.4929,1.7222,0.7754,0.7386,0.6206,0.6206,59907.4678,59907.4678,19782.4778,480457.8918,480457.8918
003038.SZ,20251014,16.65,4.0229,4.9465,1.47,24.0993,76.2993,1.3435,0.4733,0.483,1.7461,1.1759,24369.5765,16549.7912,13459.5475,405753.4487,275554.0235
003039.SZ,20251014,13.49,0.4761,2.3996,0.93,31.0405,30.8965,3.0553,4.5301,4.0857,1.2824,1.5567,61751.873,61751.873,12251.873,833032.7668,833032.7668
003040.SZ,20251014,20.95,6.2707,12.5203,2.3,448.1938,,6.8762,9.212,9.4206,0.7255,0.1432,46113.5972,45685.0258,22880.9959,966079.8613,957101.2905
003041.SZ,20251014,22.68,1.4394,4.4485,0.8,43.0885,13.6655,2.2839,3.7171,3.4434,1.7637,3.5273,14400.0,13682.34,4427.3216,326592.0,310315.4712
003042.SZ,20251014,16.78,3.9836,7.842,2.21,,,1.7578,1.1873,1.1457,0.0,,14248.0,12736.5745,6469.9245,239081.44,213719.7201
003043.SZ,20251014,49.06,2.7948,3.793,1.03,81.4122,116.7102,3.8557,10.4797,8.035,0.3043,0.4337,13399.0326,7983.3144,5882.3662,657356.5394,391661.4045
003816.SZ,20251014,3.91,0.7537,4.4052,1.28,18.2589,20.4475,1.7036,2.2746,2.2802,2.4041,2.4297,5049861.11,3933498.61,672983.2225,19744956.9401,15379979.5651
300001.SZ,20251014,27.1,4.8744,7.235,1.27,31.2092,27.2314,3.8504,1.8606,1.8699,0.3636,0.5493,105553.7713,103155.6106,69498.5825,2860507.2022,2795517.0473
300002.SZ,20251014,12.55,3.4922,3.5479,0.79,17.2925,18.9011,3.3547,3.8262,4.0576,0.4758,0.7949,196717.3866,184705.146,181804.7437,2468803.2018,2318049.5823
300003.SZ,20251014,17.19,2.0442,2.7986,1.2,130.9145,134.351,2.1154,5.2968,5.3094,2.705,1.6978,188061.2067,161609.9405,118042.478,3232772.1432,2778074.8772
300004.SZ,20251014,11.7,7.1503,9.6255,0.8,75.3966,73.0864,3.1732,9.0517,9.0157,0.0,,47999.3598,47999.3598,35656.6865,561592.5097,561592.5097
300005.SZ,20251014,8.57,2.1979,3.007,0.76,71.0289,183.751,3.6127,4.7583,4.9298,0.2678,0.1339,88370.2186,88331.4286,64566.1766,757332.7734,757000.3431
300006.SZ,20251014,4.32,2.2594,3.5866,1.61,,,2.4614,5.7335,5.7665,0.0,,105591.1205,105582.0898,66513.5891,456153.6406,456114.6279
300007.SZ,20251014,53.32,8.9466,9.9425,0.97,227.6909,207.4895,6.0244,7.8377,7.6217,0.2438,0.1313,32744.5619,28329.5039,25492.0948,1745940.0405,1510529.1479
300008.SZ,20251014,6.54,6.5916,8.092,1.98,81.5711,55.5777,5.0778,2.8645,2.6419,0.0,,172802.9133,164729.0071,134186.0836,1130131.053,1077327.7064
300009.SZ,20251014,10.18,2.0429,2.3069,1.05,24.0842,25.902,4.2883,6.7137,6.7313,2.4553,2.4497,167252.1258,122170.0208,108190.8175,1702626.6406,1243690.8117
300010.SZ,20251014,7.49,4.5532,4.623,0.6,112.8743,90.0405,8.8198,20.4524,17.6687,0.0,,206661.2659,166333.2582,163821.7072,1547892.8816,1245836.1039
300011.SZ,20251014,7.9,1.6346,2.1852,0.87,397.0154,514.6301,3.2964,2.7796,2.7701,0.0,,55865.0387,50725.6004,37944.7491,441333.8057,400732.2432
300012.SZ,20251014,13.7,3.0627,3.2441,0.91,25.0303,24.2233,3.232,3.7894,3.6871,0.7265,1.0884,168282.8214,143176.9688,135174.1844,2305474.6532,1961524.4726
300013.SZ,20251014,4.36,9.0706,9.946,1.23,,,12.1706,5.0639,5.2836,0.0,,55835.8894,44596.1553,40670.8903,243444.4778,194439.2371
300014.SZ,20251014,79.05,4.4688,6.8433,0.85,39.679,45.637,4.2539,3.3265,2.9336,0.631,0.9393,204573.2658,186144.5807,121557.3632,16171516.6615,14714729.1043
300015.SZ,20251014,12.66,1.2141,2.297,1.2,33.1996,33.1895,5.4472,5.6265,5.3798,1.1814,1.2598,932539.667,793095.9173,419193.3864,11805952.1842,10040594.313
300016.SZ,20251014,8.37,2.1757,2.7846,0.9,345.104,195.671,2.2789,4.79,4.3071,0.0,0.5221,56287.3163,56211.4688,43919.5505,471124.8374,470489.9939
300017.SZ,20251014,11.92,6.4598,7.3931,1.27,43.4628,39.0984,2.9908,5.9442,5.8841,2.0669,2.0842,245944.9777,230614.1629,201500.9648,2931664.1342,2748920.8218
300018.SZ,20251014,10.66,13.5978,15.819,1.71,67.2143,50.3856,3.8945,9.3439,8.7822,0.4647,0.6506,48533.5536,44931.2251,38622.2301,517367.6814,478966.8596
300019.SZ,20251014,21.37,3.3309,5.6191,1.07,35.3682,28.9723,3.2334,2.6594,2.2659,1.3965,1.4038,39311.67,33753.7896,20008.3344,840090.3879,721318.4838
300020.SZ,20251014,3.5,2.3537,2.6351,1.17,,,0.9593,5.0764,17.9923,0.0,,79467.7974,76663.9584,68475.6577,278137.2909,268323.8544
300021.SZ,20251014,4.91,2.9521,4.0133,1.14,61.8755,67.0575,2.0287,1.1464,1.131,0.5126,1.0533,102236.7469,87273.9211,64196.5456,501982.4273,428514.9526
300022.SZ,20251014,8.9,5.1801,7.256,1.5,,,8.1191,1.6238,1.6277,0.0,,49424.038,49422.943,35283.608,439873.9382,439864.1927
300024.SZ,20251014,18.68,4.717,6.3403,1.26,,,6.6958,7.0668,7.0687,0.0,,156561.995,153992.6904,114565.4733,2924578.0666,2876583.4567
300025.SZ,20251014,5.89,2.794,3.3221,1.01,,,5.4207,4.3376,4.6834,0.0,,50879.2922,50639.2121,42589.8111,299679.0311,298264.9593
300026.SZ,20251014,3.71,1.3505,1.8277,1.07,519.1805,,1.2906,1.9273,1.9968,0.8086,0.8086,300415.4837,273852.8478,202359.4729,1114541.4445,1015994.0653
300027.SZ,20251014,2.41,2.2747,2.5458,0.76,,,22.2434,14.3749,21.5698,0.0,,277450.5919,248497.8787,222031.7689,668655.9265,598879.8877
300029.SZ,20251014,5.72,1.253,1.5385,1.08,,,,7.1179,15.8409,0.0,,20050.65,20036.025,16318.1756,114689.718,114606.063
300030.SZ,20251014,7.63,2.1006,2.7088,1.12,,,3.7927,4.0581,4.5444,0.0,,30918.7315,27222.605,21109.9047,235909.9213,207708.4762
300031.SZ,20251014,23.11,3.4554,3.6718,0.88,46.0974,60.8842,2.4234,2.9307,3.0302,0.2558,0.4327,41874.6695,35190.1892,33116.4154,967723.6121,813245.2724
300032.SZ,20251014,4.85,4.6092,5.5192,1.05,,,5.8019,2.6084,2.3769,0.0,,80316.9608,80316.9608,67074.2895,389537.2599,389537.2599
300033.SZ,20251014,350.9,3.1718,4.4247,0.7,103.4648,96.1373,27.7304,45.0569,41.2178,0.627,0.8834,53760.0,27550.5581,19749.2299,18864384.0,9667490.8373
300034.SZ,20251014,16.71,2.5536,4.3151,1.43,53.557,100.4039,3.5482,3.7791,3.6875,0.7217,0.5984,79696.1563,76664.6058,45368.3263,1331722.7718,1281065.5629
300035.SZ,20251014,22.68,11.7291,12.3409,1.19,51.3014,30.7194,3.256,2.7854,2.2432,0.6614,1.1023,68542.6671,58334.813,55443.0043,1554547.6898,1323033.5588
300036.SZ,20251014,16.95,3.2877,3.3674,1.01,,,3.1393,5.5762,5.7048,0.59,,49276.6617,43847.7777,42810.3658,835239.4158,743219.832
300037.SZ,20251014,45.64,5.6767,6.6386,1.04,36.2281,33.7879,3.5261,4.3494,4.0092,1.3209,0.8734,74778.2523,54025.9415,46197.8999,3412879.435,2465743.9701
300039.SZ,20251014,6.04,1.5788,2.2711,1.08,16.8216,17.777,1.4819,4.2882,5.059,1.6556,1.6556,104600.0,91692.6226,63741.3337,631784.0,553823.4405
300040.SZ,20251014,6.72,3.5773,3.8999,1.24,,,1.7071,2.8641,2.9774,0.966,0.8526,63130.0573,50526.6182,46347.5551,424233.9851,339538.8743
300041.SZ,20251014,12.09,9.076,10.6859,1.15,66.406,62.877,2.4583,1.6957,1.6322,0.798,1.2407,55943.4222,54443.4423,46241.3198,676355.9744,658221.2174
300042.SZ,20251014,27.3,9.7107,12.9287,0.69,,,5.4008,6.5955,6.1239,0.0,,20040.0,20038.155,15050.655,547092.0,547041.6315
300043.SZ,20251014,6.42,6.619,10.1272,1.04,,,4.8036,5.8716,4.2476,0.0,0.1554,124419.8401,124353.9501,81276.2934,798775.3734,798352.3596
300044.SZ,20251014,4.13,3.5316,3.6964,1.05,,,31.6422,22.0179,45.8285,0.0,,76386.9228,71537.8203,68348.0115,315477.9912,295451.1978
300045.SZ,20251014,22.25,5.0609,5.5866,0.95,,,9.2184,26.9604,28.8102,0.0,,66267.5236,51631.3176,46772.191,1474452.4001,1148796.8166
300046.SZ,20251014,38.76,5.5045,7.4709,0.65,362.4625,138.7009,8.1387,25.8877,25.3742,0.0,0.3741,23653.1371,23653.1371,17427.3371,916795.594,916795.594
300047.SZ,20251014,15.24,4.505,4.5957,0.9,418.8773,353.7172,2.9511,1.1915,1.101,0.0984,0.0984,63774.4672,54664.1741,53585.7298,971922.8801,833082.0133
300048.SZ,20251014,6.79,5.3406,6.5563,1.29,743.7249,104.9939,4.1811,1.6032,1.0124,0.0,,112775.9857,112544.7982,91676.2564,765748.9429,764179.1798
300049.SZ,20251014,66.11,4.0003,4.3055,1.0,154.632,194.9526,9.7321,12.9854,12.338,0.0,,26497.59,23350.1342,21694.6687,1751755.6749,1543677.372
300050.SZ,20251014,5.76,3.6866,4.4731,1.01,,,7.7843,11.1379,11.5248,0.0,,54484.6718,54451.4149,44876.9449,313831.7096,313640.1498
300051.SZ,20251014,6.84,2.497,3.1131,1.39,,,13.0885,5.0852,4.6629,0.0,,37213.669,36773.104,29495.4274,254541.496,251528.0314
300052.SZ,20251014,11.27,2.3861,2.8686,1.06,,,7.7522,12.9925,14.475,0.0,,26185.871,26185.121,21780.6332,295114.7662,295106.3137
300053.SZ,20251014,13.22,3.054,3.6484,0.92,,,5.382,43.4399,44.6666,0.0,,69687.4323,65081.8928,54479.2838,921267.855,860382.6228
300054.SZ,20251014,34.8,7.1091,7.8482,1.75,63.2549,53.6516,6.9304,9.8682,9.277,0.0,0.2868,94645.4029,73609.9529,66677.9296,3293660.0209,2561626.3609
300055.SZ,20251014,6.99,8.8195,9.8798,2.23,164.4518,164.3739,1.1316,2.1417,2.1988,0.2146,0.2146,83674.9606,63270.1144,56480.259,584887.9746,442258.0997
300056.SZ,20251014,10.42,5.6183,6.6476,1.14,,,24.3643,8.6197,9.1864,0.0,,38549.0443,38515.0243,32551.599,401681.0416,401326.5532
300057.SZ,20251014,5.96,4.8854,5.4902,0.94,,,1.0254,0.8133,0.8525,0.0,0.1662,89774.1579,72514.6104,64527.5067,535053.9811,432187.078
300058.SZ,20251014,6.3,3.2086,3.2086,0.76,,,2.881,0.372,0.3631,0.11,,359022.1227,348002.9758,348002.9758,2261839.373,2192418.7475
300059.SZ,20251014,25.16,3.1085,3.4494,0.63,41.3761,35.7526,4.6462,127.8252,125.6027,0.1588,0.2382,1580403.7675,1337638.6008,1205436.9237,39762958.7903,33654987.1961
300061.SZ,20251014,11.07,1.9312,2.389,0.81,,,13.4357,11.6388,15.0975,0.0,,65899.3677,62216.9705,50294.0079,729506.0004,688741.8634
300062.SZ,20251014,5.81,5.2279,6.2064,1.48,,,2.7195,2.8232,3.5554,0.3442,,55760.6117,38611.6997,32523.8397,323969.154,224333.9753
300063.SZ,20251014,8.43,3.5761,3.9692,0.81,98.1182,61.7221,3.7648,0.8778,0.9329,0.0,,75852.715,62655.4443,56449.821,639438.3875,528185.3954
300065.SZ,20251014,19.3,9.4091,9.7287,1.5,1694.6288,466.3735,7.9585,36.2181,19.4896,0.0,,72049.4503,65584.661,63429.8587,1390554.3908,1265783.9573
300066.SZ,20251014,7.54,12.2307,19.5168,1.49,122.9752,122.515,3.1167,5.3227,6.3936,0.6631,0.3979,104003.3262,100591.0348,63038.0633,784185.0795,758456.4024
300067.SZ,20251014,4.53,2.3004,2.84,0.91,,,2.0792,5.3719,5.1786,0.883,0.2208,115437.4574,93748.3681,75937.4021,522931.682,424680.1075
300068.SZ,20251014,18.0,5.7227,6.6129,0.6,,,4.2259,2.025,2.6222,0.347,,89819.0679,85300.3114,73817.6623,1616743.2222,1535405.6052
300069.SZ,20251014,20.5,5.7481,10.1227,1.15,74.7923,73.4109,8.5249,8.7928,8.5604,0.0,,11700.0,11700.0,6643.7463,239850.0,239850.0
300070.SZ,20251014,4.37,0.8799,1.4557,1.02,270.3388,652.7924,0.583,1.8525,1.9726,0.984,0.0915,362420.9363,337183.8197,203800.227,1583779.4916,1473493.2921
300071.SZ,20251014,4.2,1.8732,2.4733,0.87,,,43.9441,3.3156,3.6709,0.0,,96388.4336,94535.0866,71598.2969,404831.4211,397047.3637
300072.SZ,20251014,3.76,3.4275,5.485,2.72,,,1.4872,3.6412,4.0979,0.0,,234972.0302,233136.127,145682.6487,883494.8336,876591.8375
300073.SZ,20251014,63.5,7.4191,9.6616,0.86,73.2522,69.6656,2.4038,4.5519,4.0737,1.102,0.2931,54429.3668,50597.1312,38853.4051,3456264.7918,3212917.8312
300074.SZ,20251014,4.59,3.1686,3.7401,1.08,,,2.5242,5.115,4.3851,0.0,,54656.66,54356.73,46050.5522,250874.0694,249497.3907
300075.SZ,20251014,15.67,2.1179,2.2129,0.93,,,2.776,13.6445,19.6226,0.3153,,62113.0158,51543.8476,49332.2232,973310.9576,807692.0919
300076.SZ,20251014,6.21,2.8066,3.9932,0.88,,,2.8991,18.7084,25.3095,0.0,,42400.0,42400.0,29800.4,263304.0,263304.0
300077.SZ,20251014,23.5,3.6292,3.6292,0.8,,,13.7112,11.7369,10.6674,0.0,,58312.67,56632.74,56632.74,1370347.745,1330869.39
300078.SZ,20251014,3.37,1.772,2.1342,0.96,,,7.0841,5.4537,4.4907,0.0,,111787.223,111336.7148,92437.6966,376722.9415,375204.7289
300079.SZ,20251014,5.69,2.9773,3.0574,1.16,332.5644,200.2866,1.923,12.1297,11.2486,0.1761,0.1759,142602.8062,128147.9656,124788.0026,811409.9673,729161.9243
300080.SZ,20251014,5.07,4.572,12.2185,0.61,,,1.9179,2.7754,2.6345,0.0,,187338.0436,187086.0549,70005.3964,949803.8811,948526.2983
300081.SZ,20251014,4.8,3.0197,3.3743,1.03,,,2.603,7.7397,7.3446,0.0,,60479.5417,60470.3842,54115.9021,290301.8002,290257.8442
300082.SZ,20251014,7.9,1.8504,3.94,0.61,,,1.9532,1.2533,1.1959,0.0,,68009.82,67820.7963,31850.939,537277.578,535784.2908
300083.SZ,20251014,9.24,5.4274,5.7386,1.14,64.8299,49.2663,2.9025,3.3403,3.0856,0.0,,166486.2589,149303.5214,141204.9994,1538333.0322,1379564.5377
300084.SZ,20251014,9.33,5.5825,6.0367,0.97,,,3.6582,7.9367,7.5195,0.0,,51024.7899,34459.4054,31866.5354,476061.2898,321506.2524
300085.SZ,20251014,47.74,4.7601,7.0479,0.75,,,67.2429,39.1062,42.4268,0.0,,70664.0535,65201.286,44036.0915,3373501.9141,3112709.3936
300086.SZ,20251014,7.12,10.8954,15.3844,1.25,,,2.9843,6.8536,6.6805,0.0,,45512.4411,44068.2522,31209.6671,324048.5806,313765.9557
300087.SZ,20251014,9.29,4.6824,6.6187,1.78,76.9258,92.3338,4.68,1.8689,1.8588,1.0764,0.5382,94733.1751,89567.2569,63364.9354,880071.1967,832079.8166
300088.SZ,20251014,6.3,3.5379,4.3065,0.76,44.1031,40.3763,1.8156,1.423,1.3658,1.0921,0.9286,249773.3579,248550.3647,204186.735,1573572.1548,1565867.2976
300091.SZ,20251014,2.89,2.2271,3.3008,0.83,,,8.958,3.0581,4.0752,0.0,,148916.4214,147603.3276,99589.3919,430368.4578,426573.6168
300092.SZ,20251014,16.88,8.5022,11.1092,0.74,27.313,37.1363,2.8534,3.8037,4.2334,1.3626,1.41,27392.3271,20986.6256,16061.6933,462382.4814,354254.2401
300093.SZ,20251014,12.69,1.002,1.3331,0.61,,,,22.1633,12.9609,0.0,,21600.0,21565.68,16208.6774,274104.0,273668.4792
300094.SZ,20251014,3.74,4.2082,5.4686,1.27,,,3.2626,1.2376,1.3888,0.0,,112816.7253,110551.7399,85071.6556,421934.5526,413463.5072
300095.SZ,20251014,9.46,4.9639,5.5325,1.51,,,2.4151,3.2937,3.1151,1.0204,1.0001,42009.0164,33872.7079,30391.575,397405.2951,320435.8167
300096.SZ,20251014,7.79,4.061,4.8453,0.45,,71.8739,9.575,5.9986,6.4797,0.0,,43000.0,43000.0,36039.3251,334970.0,334970.0
300097.SZ,20251014,5.57,1.6113,1.8793,1.09,,,4.1647,4.1849,7.0375,0.0,,28854.9669,27000.9948,23150.5534,160722.1656,150395.541
300098.SZ,20251014,5.51,3.9896,4.2048,1.11,,,3.5764,6.7588,5.785,0.0,,173778.2275,154174.3627,146286.5248,957518.0335,849500.7385
300099.SZ,20251014,6.76,1.6639,2.0146,1.11,52.4191,50.3597,2.1985,8.3206,8.5028,0.6657,3.3876,73726.5255,58141.224,48019.8727,498391.3124,393034.6742
300100.SZ,20251014,39.19,4.1878,7.9343,1.3,45.1016,41.8163,7.6465,4.5649,4.2037,0.1772,0.3552,57198.294,55178.6033,29123.6566,2241601.1419,2162449.4633
300101.SZ,20251014,23.8,3.25,4.5969,1.27,337.9031,234.6487,7.5092,16.9569,14.5944,0.0,0.3071,56790.57,56604.3415,40018.3415,1351615.566,1347183.3277
300102.SZ,20251014,11.82,2.1103,3.2951,0.77,113.2165,84.657,2.5842,4.4713,3.7454,0.0,0.3802,92033.3863,91633.9888,58685.2206,1087834.6261,1083113.7476
300103.SZ,20251014,7.11,3.2849,4.9934,1.54,,,4.5521,14.5574,13.7259,0.0,,31760.1,31734.061,20876.151,225814.311,225629.1737
300105.SZ,20251014,7.51,3.8599,6.6308,2.22,59.3339,47.4936,2.0202,3.0346,3.022,1.9984,1.3316,51581.442,51581.442,30026.37,387376.6294,387376.6294
300106.SZ,20251014,11.24,3.8343,6.5903,1.08,,,6.2694,2.5321,2.6938,0.0,,21133.231,21133.231,12295.4139,237537.5164,237537.5164
300107.SZ,20251014,7.16,2.399,2.9996,1.3,208.0472,314.7756,2.678,6.6553,7.7205,0.221,0.2234,56270.7468,34721.2817,27768.9821,402898.5471,248604.377
300109.SZ,20251014,16.72,1.9776,2.0951,0.94,23.2405,29.4761,2.2212,5.0592,5.3623,3.9807,1.4911,48605.0005,44982.3129,42459.0083,812675.6084,752104.2717
300110.SZ,20251014,3.22,1.7801,2.4361,1.23,,,2.8448,2.8132,3.1575,0.6522,,118221.2982,118084.7607,86286.1984,380672.5802,380232.9295
300111.SZ,20251014,6.76,14.2736,20.3851,0.76,1111.6984,1211.3349,12.6579,26.3389,27.4284,0.0,,128721.0714,128721.0714,90130.1583,870154.4427,870154.4427
300112.SZ,20251014,8.66,2.3273,2.6119,0.84,,,2.5269,2.438,2.377,2.3231,,29022.5894,23764.351,21175.09,251335.6242,205799.2797
300113.SZ,20251014,25.2,4.44,4.9677,1.08,68.3883,54.1774,7.2508,9.3642,8.4349,0.3152,0.3522,68356.6082,51819.9602,46315.1741,1722586.5266,1305862.997
300115.SZ,20251014,33.33,9.2088,13.6929,0.78,58.766,70.3735,5.5825,2.6774,2.5354,0.0,0.3888,136032.6192,135640.422,91221.6109,4533967.1979,4520895.2653
300118.SZ,20251014,10.94,11.4852,12.4344,3.03,,,1.1569,0.6162,0.7241,1.8092,,114001.3863,92682.608,85607.6486,1247175.1661,1013947.7315
300119.SZ,20251014,22.05,2.9745,3.7422,1.28,34.0774,25.7415,2.2464,3.3381,2.7859,1.8056,1.3325,46475.4706,33496.2021,26624.7823,1024784.1267,738591.2563
300120.SZ,20251014,10.21,8.5885,9.3336,1.27,273.3115,,1.9505,1.7984,1.9962,0.0,,57439.3929,52744.7002,48533.9569,586456.2015,538523.389
300121.SZ,20251014,15.31,4.7152,6.7995,0.96,35.766,38.0857,1.9608,2.0029,1.9825,1.7883,1.3464,44883.0968,43299.9619,30026.9959,687160.212,662922.4167
300122.SZ,20251014,20.48,1.7887,2.3167,1.0,24.288,,1.6215,1.8805,3.851,4.8828,0.9766,239378.9747,141430.6248,109201.2873,4902481.4019,2896499.1959
300123.SZ,20251014,5.89,2.1554,2.6036,1.01,,,3.9392,6.3226,6.6476,0.0,,102183.4123,100041.8818,82823.0257,601860.2984,589246.6838
300124.SZ,20251014,79.15,2.147,2.676,0.79,49.8615,41.606,7.0142,5.7688,5.1655,0.5638,0.5168,269969.6667,236504.4174,189745.4386,21368099.1193,18719324.6372
300125.SZ,20251014,10.11,5.3841,6.9047,1.06,,,,44.2416,31.3427,0.0,,26759.9995,26542.8408,20697.5148,270543.5949,268348.1205
300126.SZ,20251014,10.03,7.6389,11.2187,0.96,,,2.9068,6.9735,6.7098,0.0981,,30395.76,21065.2704,14343.4672,304869.4728,211284.6621
300127.SZ,20251014,40.75,24.774,53.5198,2.41,89.4667,86.1293,9.2658,16.4824,16.649,0.9816,0.8589,32314.636,23081.614,10684.3314,1316821.417,940575.7705
300128.SZ,20251014,6.34,4.9799,6.8722,0.67,,,11.5192,4.5822,4.1911,0.0,,129911.5412,129771.7037,94037.7122,823639.1712,822752.6015
300129.SZ,20251014,8.13,6.2224,6.5792,0.85,41.7711,44.321,1.6908,1.5711,1.3868,0.615,0.738,93489.9232,66451.7277,62848.335,760073.0756,540252.5462
300130.SZ,20251014,27.26,4.233,4.9128,1.25,66.0294,253.7131,3.6882,4.9132,4.9926,3.1573,1.8342,56729.9123,43415.2308,37407.5866,1546457.4093,1183499.1916
300131.SZ,20251014,9.67,8.836,8.8647,1.45,182.0928,198.7544,6.1419,2.0529,2.0191,0.0,,113501.9485,104226.7516,103889.8619,1097563.842,1007872.688
300132.SZ,20251014,6.17,2.1959,2.4218,1.02,58.2865,42.362,2.4045,1.6431,1.5791,0.0,,51658.0886,50808.1284,46068.9239,318730.4067,313486.1522
300133.SZ,20251014,7.57,4.6093,5.8295,0.59,59.1648,49.6948,1.9868,7.4159,6.0893,0.5333,0.4303,189958.5581,162354.3501,128371.7166,1437986.2848,1229022.4303
300134.SZ,20251014,11.31,2.1306,4.4131,0.97,,,2.2572,3.7357,3.684,0.0,,76749.8006,71241.8006,34394.843,868040.2448,805744.7648
300135.SZ,20251014,4.39,3.242,4.8905,1.03,181.409,719.0564,4.2652,2.0543,3.009,0.0,0.2278,92160.0,92160.0,61094.4872,404582.4,404582.4
300136.SZ,20251014,27.4,8.7431,9.2731,0.98,40.0713,42.7122,3.5909,3.0321,3.047,0.365,0.1796,96756.8638,82456.7926,77744.2043,2651138.0681,2259316.1172
300137.SZ,20251014,6.9,1.2523,1.483,0.81,,,2.2423,3.887,3.7916,0.0,,53658.221,53003.4106,44757.9854,370241.7249,365723.5331
300138.SZ,20251014,13.99,7.4279,8.271,3.46,71.8617,32.3088,2.074,0.9663,0.9438,0.9605,0.9292,48310.0093,39831.3292,35771.0914,675857.0301,557240.2955
300139.SZ,20251014,28.45,34.5004,36.5634,1.14,167.4434,112.6706,7.3523,22.2709,17.8554,0.0,,27400.0,23365.9225,22047.5425,779530.0,664760.4951
300140.SZ,20251014,6.07,1.4569,2.4108,1.4,31.0704,26.3811,1.3528,3.1779,3.1618,0.9885,1.9769,309906.7016,102012.125,61646.5386,1881133.6787,619213.5988
300141.SZ,20251014,10.98,5.3388,11.3324,0.57,,,4.3331,6.6129,7.8164,0.1076,,25784.46,25473.876,12000.9441,283113.3708,279703.1585
300142.SZ,20251014,11.39,1.7933,1.7933,1.29,128.141,1234.1362,1.9182,6.4565,7.1654,0.0878,0.0878,159934.8541,155594.4539,155594.4539,1821657.9882,1772220.8299
300143.SZ,20251014,10.91,1.4287,2.5011,1.07,70.8391,66.7744,3.2743,5.2439,5.1784,0.0,,74945.1604,64136.318,36637.3795,817651.7,699727.2294
300144.SZ,20251014,8.29,1.5267,2.3289,0.77,20.7301,24.2114,2.7177,8.994,9.373,1.2053,2.4126,262253.794,235552.6844,154420.6683,2174083.9523,1952731.7537
300145.SZ,20251014,4.5,3.7556,5.5131,1.28,39.6056,38.7632,3.0823,1.7103,1.6882,0.0,,192090.0236,190399.3301,129701.0067,864405.1062,856796.9855
300146.SZ,20251014,11.69,1.7104,2.0326,1.08,30.2921,39.6851,1.7825,2.8919,3.4348,7.669,3.0646,169167.7031,112081.8659,94316.5723,1977570.4492,1310237.0124
300147.SZ,20251014,10.79,2.2169,2.8689,0.83,,,8.6902,3.8389,4.5156,0.0,,66127.9045,65739.8353,50798.8432,713520.0896,709332.8229
300148.SZ,20251014,4.49,3.1737,3.6173,0.93,114.3457,57.3485,3.7752,8.1379,7.4605,0.0,,83533.9343,80674.5896,70780.5694,375067.365,362228.9073
300149.SZ,20251014,11.05,2.5889,3.3547,1.0,,,4.4443,5.6715,5.2968,0.0,,49796.3992,47455.2969,36622.5602,550250.2112,524381.0307
300150.SZ,20251014,5.52,2.8562,3.1309,0.82,94.5133,55.0727,2.0507,3.812,3.6699,0.0,,58510.6053,46022.3232,41985.2292,322978.5413,254043.2241
300151.SZ,20251014,14.22,5.6254,6.5221,0.92,74.2646,84.852,4.9105,7.2888,7.1902,0.7736,0.5274,53250.8827,36857.0989,31789.6764,757227.552,524107.9464
300152.SZ,20251014,2.05,3.5985,3.8227,0.91,,,6.2037,7.6878,7.9303,0.0,,71280.0,71261.8425,67082.1025,146124.0,146086.7771
300153.SZ,20251014,34.1,5.2449,8.2757,0.65,311.7706,264.2874,12.1842,8.568,7.2315,0.0,,32000.0,31833.0118,20174.8418,1091200.0,1085505.7024
300154.SZ,20251014,8.28,1.55,3.2766,0.91,24.7651,26.0108,2.1351,3.6679,3.9567,2.4206,2.4155,44955.5201,31508.6151,14905.1251,372231.7064,260891.333
300155.SZ,20251014,4.74,2.1542,3.0349,0.93,,,2.1573,12.8617,14.6607,0.0,,56122.7744,33072.6776,23475.5852,266021.9507,156764.4918
300157.SZ,20251014,4.7,4.841,5.8243,0.71,,,,6.4178,8.4396,0.0,,75393.7707,70782.4632,58832.4335,354350.7223,332677.577
300158.SZ,20251014,6.56,4.192,5.9956,1.09,,,1.8038,2.2197,2.2574,0.0,,100531.9756,100470.3142,70247.2951,659489.7599,659085.2612
300159.SZ,20251014,2.72,2.1086,2.3545,1.12,,,,6.1183,5.8789,0.0,,149564.5923,147183.9203,131809.4256,406815.6911,400340.2632
300160.SZ,20251014,5.87,1.6821,2.714,1.43,20.6799,19.6993,1.7587,2.8593,2.7164,1.7036,1.7036,77294.6292,76235.9517,47250.7607,453719.4734,447505.0365
300161.SZ,20251014,29.01,2.4394,3.6296,0.91,,,3.8048,3.2339,3.3757,0.0689,0.0345,19869.6906,19499.4903,13105.5198,576419.7243,565680.2136
300162.SZ,20251014,7.17,4.0276,5.0674,0.64,,,3.3686,2.4014,2.5953,0.0,,41951.003,34216.178,27195.153,300788.6915,245329.9963
300163.SZ,20251014,3.53,3.9791,4.2315,0.75,,38.8002,3.057,6.4622,6.5555,0.0,,47400.0,45378.9957,42672.8134,167322.0,160187.8548
300164.SZ,20251014,5.85,21.4437,24.1001,1.25,61.8631,57.7875,2.4,2.8779,2.8775,0.0,,58845.8629,58321.0778,51892.7548,344248.298,341178.3051
300165.SZ,20251014,4.37,1.178,1.3966,0.77,,,1.7074,2.5442,2.8262,0.0,,49551.1725,42053.4679,35473.0991,216538.6238,183773.6547
300166.SZ,20251014,11.17,5.5631,6.025,1.22,432.247,,2.1323,4.5547,4.6994,0.0,,113874.5748,90577.7562,83633.0026,1271979.0005,1011753.5368
300167.SZ,20251014,5.15,2.6063,2.8281,1.11,,143.3052,19.0013,4.8197,4.4352,0.0,,38937.4,35889.325,33073.6637,200527.61,184830.0238
300168.SZ,20251014,6.71,1.4469,1.9478,1.12,,,7.2322,4.806,4.7821,0.0,,144062.8576,143918.2545,106908.2368,966661.7745,965691.4877
300169.SZ,20251014,7.03,2.6298,2.6863,0.7,,,260.6705,4.3141,4.5792,0.0,,32598.434,30173.5782,29538.0015,229166.991,212120.2547
300170.SZ,20251014,17.2,5.1288,5.2198,0.79,92.8503,92.074,3.2147,5.4069,5.3185,0.1123,0.2701,101699.1211,97975.6567,96267.9053,1749224.8829,1685181.2952
300171.SZ,20251014,14.37,1.4316,2.1777,0.84,56.6993,87.3126,1.4173,2.1965,2.1378,1.6566,0.7329,76582.804,56265.7355,36988.4597,1100494.8935,808538.6191
300172.SZ,20251014,5.47,3.4712,3.8196,1.18,49.9148,48.9236,1.9447,4.4209,4.6297,0.5484,0.9141,67671.0,52351.2387,47576.5986,370160.37,286361.2757
300173.SZ,20251014,5.61,3.0766,3.8835,0.83,49.5355,75.1496,4.2183,3.0865,2.9965,0.0,,73472.5698,73472.5698,58208.1697,412181.1166,412181.1166
300174.SZ,20251014,16.05,2.1673,2.8048,0.83,20.5504,22.9276,1.7158,3.1044,3.1792,0.6231,1.4219,36421.036,36294.2163,28044.6607,584557.6278,582522.1716
300175.SZ,20251014,5.94,0.8837,1.162,0.63,,,5.4292,11.3971,11.6394,0.0,,47080.0,47080.0,35804.704,279655.2,279655.2
300176.SZ,20251014,7.0,2.5363,3.3862,1.03,97.4336,96.227,2.868,1.5691,1.517,0.0,0.2857,38728.08,38728.08,29008.2764,271096.56,271096.56
300177.SZ,20251014,9.52,2.2809,2.4678,0.9,,9630.7352,4.6245,5.8091,5.5119,0.0,,74416.9066,60630.3251,56039.5369,708448.9508,577200.695
300179.SZ,20251014,12.87,28.8702,37.0136,2.11,53.1736,57.9732,5.2679,11.9119,11.9756,1.5429,1.5452,48590.883,37559.9229,29296.3263,625364.6642,483396.2077
300180.SZ,20251014,7.59,5.0346,7.0347,2.32,188.2186,169.9961,2.8459,2.9173,3.1908,0.0,0.0659,176106.0155,171242.2292,122556.136,1336644.6576,1299728.5196
300181.SZ,20251014,18.3,2.2841,2.4141,1.17,25.2779,21.9327,4.2247,4.9791,4.669,2.459,3.237,70138.7335,60291.0919,57043.8303,1283538.8231,1103326.9818
300182.SZ,20251014,6.02,4.7571,5.0396,0.88,67.2862,119.8974,1.9233,5.5944,5.7634,0.0,0.0831,266382.5632,225890.2057,213226.1482,1603623.0305,1359859.0383
300183.SZ,20251014,15.96,2.4083,4.2649,0.95,110.4819,318.9748,2.367,7.1649,7.5509,0.6266,0.6266,46260.9137,40653.7112,22956.1687,738324.1827,648833.2308
300184.SZ,20251014,10.79,6.8038,6.9667,0.66,126.51,91.1737,3.2601,1.5921,1.4787,0.0,,115401.1922,104918.722,102464.0891,1245178.8638,1132073.0104
300185.SZ,20251014,3.12,4.7651,5.6926,0.73,293.8576,197.5734,1.8221,1.9758,1.9113,0.8013,0.1594,389700.4888,370724.6966,310321.4266,1215865.5251,1156661.0534
300187.SZ,20251014,5.07,1.1211,2.385,0.97,33.3024,32.1924,2.9636,4.3058,4.0679,1.1834,1.7751,64562.2165,64213.1317,30185.1994,327330.4377,325560.5777
300188.SZ,20251014,15.07,1.8344,3.1854,1.03,,,3.9981,7.3214,7.2845,0.0,,85947.731,85550.509,49267.593,1295232.3062,1289246.1706
300189.SZ,20251014,4.81,23.2114,24.4797,2.59,,,6.9377,31.4701,27.2379,0.0,,102400.0,88624.0074,84032.3549,492544.0,426281.4756
300190.SZ,20251014,4.27,2.3745,3.5613,0.47,,,1.2169,1.6908,1.8833,0.2175,,81080.8068,80440.715,53633.4894,346215.045,343481.8531
300191.SZ,20251014,19.78,2.9705,3.8381,0.88,,,6.0074,13.0282,13.3109,0.0,,32000.0,22119.5,17119.0,632960.0,437523.71
300192.SZ,20251014,17.44,4.3257,6.6682,0.65,39.5713,42.3519,6.1313,7.2192,7.2579,2.4083,1.1468,32914.3329,32463.7704,21059.3407,574025.9658,566168.1558
300193.SZ,20251014,8.83,2.6891,3.1828,1.35,16.474,18.3892,1.8686,3.3383,3.4499,6.7912,4.53,47624.9805,41965.5672,35455.3081,420528.5778,370555.9584
300194.SZ,20251014,4.36,1.4476,1.5628,1.01,18.5363,29.3922,1.1756,2.169,2.7606,1.1468,1.6055,118971.2382,96834.4216,89696.9361,518714.5986,422198.0782
300195.SZ,20251014,7.7,3.2968,3.5392,0.84,258.7768,122.9624,1.2186,1.9868,2.0221,0.0,,42370.7756,31391.2481,29240.8231,326254.9721,241712.6104
300196.SZ,20251014,14.31,2.9394,3.7542,1.01,21.2851,17.9182,1.2775,2.1973,2.0212,1.0472,2.0698,40871.6884,24611.5363,19269.676,584873.861,352191.0845
300197.SZ,20251014,2.15,2.1375,3.7901,1.21,,,5.2895,6.0954,7.0083,0.0,,296529.808,296522.308,167231.3718,637539.0872,637522.9622
300198.SZ,20251014,2.19,0.9651,1.2124,0.68,,,44.9454,14.374,23.8763,0.0,,103154.854,102621.6511,81687.3682,225909.1303,224741.4159
300199.SZ,20251014,20.21,4.324,4.6073,0.91,,,24.6629,30.2446,20.1945,0.0,,88324.1336,74569.7845,69985.0014,1785030.7401,1507055.3447
300200.SZ,20251014,10.88,6.6758,9.3939,1.61,34.6408,36.8366,2.9242,3.9709,4.0591,0.0,1.3322,43097.3206,42326.3062,30079.4435,468898.8481,460510.2115
300201.SZ,20251014,5.55,3.9741,4.8439,0.78,25.041,21.8661,3.511,3.5189,2.9907,0.6176,0.533,100904.3607,100544.3115,82490.6994,560019.2019,558020.9288
300203.SZ,20251014,18.18,4.1477,5.466,1.17,39.4372,73.6249,2.7588,2.2576,2.3326,0.0,1.3751,44873.76,44836.8525,34023.5692,815804.9568,815133.9785
300204.SZ,20251014,32.23,4.4527,7.7229,1.15,,,14.7031,47.4072,57.4525,0.0,,47777.2555,45366.4501,26156.4913,1539860.9448,1462160.6867
300205.SZ,20251014,4.46,1.5506,2.5506,0.78,,,1.8781,2.265,5.7997,0.4484,,43005.6,43005.6,26143.9595,191804.976,191804.976
300206.SZ,20251014,11.59,1.7268,2.2652,0.86,41.443,35.0881,3.2895,3.6624,3.6793,1.786,1.786,57966.3346,33837.9565,25795.1638,671829.818,392181.9158
300207.SZ,20251014,29.7,4.5112,5.8832,0.7,37.371,36.5739,2.255,0.9795,0.9286,0.4041,0.5006,184746.2446,171383.7205,131414.502,5486963.4646,5090096.4989
300209.SZ,20251014,6.61,10.3597,11.6261,0.66,108.1451,68.5745,6.4119,15.8722,30.5048,0.0,,92863.6126,49001.854,43664.3409,613828.4793,323902.2549
300210.SZ,20251014,9.58,1.5807,2.24,1.14,,,11.2434,20.4531,13.4547,0.0,,48421.9953,48375.5948,34136.2605,463882.715,463438.1982
300211.SZ,20251014,9.41,2.1138,3.9101,0.71,,,6.0941,28.2346,18.6386,0.0,,30392.9723,29708.5626,16060.0653,285997.8693,279557.5741
300212.SZ,20251014,20.65,1.792,2.7629,0.96,,,30.3023,31.9834,34.3102,0.0,,71989.2422,69851.1724,45304.251,1486577.8514,1442426.7101
300213.SZ,20251014,9.07,5.013,5.1387,1.39,72.6994,150.3475,2.4522,4.6726,5.283,0.5463,0.5513,59436.466,55222.1868,53872.2342,539088.7466,500865.2343
300214.SZ,20251014,7.74,3.9869,5.9741,1.61,,,1.4873,1.0227,0.8891,0.5073,,46490.2614,40356.1586,26932.0585,359834.6232,312356.6676
300215.SZ,20251014,6.03,1.2664,2.0953,1.06,205.3406,,2.3049,7.293,8.2947,0.5804,0.0829,74909.4187,49987.0396,30212.9454,451703.7948,301421.8488
300217.SZ,20251014,5.33,4.2092,5.2856,1.13,24.7915,40.1837,1.9029,2.1227,2.315,1.2758,0.6004,147797.694,122693.0512,97707.9338,787761.709,653953.9629
300218.SZ,20251014,17.6,4.4715,6.9138,1.29,19.6661,19.581,2.603,1.5894,1.6075,0.7279,1.3998,21698.7,21627.6394,13987.7694,381897.12,380646.4534
300219.SZ,20251014,7.13,3.0328,5.1443,0.79,62.049,291.5619,1.9505,1.1947,1.1609,1.4025,0.2104,70794.3506,70664.8891,41660.5167,504763.7198,503840.6593
300220.SZ,20251014,14.94,1.8176,3.6197,0.99,1069.0818,1090.2591,35.7066,8.2121,8.8603,0.0,,15120.0,15101.9348,7583.31,225892.8,225622.9059
300221.SZ,20251014,8.14,3.5383,3.5383,1.19,74.9609,52.8073,2.8267,1.9077,1.7281,0.0,,47375.4685,45649.2842,45649.2842,385636.3136,371585.1734
300222.SZ,20251014,12.96,8.3472,8.7237,1.05,144.0207,82.3752,5.9023,3.6832,3.5664,0.0,,77828.1234,63380.3509,60645.2043,1008652.4793,821409.3477
300223.SZ,20251014,87.91,9.8258,12.7976,0.9,115.8381,114.0863,3.4147,10.0698,9.7408,0.227,0.1135,48254.0723,42057.041,32290.8282,4242015.4959,3697234.4743
300224.SZ,20251014,18.35,11.0774,18.491,1.27,184.9503,305.7673,3.5463,3.0832,2.8193,0.9591,0.9747,93070.0417,92543.6817,55439.9369,1707835.2652,1698176.5592
300225.SZ,20251014,5.13,1.7703,2.0781,0.79,78.9034,91.6053,2.8552,3.334,3.2468,0.0,0.3899,47542.959,47505.709,40470.435,243895.3797,243704.2872
300226.SZ,20251014,25.0,4.3752,5.9439,1.25,49.3831,40.6868,3.7817,0.098,0.1109,0.3231,,31872.1422,30635.5664,22550.4501,796803.555,765889.16
300227.SZ,20251014,8.75,4.985,5.2969,1.02,,,3.0675,4.2578,4.1359,0.2597,,54411.1391,43306.7729,40756.9729,476097.4671,378934.2629
300228.SZ,20251014,7.51,2.5848,2.6314,1.17,20.0707,19.9325,1.948,1.3243,1.4264,0.5231,1.0652,58586.1549,54999.1299,54025.7344,439982.0233,413043.4655
300229.SZ,20251014,20.61,3.203,4.4715,0.6,,,4.4414,23.1719,28.8243,0.1325,,87362.0932,87303.0233,62535.5641,1800532.7409,1799315.3102
300230.SZ,20251014,5.16,3.2808,3.7167,1.09,18.8165,17.6525,1.3086,1.8749,1.7455,2.4248,1.2597,81321.3441,62982.2499,55595.9291,419618.1356,324988.4095
300231.SZ,20251014,10.98,2.4697,3.1914,0.97,,,3.0298,3.0305,2.926,1.7179,0.9107,44429.1254,44426.8439,34379.4919,487831.7969,487806.746
300232.SZ,20251014,7.23,4.0453,4.5867,1.12,78.9768,65.4205,1.7006,1.0148,0.983,0.6894,3.3043,109110.7141,88702.6803,78233.1006,788870.4629,641320.3786
300233.SZ,20251014,17.28,5.3233,6.9509,1.58,33.7094,60.5385,1.8126,1.9664,2.2297,1.7156,2.2874,38387.4587,37170.4313,28466.8784,663335.2863,642305.0529
300234.SZ,20251014,5.44,1.9957,2.3534,0.87,115.3478,99.0336,2.3902,6.1018,7.7881,0.5515,0.2574,50317.109,34398.7044,29170.6158,273725.073,187128.9519
300235.SZ,20251014,12.1,2.7075,3.4512,0.7,175.3257,288.3424,4.3769,33.0572,37.9634,0.4132,0.3704,25174.6635,20313.4291,15935.9263,304613.4284,245792.4921
300236.SZ,20251014,58.18,5.4761,6.7586,0.95,103.7658,72.8981,3.9462,12.3595,10.6565,0.3398,0.4442,31338.1402,27872.6967,22583.8651,1823252.9968,1621633.494
300237.SZ,20251014,2.18,5.5442,7.6015,0.6,,,303.0612,1.7669,1.7551,0.0,,144191.493,144190.143,105166.7751,314337.4547,314334.5117
300238.SZ,20251014,14.94,1.6286,2.2176,1.06,144.4884,143.1536,7.0014,10.4943,10.1927,0.0,,26515.5701,26513.4082,19472.2994,396142.6173,396110.3185
300239.SZ,20251014,5.52,1.154,1.5801,0.99,38.109,45.7589,1.9496,3.7028,4.0468,0.3985,0.4448,59360.7933,58976.1783,43071.5339,327671.579,325548.5042
300240.SZ,20251014,8.22,8.36,14.2446,3.13,,,2.1354,0.4616,0.4796,0.1821,,37156.295,36337.8879,21326.3076,305424.7449,298697.4385
300241.SZ,20251014,5.57,2.7929,2.9841,0.91,123.443,99.573,1.7626,2.5241,2.3216,0.0,0.3521,69997.896,58609.498,54854.6153,389888.2807,326454.9039
300242.SZ,20251014,4.04,2.3608,3.0002,0.83,,,9.5752,1.6309,1.1856,0.0,,63455.5224,63455.4878,49932.8978,256360.3105,256360.1707
300243.SZ,20251014,10.8,4.0282,4.759,1.37,122.511,267.7645,2.5498,1.3518,1.3346,0.9259,0.463,25042.6501,19445.8304,16459.7199,270460.6211,210014.9683
300244.SZ,20251014,15.32,2.9431,3.2817,1.21,,,1.4906,0.7851,0.8772,4.54,1.5956,62497.9436,50145.9061,44971.2938,957468.496,768235.2815
300245.SZ,20251014,14.21,2.5223,3.1025,0.91,,,3.5677,10.398,8.8529,0.0,,31345.7493,31278.6077,25428.9484,445423.0976,444469.0154
300246.SZ,20251014,8.37,2.0067,2.266,0.89,,,1.8968,2.0882,2.1142,0.0,,26457.6399,21124.2973,18706.9397,221450.446,176810.3684
300247.SZ,20251014,4.23,3.0722,3.5956,1.2,72.589,51.7658,3.0577,4.9378,4.3152,0.0,,80404.0313,80327.5313,68636.3011,340109.0524,339785.4574
300248.SZ,20251014,12.2,2.2606,2.3671,1.11,52.7309,59.0825,2.7733,5.9047,6.0539,0.6557,0.6557,47634.8393,40911.3109,39070.8439,581145.0395,499117.993
300249.SZ,20251014,15.16,4.8914,5.9919,0.81,,,21.0762,5.8344,4.7513,0.0,,44048.7994,37342.5027,30483.6193,667779.7989,566112.3409
300250.SZ,20251014,25.93,30.6855,34.8017,0.75,,,10.6233,22.0806,23.0214,0.0,,21406.7479,15767.4047,13902.4898,555076.973,408848.8039
300251.SZ,20251014,16.5,1.9623,3.9755,0.66,165.7588,23.6278,4.6671,30.5283,13.8558,0.4214,1.208,293358.8432,277536.501,136989.158,4840420.9128,4579352.2665
300252.SZ,20251014,13.23,6.0531,7.7204,0.82,700.0274,605.8806,4.0205,4.0994,3.7719,0.0,,66215.3834,55879.1959,43811.4783,876029.5224,739281.7618
300253.SZ,20251014,8.81,2.1011,2.2589,1.0,221.9839,,3.3789,7.0126,8.1375,0.22,0.169,221462.8153,191448.5892,178068.505,1951087.4028,1686662.0709
300254.SZ,20251014,10.64,2.4919,2.7687,0.83,64.6036,300.5605,9.1601,3.2195,3.3301,0.0,,25616.8563,22685.4095,20418.0048,272563.351,241372.7571
300255.SZ,20251014,48.53,1.8446,2.6573,0.77,,,29.0966,43.2689,46.7212,0.0,,91906.0878,91769.5878,63705.115,4460202.4409,4453578.0959
300256.SZ,20251014,4.05,2.1209,4.3366,0.83,,,9.9916,7.6454,6.206,0.0,,226839.3386,224339.3386,109716.933,918699.3213,908574.3213
300257.SZ,20251014,14.7,1.4026,3.5605,1.06,45.5852,43.8249,2.2256,3.449,3.2798,0.6803,0.6803,99363.5018,95469.02,37607.7858,1460643.4765,1403394.594
300258.SZ,20251014,13.98,3.7478,5.9259,0.99,51.2179,64.5414,1.7529,4.0385,4.0792,1.237,0.2565,58504.7243,56989.3138,36042.4373,817896.0457,796710.6069
300259.SZ,20251014,3.87,1.927,3.4673,1.33,23.6266,21.202,1.5357,5.086,4.6302,2.2597,1.7576,116980.1516,116953.3231,64998.6077,452713.1867,452609.3604
300260.SZ,20251014,74.78,38.4603,61.4956,2.24,134.7326,157.2367,14.9545,10.704,10.7373,0.0802,0.0798,40780.6752,28763.6945,17989.2436,3049578.8915,2150949.0747
300261.SZ,20251014,7.06,1.3326,2.0541,0.88,,,3.3844,5.6572,5.3354,0.7082,0.7082,96330.9471,93617.3264,60734.9062,680096.4865,660938.3244
300263.SZ,20251014,8.95,10.2953,12.9314,2.22,70.6908,67.5249,2.3352,3.4174,3.0843,0.2886,0.481,103500.6302,97552.9146,77667.0554,926330.6403,873098.5857
300264.SZ,20251014,5.37,4.4852,4.742,0.74,,,117.5295,15.5121,14.0586,0.0,,43085.7518,37042.8953,35036.6512,231370.4872,198920.3478
300265.SZ,20251014,9.47,2.676,4.4532,1.19,92.6226,207.8291,1.9454,1.6744,1.6241,0.8445,0.4223,45844.0087,45814.0462,27531.0462,434142.7624,433859.0175
300266.SZ,20251014,2.58,1.5488,2.6244,1.08,,,71.2185,3.8139,3.7688,0.0,,155380.7314,155281.8514,91641.4931,400882.287,400627.1766
300267.SZ,20251014,3.36,2.1995,2.9074,0.82,,,1.5506,6.0813,5.7746,0.0,,206260.487,142239.1891,107604.716,693035.2363,477923.6754
300268.SZ,20251014,9.92,1.8476,2.6382,2.41,,,,0.5056,0.6221,0.0,,17420.0,13370.75,9364.1581,172806.4,132637.84
300269.SZ,20251014,4.77,2.9807,3.5448,0.84,413.1178,181.4362,30.2796,3.9359,4.3005,0.0,,54911.3825,52567.9603,44203.0223,261927.2945,250749.1706
300270.SZ,20251014,11.65,21.1301,29.0769,1.31,,,6.212,19.3278,23.1023,0.0,,30280.6028,26093.0248,18961.781,352769.0226,303983.7389
300271.SZ,20251014,7.6,2.1448,2.8308,1.08,,,1.6648,3.7878,3.8179,0.0,,81186.0673,79724.2504,60402.4923,617014.1115,605904.303
300272.SZ,20251014,6.42,1.8464,2.2762,0.83,46.971,40.6003,2.9573,2.3249,2.2451,3.9682,2.8295,61146.9472,46447.2015,37676.5676,392563.401,298191.0336
300274.SZ,20251014,139.79,6.5178,7.3542,1.03,26.2601,20.9831,6.8133,3.7224,3.207,0.4895,0.7649,207321.1424,158970.9449,140890.3307,28981422.4961,22222548.3876
300275.SZ,20251014,12.22,2.4228,2.5324,0.94,67.6336,72.149,4.0413,7.5104,7.6581,0.1835,0.2414,30766.7668,27112.4053,25939.0133,375969.8903,331313.5928
300276.SZ,20251014,9.54,2.7733,3.4441,0.79,457.5088,318.9236,6.7948,6.898,7.3449,0.0,,140104.299,105712.4061,85120.6539,1336595.0125,1008496.3542
300277.SZ,20251014,13.81,3.0484,4.3445,0.64,498.9264,579.1858,9.691,20.6916,20.9638,0.142,0.142,34170.0,34131.4746,23948.8146,471887.7,471355.6642
300278.SZ,20251014,5.41,1.4969,2.1295,0.88,99.0702,1195.5163,4.3536,2.9572,3.4713,0.0,,142150.6508,141706.518,99609.1968,769035.0208,766632.2624
300279.SZ,20251014,7.17,2.2318,3.0875,1.01,67.0818,54.386,3.4558,1.6863,1.8138,0.0,,48909.949,46266.9455,33444.3168,350684.3343,331733.9992
300281.SZ,20251014,7.4,1.5053,2.9173,0.96,435.7638,392.5176,2.4573,6.5351,6.6187,0.8108,0.8108,41892.358,39732.5912,20502.512,310003.4492,294021.1749
300283.SZ,20251014,6.68,4.5646,5.3571,0.98,,,3.1142,1.0591,0.946,0.2633,,49697.8222,36721.8502,31289.268,331981.4523,245301.9593
300284.SZ,20251014,8.81,2.363,4.2071,2.22,49.5836,68.6842,1.3183,2.3527,2.5025,1.5891,1.0216,126282.7774,119735.2359,67251.9576,1112551.2689,1054867.4283
300285.SZ,20251014,22.22,4.6766,4.8994,1.24,36.6302,36.5535,3.2342,5.4748,5.2158,0.45,0.8949,99704.8299,84134.4847,80309.7612,2215441.3204,1869468.25
300286.SZ,20251014,24.8,3.5433,5.4045,1.15,36.6216,31.9269,2.901,5.8489,5.8043,1.3809,1.6071,25078.4655,17576.0899,11523.1966,621945.9444,435887.0295
300287.SZ,20251014,5.38,3.5308,3.6091,1.01,,,6.9662,13.2001,15.0068,0.0,,143527.3808,131822.1968,128960.1338,772177.3087,709203.4188
300288.SZ,20251014,13.69,1.5368,1.756,0.84,,,4.2475,12.2047,13.3375,0.4018,0.1826,33794.1402,25656.9391,22453.9147,462641.7793,351243.4963
300289.SZ,20251014,7.41,1.7769,3.3163,0.92,,,2.4315,10.8883,11.7746,0.135,,54401.1487,54315.6487,29102.3335,403112.5119,402478.9569
300290.SZ,20251014,24.06,4.0614,5.0777,0.8,,,19.7047,20.055,20.6468,0.0,,63973.2569,63954.2444,51154.2444,1539196.561,1538739.1203
300291.SZ,20251014,6.06,3.9885,6.4027,1.07,,,1.8265,7.7284,9.1998,0.0,,94188.9651,92897.8644,57869.8304,570785.1285,562961.0583
300292.SZ,20251014,4.58,3.2531,3.4793,1.05,66.5798,57.1753,4.2678,1.411,1.3809,0.0,,134176.4974,111594.4813,104339.9501,614528.3581,511102.7244
300293.SZ,20251014,25.87,9.6002,15.7454,1.23,,,9.1254,6.427,6.8656,0.0,,33843.8106,28033.5917,17092.4617,875539.3802,725229.0173
300294.SZ,20251014,24.76,0.7322,1.2579,0.99,31.4495,40.7531,1.653,7.1965,6.7599,1.8578,1.252,50424.8738,50424.8738,29350.7645,1248519.8753,1248519.8753
300295.SZ,20251014,12.2,2.958,3.1638,1.06,,,2.0587,18.8454,25.3548,0.0,,18961.3714,16752.5888,15662.9042,231328.7311,204381.5834
300296.SZ,20251014,6.89,6.3024,6.5616,1.21,,,2.3418,2.6135,2.6585,0.6765,1.4497,271197.7222,227418.525,218434.425,1868552.306,1566913.6373
300298.SZ,20251014,19.7,1.2973,2.0062,1.2,33.8264,35.6662,3.6161,2.4841,2.4132,1.0036,1.1022,56026.7306,45130.0698,29182.2343,1103726.5928,889062.3751
300299.SZ,20251014,6.24,2.3151,3.2541,1.05,,,10.0289,14.9791,12.0104,0.0,,69030.0085,68922.3085,49034.7169,430747.253,430075.205
300300.SZ,20251014,4.85,3.6879,4.8917,1.01,569.4018,82.2704,19.7513,19.1369,18.7219,0.0,,66684.7062,66680.4612,50271.4437,323420.8251,323400.2368
300301.SZ,20251014,2.12,1.1819,1.2777,1.23,,,9.1873,3.4829,3.9266,0.0,,82986.8769,78987.6719,73061.8561,175932.179,167453.8644
300302.SZ,20251014,20.21,15.9462,19.6578,0.82,,,9.2593,26.5564,33.8253,0.0,,47926.3798,36881.3895,29917.8047,968592.1358,745372.8818
300303.SZ,20251014,6.64,4.0622,4.6604,0.56,27.6771,29.737,2.5578,3.0784,2.8339,1.4057,1.9462,141560.5527,132799.7986,115753.3432,939962.0699,881790.6627
300304.SZ,20251014,11.96,2.9726,5.1268,0.95,26.1858,25.4845,3.2467,4.8962,4.7386,0.6512,0.7324,87814.3718,85553.5484,49604.7843,1050259.8867,1023220.4389
300305.SZ,20251014,6.17,1.7687,2.4652,0.87,,,1.1096,2.106,2.4145,0.2269,,37540.0292,32147.5817,23065.0278,231621.9802,198350.5791
300306.SZ,20251014,12.26,2.4008,3.174,1.09,35.7031,36.4734,2.2713,7.5618,7.7425,2.447,3.5237,26895.8778,15760.249,11920.921,329743.4618,193220.6527
300307.SZ,20251014,6.98,1.5049,2.3069,1.17,19.5319,52.6462,1.7134,2.4992,2.7087,1.421,1.4327,79424.8776,78221.1234,51026.8665,554385.6456,545983.4413
300308.SZ,20251014,346.1,4.6525,6.2192,1.28,74.3612,56.4847,17.1878,16.1158,13.8069,0.0923,0.26,111111.8334,110550.0482,82702.1036,38455805.5397,38261371.682
300310.SZ,20251014,5.69,2.9627,2.9723,0.94,,,2.6421,2.0048,2.0101,0.0,,88165.8531,69189.0446,68965.4782,501663.7041,393685.6638
300311.SZ,20251014,4.64,1.8684,2.1103,1.14,,,5.2254,6.6183,6.283,0.0,,67363.015,53740.9093,47582.1917,312564.3896,249357.8192
300313.SZ,20251014,8.4,2.4128,5.0063,0.89,,,,19.1059,19.9292,0.0,,31297.7396,19735.2789,9511.5479,262901.0126,165776.3428
300314.SZ,20251014,13.56,3.3341,4.9829,1.05,68.1986,63.2804,3.2612,7.41,7.6207,1.3274,0.6416,28800.0,14374.1448,9617.9398,390528.0,194913.4035
300315.SZ,20251014,5.21,2.8236,2.8697,0.92,127.2119,711.5812,2.8771,17.2298,19.8932,0.0,,270761.1003,258302.7657,254147.9967,1410665.3326,1345757.4093
300316.SZ,20251014,43.44,3.8672,8.0385,0.85,22.6662,54.0534,3.3173,3.2365,4.3003,1.6087,0.9193,130953.3797,123155.5433,59247.9989,5688614.8142,5349876.801
300317.SZ,20251014,4.21,3.888,5.1819,0.87,,,2.2079,7.1345,5.859,0.0,,83018.8405,82891.3405,62193.5306,349509.3185,348972.5435
300318.SZ,20251014,5.53,0.6738,1.4511,1.09,488.5864,,3.3207,5.3041,5.8763,0.0,,81690.0495,79853.9484,37079.8505,451745.9737,441592.3347
300319.SZ,20251014,11.91,3.8049,5.0141,0.95,31.4037,30.9606,2.2652,3.3238,2.9975,0.7782,0.963,87909.5862,82899.1794,62907.1038,1047003.1716,987329.2267
300320.SZ,20251014,10.0,2.6627,3.2187,1.23,37.1743,31.1877,2.4966,1.8184,1.6661,0.43,0.4,60123.4191,48578.775,40187.1683,601234.191,485787.75
300321.SZ,20251014,40.6,3.2025,6.8542,0.85,429.1957,470.6792,5.7126,9.6551,9.5856,0.0,0.1059,8880.0,8869.59,4144.184,360528.0,360105.354
300322.SZ,20251014,23.38,5.1918,6.3901,0.97,,,10.9466,5.7912,4.7764,0.0,,46003.8153,44043.0763,35784.0216,1075569.2017,1029727.1239
300323.SZ,20251014,8.82,5.5982,6.8655,1.29,,,2.0895,3.4695,3.0026,0.0,,162299.8797,87925.9866,71696.0023,1431484.939,775507.2018
300324.SZ,20251014,5.81,7.1635,7.8486,0.94,,,3.5934,3.6855,3.5853,0.0,,172759.0595,170999.0848,156072.9684,1003730.1357,993504.6827
300326.SZ,20251014,5.84,1.1081,1.3477,0.8,,,1.5135,4.2532,3.9701,1.0274,,71701.2682,71204.744,58548.8596,418735.4063,415835.705
300327.SZ,20251014,25.5,4.3159,5.6396,1.02,64.9006,83.5793,5.0231,6.4795,6.486,0.7814,0.78,34137.0172,34031.5158,26043.7586,870493.9386,867803.6529
300328.SZ,20251014,15.26,6.2084,8.5234,1.05,10478.3184,,9.8016,6.3757,6.5908,0.0197,0.0197,69042.36,68636.6725,49995.1325,1053586.4136,1047395.6224
300329.SZ,20251014,14.97,7.7087,13.8946,2.33,,,5.461,23.7775,28.6742,0.0,0.2138,25288.878,25212.8487,13988.0287,378574.5037,377436.345
300331.SZ,20251014,32.92,10.7167,12.6958,0.97,,,5.4809,4.6442,4.5233,0.0,,25966.2286,21021.597,17744.6569,854808.2455,692030.9732
300332.SZ,20251014,6.19,7.5228,9.0768,1.72,42.9055,58.0716,1.2665,1.3931,1.6767,0.9087,,86511.6884,82963.5534,68759.2994,535507.3512,513544.3955
300333.SZ,20251014,12.22,2.4516,2.8626,0.85,,,7.0116,32.0673,31.8408,0.0,,33600.0,33478.0067,28671.4571,410592.0,409101.2419
300334.SZ,20251014,7.04,1.283,2.1422,0.75,192.4922,215.7109,3.6815,8.6465,9.6385,0.0,,30206.5356,30202.9761,18089.1096,212654.0106,212628.9517
300335.SZ,20251014,5.97,4.186,4.5976,1.57,58.6726,45.4405,1.4813,2.5527,2.4846,2.0101,1.675,47701.2388,38416.1164,34977.2651,284776.3956,229344.2149
300337.SZ,20251014,10.37,3.284,5.149,1.39,147.7437,427.3119,4.9873,1.5925,1.4931,0.1929,0.0964,82192.4149,71138.8083,45371.8794,852335.3425,737709.4421
300338.SZ,20251014,3.92,1.6921,1.8776,1.0,,,,9.2419,10.6147,0.0,,40262.4692,34936.1242,31485.3582,157828.8793,136949.6069
300339.SZ,20251014,57.75,6.4887,6.8553,1.05,285.4699,337.7661,12.8463,13.5303,12.8979,0.0,,79641.0841,77768.6667,73609.4256,4599272.6068,4491140.5019
300340.SZ,20251014,13.92,7.701,11.5613,1.46,,,,1.8094,2.1411,0.0,,27589.3365,27346.4562,18215.4024,384043.5641,380662.6703
300341.SZ,20251014,18.22,3.9196,10.3343,1.04,58.3866,53.6364,5.0399,6.9643,6.7807,0.3842,0.3842,51741.0336,51536.8536,19547.0647,942721.6322,939001.4726
300342.SZ,20251014,17.7,3.4323,4.7144,1.11,83.2136,100.4913,4.8181,7.1798,8.123,0.565,0.3672,42503.5113,41879.8863,30489.834,752312.15,741273.9875
300343.SZ,20251014,4.88,1.0062,1.1456,0.88,238.6114,112.7079,2.7169,6.0047,5.6755,0.0,,106896.9119,106621.9389,93649.7579,521656.9301,520315.0618
300344.SZ,20251014,4.24,3.9731,7.1965,1.31,,,11.4987,10.5243,11.6437,0.0,,64170.6416,63999.4166,35333.5001,272083.5204,271357.5264
300345.SZ,20251014,6.51,3.6477,4.5444,1.02,,,7.1231,3.6591,3.7109,0.0,,58018.3943,44730.1193,35904.2093,377699.7469,291193.0766
300346.SZ,20251014,41.72,14.377,16.508,1.14,106.4114,96.0846,8.6159,12.2604,11.7298,0.1601,0.6312,69115.6903,65655.1079,57179.8122,2883506.5993,2739131.1016
300347.SZ,20251014,53.72,2.0986,2.3346,1.02,114.1677,156.4592,2.2536,7.0049,7.1212,1.0579,0.554,86102.605,56621.4206,50898.8877,4625431.9406,3041702.7146
300348.SZ,20251014,14.66,3.0196,3.1016,1.06,639.4935,,5.6441,6.8449,7.0052,0.0616,0.0478,81075.1526,70820.6141,68948.0541,1188561.7371,1038230.2027
300349.SZ,20251014,12.62,3.1022,4.3777,0.9,14.6609,19.0389,1.2102,1.722,1.6918,3.9207,3.936,41833.7213,37093.0153,26284.9511,527941.5628,468113.8531
300350.SZ,20251014,6.62,9.0208,9.6202,1.44,217.0478,,4.0399,11.1293,10.2618,0.0,,56201.2279,47156.5417,44218.5838,372052.1287,312176.3061
300351.SZ,20251014,18.46,7.4876,10.2365,1.02,56.919,66.5197,2.8927,3.5446,3.261,0.5402,0.325,38787.6509,26188.4804,19155.8019,716020.0356,483439.3482
300352.SZ,20251014,5.68,2.5561,2.6711,0.92,,,6.3288,15.9366,21.0355,0.0,,144982.4087,127661.0882,122161.8043,823500.0814,725114.981
300353.SZ,20251014,25.15,7.9707,8.31,1.05,400.2891,359.9214,7.4357,15.0267,15.4775,0.0,,61489.2881,53725.9022,51532.4143,1546455.5957,1351206.4403
300354.SZ,20251014,45.11,5.402,6.7234,0.92,51.1932,50.3344,7.8184,12.4241,12.2595,0.2831,0.3915,13832.0201,8130.8594,6532.8626,623962.4267,366783.0675
300355.SZ,20251014,4.14,2.7182,2.7668,0.89,187.7111,110.4126,1.5448,3.0955,2.9138,0.5556,0.0966,160424.2081,129846.8958,127567.1798,664156.2215,537566.1486
300357.SZ,20251014,30.21,3.0971,5.677,1.54,49.7683,45.7681,6.4093,17.0927,16.1341,0.6124,0.7282,52358.4,48406.4205,26408.6808,1581747.264,1462357.9633
300358.SZ,20251014,9.1,3.7469,6.19,0.75,,,1.2583,0.9214,0.9914,1.0989,,59030.5223,57626.694,34882.878,537177.7529,524402.9154
300359.SZ,20251014,5.42,1.3477,2.1358,1.07,,,6.1052,7.7561,9.2592,0.0,,63333.3422,63330.1697,39960.3938,343266.7147,343249.5198
300360.SZ,20251014,15.85,2.0962,3.1878,0.87,12.2617,12.1991,1.9933,4.0171,4.2937,4.3865,3.7855,51418.7126,50027.6637,32896.2902,814986.5947,792938.4696
300363.SZ,20251014,23.21,7.3246,11.4328,1.95,,,2.3918,4.2033,3.8589,2.0878,,54546.452,50044.3767,32061.6768,1266023.1509,1161529.9832
300364.SZ,20251014,25.26,5.9421,6.9991,0.81,,,24.0402,15.8758,14.6817,0.0,,72850.0118,66041.1373,56067.0087,1840191.2981,1668199.1282
300365.SZ,20251014,6.25,2.5581,2.7134,1.07,,,1.9873,3.9193,3.3466,0.24,,59985.5469,51172.4617,48244.0479,374909.6681,319827.8856
300366.SZ,20251014,6.43,3.8626,4.0868,0.68,,,2.2638,2.7794,2.9234,0.0,,60757.615,53050.249,50139.3514,390671.4645,341113.1011
300368.SZ,20251014,19.89,25.0912,35.8405,0.88,,,51.9547,57.4377,73.4065,0.0,,52894.3475,52894.3475,37030.2475,1052068.5718,1052068.5718
300369.SZ,20251014,7.55,2.4092,3.1688,1.26,,,2.5001,2.5593,2.559,0.0,,79930.8527,79822.7568,60689.5816,603477.9379,602661.8138
300370.SZ,20251014,2.91,2.0243,2.6592,0.94,,,8.5914,11.4566,11.0291,0.0,,156537.6225,132484.7224,100850.9744,455524.4815,385530.5422
300371.SZ,20251014,12.87,2.6328,3.8435,0.77,44.8623,32.8713,2.2693,6.7138,5.6492,1.2308,0.6889,20121.7296,13441.0381,9207.2305,258966.66,172986.1603
300373.SZ,20251014,74.7,6.0057,11.5348,1.18,40.4888,34.4272,4.5675,6.7273,6.1284,1.1454,1.0951,54334.7787,54214.786,28227.324,4058807.9689,4049844.5142
300374.SZ,20251014,16.27,2.6858,4.0351,0.87,,,4.8254,2.1048,2.0538,0.0,,24591.2337,19493.46,12974.9608,400099.3723,317158.5942
300375.SZ,20251014,4.85,3.0324,3.3856,1.01,47.4529,89.9182,1.6237,1.4975,1.3854,0.7175,0.738,75973.8818,50953.7225,45639.0039,368473.3267,247125.5541
300376.SZ,20251014,5.07,0.5341,1.1823,0.68,62.3846,78.6124,1.7675,3.8781,3.8308,0.9665,0.4098,232824.0476,232743.4901,105135.6609,1180417.9213,1180009.4948
300377.SZ,20251014,20.56,3.0247,3.675,0.71,,,6.212,11.5079,11.9457,0.1946,,75100.308,66168.7219,54460.1698,1544062.3325,1360428.9223
300378.SZ,20251014,51.01,8.0442,10.2944,0.64,88.9447,87.4915,6.0331,5.9398,5.8372,0.2224,0.0585,27139.283,26938.058,21049.7073,1384374.8258,1374110.3386
300379.SZ,20251014,2.18,15.0658,15.3649,0.93,,,0.3947,1.6052,1.454,0.0,,55792.2828,52663.7564,51638.5483,121627.1765,114806.989
300380.SZ,20251014,46.97,3.0834,5.0638,0.79,430.9687,285.61,16.8592,6.5653,6.2612,0.0,0.1065,13843.905,12736.5543,7755.4684,650248.2179,598235.9555
300381.SZ,20251014,6.77,1.2894,1.8189,1.11,106.9247,1005.807,1.286,4.0238,3.939,0.8648,1.4444,49106.1461,48934.0774,34688.2396,332448.6091,331283.704
300382.SZ,20251014,14.9,2.8936,4.3936,0.91,,,4.2646,6.3903,5.4785,0.6383,,64839.9994,64833.8222,42698.1442,966115.9911,966023.9508
300383.SZ,20251014,13.97,3.4364,4.488,0.97,65.8349,109.7183,1.9752,3.4489,3.5471,0.7158,0.4295,179759.2847,179355.4131,137332.7854,2511237.2073,2505595.121
300384.SZ,20251014,16.73,1.4279,2.043,0.81,16.767,18.4889,1.9681,4.9693,5.8211,4.5666,1.315,31900.7265,22023.2669,15392.1736,533699.1543,368449.2552
300385.SZ,20251014,5.17,2.3404,3.6563,0.83,,,12.3148,2.8696,3.3855,0.0,,33314.5932,29066.2633,18605.4899,172236.4468,150272.5813
300386.SZ,20251014,17.22,3.0389,3.7428,1.19,,,4.8881,10.1024,9.6622,0.0,,41804.4,25075.7653,20359.9937,719871.768,431804.6785
300387.SZ,20251014,9.25,2.548,4.1891,1.36,28.569,31.5055,1.8177,2.1649,2.094,0.6486,0.7568,28905.7018,28895.6645,17575.5317,267377.7417,267284.8966
300388.SZ,20251014,10.35,2.258,5.2954,0.78,19.2239,19.868,1.5404,1.8369,1.975,1.256,1.256,68104.2231,67980.4254,28987.6887,704878.7091,703597.4029
300389.SZ,20251014,16.58,2.9421,5.655,0.77,52.3527,42.42,3.9227,1.6709,1.6615,1.7837,0.9047,36910.0317,23318.1321,12131.6017,611968.3256,386614.6302
300390.SZ,20251014,25.24,5.1699,6.2551,0.73,24.7369,,1.9601,3.173,3.3006,3.9648,2.3772,83075.0788,67253.657,55585.6305,2096814.9889,1697482.3027
300391.SZ,20251014,3.82,1.5784,2.0018,0.89,,,,11.9891,12.3291,0.0,,35033.6112,35033.6112,27623.1259,133828.3948,133828.3948
300393.SZ,20251014,6.54,4.3644,5.4524,1.27,,,2.2346,1.169,1.1277,2.1101,,108962.7358,95590.505,76514.3651,712616.2921,625161.9027
300394.SZ,20251014,148.95,3.3921,6.1702,0.98,86.1884,72.8934,26.9393,35.6109,27.8916,0.5809,0.5755,77741.5891,77585.2386,42652.97,11579609.6964,11556321.2895
300395.SZ,20251014,68.58,4.018,5.0382,0.97,113.9896,98.4839,8.3483,20.5631,20.6469,0.3044,0.1889,52226.7673,51304.3779,40915.2016,3581711.7014,3518454.2364
300396.SZ,20251014,13.71,0.8434,1.7615,0.93,26.3434,,1.9111,3.07,5.4166,3.6719,1.8964,27270.0161,27229.0169,13037.0666,373871.9207,373309.8217
300397.SZ,20251014,12.39,3.5664,3.9184,1.06,,,4.3802,15.9383,17.2409,0.0,,51763.6745,40550.5408,36907.5658,641351.9271,502421.2005
300398.SZ,20251014,24.78,8.4373,10.6761,0.95,56.9874,40.9359,2.9003,4.8153,4.7286,0.4127,0.3751,56694.645,56385.0241,44561.2737,1404893.3031,1397220.8972
300399.SZ,20251014,28.03,3.9262,7.2653,1.01,3340.8141,200.7946,10.745,10.783,10.9638,0.1427,0.1784,19760.0,19758.0725,10677.2227,553872.8,553818.7722
300400.SZ,20251014,21.99,3.1094,4.657,0.69,64.1483,52.9719,7.1436,7.3213,6.933,2.2965,1.819,24262.58,23992.34,16019.4382,533534.1342,527591.5566
300401.SZ,20251014,13.88,1.871,2.6774,0.98,24.3954,22.9529,2.4433,6.0673,5.9003,0.5099,0.8213,54346.9831,53461.7282,37359.0868,754336.1254,742048.7874
300402.SZ,20251014,18.66,3.1556,7.1101,1.6,67.3277,73.9928,3.1174,2.6999,3.0241,0.529,0.4823,24679.0497,24361.8497,10812.3197,460511.0674,454592.1154
300403.SZ,20251014,14.11,4.9964,5.9475,1.03,36.3435,36.2638,4.0866,7.4644,7.3355,2.6931,0.7087,60300.0,42706.3593,35876.7645,850833.0,602586.7297
300404.SZ,20251014,9.54,4.3145,5.032,1.49,127.8184,258.8185,3.6334,4.957,4.8266,0.1032,0.1246,38555.6078,28060.4362,24059.4164,367820.4984,267696.5613
300405.SZ,20251014,6.26,10.3109,12.3222,2.14,,,4.2035,2.8175,3.0628,0.0,,28437.2671,21882.3359,18310.503,178017.292,136983.4227
300406.SZ,20251014,13.19,0.9263,1.6938,1.09,14.5191,16.9038,2.0859,4.6617,5.1366,1.5184,5.2854,58630.8628,42441.6455,23211.7441,773341.0803,559805.3041
300407.SZ,20251014,10.74,3.0176,3.9236,1.56,36.3977,48.6607,1.8324,1.5449,1.4112,1.1736,0.9228,31820.0493,24204.0009,18614.9102,341747.3295,259950.9697
300408.SZ,20251014,47.74,4.3609,6.7331,3.14,41.7693,38.0899,4.5111,12.4059,11.3006,0.5865,0.7938,191649.7371,186980.8017,121105.2161,9149358.4492,8926463.4732
300409.SZ,20251014,25.88,11.9383,12.385,1.06,129.0639,47.6104,2.5209,2.6116,2.649,1.0707,0.6854,78224.8953,68748.9642,66269.6535,2024460.2904,1779223.1935
300410.SZ,20251014,9.13,5.2532,6.7459,0.63,,,14.325,4.7159,4.5435,0.0,,36711.4797,36711.4797,28588.4436,335175.8097,335175.8097
300411.SZ,20251014,13.65,10.296,11.0112,2.75,442.7931,408.0761,5.7345,10.6258,11.889,0.0,,40652.0007,30911.55,28903.7063,554899.8096,421942.6575
300412.SZ,20251014,5.15,2.8119,3.7577,0.92,70.6827,80.9339,2.4902,1.8534,1.8439,0.0,1.165,49775.6637,46786.1646,35010.4046,256344.6681,240948.7477
300413.SZ,20251014,30.6,1.9732,3.3793,0.84,41.9571,53.8558,2.5021,4.0657,4.3753,0.5882,0.719,187072.0815,102169.9958,59658.274,5724405.6939,3126401.8715
300414.SZ,20251014,12.46,5.7281,10.0561,1.4,497.8838,249.118,4.1088,9.5295,9.0958,0.1204,0.0803,32601.9466,31352.858,17858.8663,406220.2546,390656.6107
300415.SZ,20251014,23.91,3.4414,4.9387,1.35,18.4297,17.1503,3.6669,2.2128,2.0596,1.6444,2.0511,46856.2084,45309.2139,31572.62,1120331.9428,1083343.3043
300416.SZ,20251014,17.45,4.1417,6.1042,1.11,38.6823,36.3727,3.3829,4.3812,4.2265,0.8519,0.8596,50854.7806,50514.3444,34274.1984,887415.9215,881475.3098
300417.SZ,20251014,12.96,3.2904,3.9856,0.88,118.1001,,3.8064,14.0284,11.5688,0.6173,,13456.32,8756.2238,7228.8855,174393.9072,113480.6604
300418.SZ,20251014,42.31,6.4449,9.8206,0.75,,,3.8282,9.38,7.7044,0.1144,,125535.6953,125449.0703,82327.83,5311415.2681,5307750.1644
300419.SZ,20251014,6.83,2.7477,3.2328,0.8,,,5.7107,5.9098,7.1291,0.0,,36775.377,36775.377,31257.377,251175.8249,251175.8249
300420.SZ,20251014,3.95,2.8385,3.5366,0.92,,,1.8818,4.3648,4.3347,0.3797,,111638.3561,111629.6861,89592.7519,440971.5066,440937.2601
300421.SZ,20251014,19.99,19.0353,21.598,1.05,106.4149,102.5084,4.6801,5.6269,5.5047,0.6003,0.6003,29403.0484,23034.4072,20301.2453,587766.9375,460457.7999
300422.SZ,20251014,5.17,1.7956,2.9624,0.96,,,2.1776,1.7343,1.5201,0.0,,53388.0389,51145.189,31000.6549,276016.1611,264420.6271
300423.SZ,20251014,7.66,8.6132,10.2507,0.84,,,2.8352,2.6187,2.8824,0.0,,49751.129,33336.0483,28010.7361,381093.6481,255354.13
300424.SZ,20251014,16.6,8.0154,9.426,2.93,,,5.3489,2.3925,2.3802,0.0589,,24543.0132,24528.525,20857.9286,407414.0191,407173.515
300425.SZ,20251014,5.18,1.4274,2.2876,1.13,40.0664,50.4132,1.4971,2.2997,2.1979,0.956,0.5019,68222.4853,67907.0327,42372.5593,353392.4739,351758.4294
300426.SZ,20251014,9.12,1.6344,2.1968,0.91,,,9.643,21.4655,22.7601,0.0,,45038.281,40000.0,29759.4624,410749.1227,364800.0
300427.SZ,20251014,5.78,2.7124,3.2927,1.02,,,2.3764,4.6295,4.9532,0.0,,50852.0298,50300.4888,41435.4531,293924.7322,290736.8253
300428.SZ,20251014,22.82,3.6231,9.6154,1.04,20.6378,20.0977,1.9407,0.5356,0.5002,0.5126,1.4706,63949.7151,55714.5182,20993.3911,1459332.4986,1271405.3053
300429.SZ,20251014,14.89,15.4407,17.4002,1.41,,,4.6152,8.6416,8.7109,0.0,,53630.4349,39863.3899,35374.2561,798557.1757,593565.8756
300430.SZ,20251014,19.51,2.8729,3.9783,1.17,55.1759,83.031,2.3458,5.56,7.3773,0.4102,0.3588,27304.6796,25985.4209,18765.4998,532714.299,506975.5618
300432.SZ,20251014,19.25,9.1575,15.5129,0.8,82.9501,74.8904,7.418,3.8857,3.0793,0.0,0.3711,170976.0242,169055.5691,99795.8148,3291288.4659,3254319.7052
300433.SZ,20251014,29.29,1.3407,3.5523,0.7,42.7103,39.6325,2.9326,2.2144,2.0919,1.0156,1.3591,528432.7591,496731.3433,187477.8,15477795.514,14549261.0453
300434.SZ,20251014,9.63,2.1197,3.604,1.29,42.1612,32.7019,1.5562,3.5096,3.6087,1.1423,0.7165,40174.3872,34212.1086,20121.7619,386879.3487,329462.6058
300435.SZ,20251014,21.39,7.5076,11.4393,1.34,,,2.6502,3.037,3.1121,0.6909,0.935,38571.3,36881.463,24205.23,825040.107,788894.4936
300436.SZ,20251014,102.21,8.9817,14.2594,0.97,,,55.6087,36.8748,37.6702,0.0,,15926.7,13671.9819,8611.6758,1627868.007,1397413.27
300437.SZ,20251014,9.55,7.833,9.318,1.63,,,1.7162,2.208,2.5548,0.0,,25242.2911,17581.0597,14779.3097,241063.88,167899.1201
300438.SZ,20251014,35.57,6.6853,7.8971,0.55,,,3.5778,2.2491,2.1093,0.1679,,50334.336,40416.4238,34214.7638,1790392.3315,1437612.1946
300439.SZ,20251014,10.2,1.5592,2.0533,1.21,15.1942,28.7462,1.3279,2.2498,2.5629,1.3125,1.3223,38431.8815,29233.2051,22199.2258,392005.1913,298178.692
300440.SZ,20251014,13.15,2.3462,3.5649,0.63,119.6041,114.9459,3.6378,5.9268,5.6121,0.332,0.4306,44391.86,44222.3565,29104.6131,583752.959,581523.988
300441.SZ,20251014,8.06,1.1272,2.1564,0.89,6.2407,6.7934,2.1377,2.2377,2.8948,2.736,3.7221,64441.5868,62654.9161,32750.949,519399.1896,504998.6238
300442.SZ,20251014,48.0,1.3141,3.484,0.72,43.8177,45.9858,7.8263,17.9729,16.7045,1.1548,1.0987,163434.3573,162837.4011,61421.4384,7844849.1504,7816195.2528
300443.SZ,20251014,28.7,7.5321,8.4225,1.1,53.163,32.0861,1.4788,4.6701,3.6218,1.1634,0.4858,32013.4598,24277.4045,21710.8461,918786.2963,696761.5092
300444.SZ,20251014,8.76,12.0955,13.2473,2.04,86.5401,71.2641,3.9945,2.0147,1.6758,0.0,,79862.509,62144.6699,56741.6083,699595.5788,544387.3083
300445.SZ,20251014,17.72,3.1808,4.42,0.92,30.013,31.1358,3.0572,6.542,6.4422,0.4515,0.5079,21243.0013,14206.4743,10223.6178,376425.983,251738.7246
300446.SZ,20251014,16.83,2.482,2.9762,1.04,17.9715,17.8669,2.6309,1.8287,1.754,0.5942,1.6637,84541.0111,37356.0171,31153.6417,1422825.2168,628701.7678
300447.SZ,20251014,14.45,2.5717,3.2891,0.91,253.561,,2.2681,4.9569,5.5428,0.4567,0.3425,31231.0375,20128.6915,15738.6715,451288.4919,290859.5922
300448.SZ,20251014,6.74,3.6075,3.6386,0.74,,,3.6913,13.2386,9.846,0.4833,0.4833,67651.7079,46454.3924,46056.8046,455972.5112,313102.6048
300449.SZ,20251014,6.96,2.0049,2.6076,0.95,,,8.0024,18.1764,15.2671,0.0,,38603.5989,38603.5989,29681.4579,268681.0483,268681.0483
300450.SZ,20251014,52.33,8.0012,11.7496,0.72,286.4631,144.5202,6.6617,6.9133,6.4466,0.6507,0.1063,156616.3034,155941.4363,106191.8717,8195731.1569,8160415.3616
300451.SZ,20251014,4.61,1.8785,2.3575,0.96,,,1.6439,5.0198,5.6118,0.2163,,154912.4692,152669.377,121647.0901,714146.483,703805.828
300452.SZ,20251014,12.99,1.6518,2.0654,0.92,25.5014,26.0462,3.4086,3.4507,3.3708,1.9095,2.2915,23444.9862,18680.2542,14939.2919,304550.3707,242656.5021
300453.SZ,20251014,9.08,1.8538,2.1464,1.1,20.8588,20.0757,3.6652,3.1613,3.0121,2.712,3.303,52239.7525,36106.331,31184.5202,474336.9527,327845.4855
300454.SZ,20251014,108.18,2.9588,3.5715,0.97,231.8262,81.329,5.1116,6.0693,5.8349,0.0455,0.0575,42188.3707,27829.519,23055.919,4563937.9423,3010597.3654
300455.SZ,20251014,17.8,1.9724,4.3821,0.88,179.476,,7.5599,9.6169,9.4888,0.0843,0.0843,71776.7936,70862.2436,31895.7451,1277626.9261,1261347.9361
300456.SZ,20251014,23.54,6.5996,7.8575,0.99,,,3.3833,14.3074,14.0882,0.1487,,73221.3134,59744.9078,50180.4844,1723629.7174,1406395.1296
300457.SZ,20251014,30.44,4.1861,7.4677,0.53,39.2688,45.3088,3.0214,2.3181,2.3632,0.5718,0.3782,64909.5713,63761.2358,35741.7622,1975847.3504,1940892.0178
300458.SZ,20251014,51.12,10.0817,11.8783,1.18,253.0151,202.0125,13.9257,18.4401,16.4652,0.2246,0.3753,82529.7512,67554.4917,57337.0176,4218920.8813,3453385.6157
300459.SZ,20251014,4.6,2.9931,3.0659,1.0,,,7.8019,14.1483,15.7,0.0,,351581.0939,328719.3454,320905.2976,1617273.0319,1512108.9888
300460.SZ,20251014,9.3,2.5235,3.1427,0.89,,,4.5999,4.7381,4.9202,0.0,,28080.4251,28080.4251,22547.6871,261147.9534,261147.9534
300461.SZ,20251014,18.12,2.0769,3.6535,1.0,,,5.6199,12.5888,13.5205,0.0,,15705.6692,11400.8765,6480.8761,284586.7259,206583.8822
300462.SZ,20251014,10.27,2.3012,2.5543,0.75,,164.0683,1.3105,2.9724,2.8351,0.0,,18122.1938,13803.4042,12435.8042,186114.9303,141760.9611
300463.SZ,20251014,11.42,1.1403,1.3202,1.04,54.4559,,1.1053,2.7093,2.9448,1.3621,0.9165,60466.6624,49180.016,42479.4215,690529.2846,561635.7827
300464.SZ,20251014,8.7,18.4731,27.3163,1.04,,,31.6657,2.6381,2.7763,0.0,,45781.9663,35534.2675,24030.6156,398303.1068,309148.1273
300465.SZ,20251014,22.14,4.5988,6.3326,0.72,313.3143,268.7188,14.796,8.3562,8.2587,0.0,,44374.9357,44374.9357,32225.3701,982461.0764,982461.0764
300466.SZ,20251014,9.62,2.4739,4.0654,0.76,,,7.2069,9.3433,9.7614,0.0,,53552.9908,44887.2162,27314.7209,515179.7715,431815.0198
300467.SZ,20251014,24.13,3.1606,3.313,0.54,238.774,326.3991,7.7384,16.486,17.1456,0.0,,20320.4897,16855.7274,16080.0734,490333.4165,406728.7022
300468.SZ,20251014,39.09,11.3302,14.1996,1.97,307.9271,278.333,12.7649,28.017,29.4289,0.1535,0.2558,53064.9275,52979.4065,42273.5062,2074308.016,2070965.0001
300469.SZ,20251014,75.68,4.329,5.3316,0.75,,,45.9145,69.91,63.255,0.0,,24823.8824,24823.2554,20155.2931,1878671.42,1878623.9687
300470.SZ,20251014,36.7,1.5425,2.0111,0.71,19.4473,18.7752,2.7406,4.8721,4.4892,2.6657,2.6946,20796.1737,19730.9685,15133.942,763219.5748,724126.544
300471.SZ,20251014,11.46,3.5146,5.2012,1.53,,,4.1158,7.348,5.6208,0.0,,40416.5856,36654.848,24769.0483,463174.071,420064.5581
300472.SZ,20251014,6.3,11.32,13.2999,1.12,,,,13.2638,86.1796,0.0,,27525.8621,26484.1371,22541.5192,173412.9312,166850.0637
300473.SZ,20251014,30.12,2.9898,4.1998,0.72,140.2299,69.953,2.7088,1.0075,0.9743,0.0,,15097.3101,15004.9988,10681.8646,454730.9802,451950.5639
300474.SZ,20251014,76.02,3.9292,4.8194,0.86,,,5.7111,85.1939,128.3,0.1385,0.0789,52261.9223,40647.4134,33139.0683,3972951.3332,3090016.3667
300475.SZ,20251014,88.17,11.4559,17.1509,1.06,154.8477,153.9779,12.7991,1.6848,1.2174,0.1858,0.0649,46377.3767,44426.7767,29674.7858,4089093.3036,3917108.9016
300476.SZ,20251014,251.13,5.1998,7.5507,0.99,187.6656,76.3237,19.7752,20.188,14.5333,0.0754,0.1189,86268.8641,85520.2338,58893.3147,21664699.8414,21476696.3142
300477.SZ,20251014,1.96,3.2207,3.2718,0.88,,,2.0136,0.7929,1.0814,0.0,,107201.8687,99085.0559,97536.4699,210115.6627,194206.7096
300478.SZ,20251014,25.1,5.5844,7.8252,0.95,,,52.0538,8.285,7.4317,0.0,,12667.3,12667.3,9039.975,317949.23,317949.23
300479.SZ,20251014,19.19,1.815,2.4805,0.79,231.9643,108.7409,7.7743,4.1482,3.6561,0.0,,19704.0865,19692.8365,14408.9938,378121.4199,377905.5324
300480.SZ,20251014,17.03,7.0639,8.3265,0.77,,,4.7312,10.481,9.652,0.2925,0.2924,35282.9602,24753.0714,20999.5419,600868.8122,421544.8059
300481.SZ,20251014,15.07,2.3293,3.616,1.02,22.9612,29.3856,1.8592,3.1171,3.1114,4.0019,3.9814,29185.5438,29007.5624,18685.6663,439826.1451,437143.9654
300482.SZ,20251014,21.47,0.9974,1.5843,1.03,17.894,25.4407,1.904,3.2791,3.6742,1.8644,1.9162,46808.4798,43039.8465,27096.0233,1004978.0613,924065.5044
300483.SZ,20251014,14.47,15.503,21.0012,1.72,,,2.0533,2.5435,1.7337,0.0,,27173.7503,27161.7503,20050.6527,393204.1668,393030.5268
300484.SZ,20251014,20.4,4.7803,5.2453,1.0,152.7225,79.7909,6.3413,12.0108,9.5119,0.7863,0.7861,20716.39,16635.2625,15160.4697,422614.356,339359.355
300485.SZ,20251014,11.25,3.1741,4.2489,1.22,,64.4449,1.5915,13.0108,13.5997,0.1956,,48166.64,27381.7182,20455.2484,541874.7,308044.3298
300486.SZ,20251014,18.97,5.0721,6.7705,0.77,,,5.5552,11.2111,9.8951,0.0,,47714.8936,47700.5527,35734.5587,905151.5316,904879.4847
300487.SZ,20251014,56.66,1.3822,1.7652,0.96,36.5382,34.7527,7.3923,11.2623,11.4738,1.2058,1.2675,50766.5589,30662.6913,24008.6308,2876433.2273,1737348.0891
300488.SZ,20251014,33.86,1.4734,3.6216,1.08,45.3562,41.6034,3.6803,9.6384,8.8956,1.5848,1.6071,17314.6892,14416.4234,5865.2312,586275.3763,488140.0963
300489.SZ,20251014,46.45,3.4089,6.0869,1.54,521.7307,89.2307,9.7872,4.3964,3.362,0.0,,13767.2835,13716.3931,7681.8431,639490.3186,637126.4595
300490.SZ,20251014,13.83,19.5601,24.9933,1.07,,,2.4514,2.8879,3.2525,0.0,,39867.0674,39325.2612,30776.4363,551361.5421,543868.3624
300491.SZ,20251014,31.2,9.4982,12.3338,1.05,228.4145,284.5489,4.6937,4.5226,4.0944,0.3819,0.2173,17526.9149,15558.7579,11981.7931,546839.7449,485433.2465
300492.SZ,20251014,69.78,1.3427,3.8645,1.23,258.9897,95.1084,32.7671,4.8448,4.4982,0.0,0.261,19668.1058,19668.1058,6833.6232,1372440.4227,1372440.4227
300493.SZ,20251014,20.88,6.1648,8.0971,0.78,294.2709,261.1283,9.5122,4.1229,3.8396,0.2129,0.1676,51257.5047,50654.0047,38565.6497,1070256.6981,1057655.6181
300494.SZ,20251014,13.26,5.0081,5.4153,1.06,,,4.4484,5.727,5.2936,0.2635,,49051.0076,39834.8068,36839.6068,650416.3608,528209.5382
300496.SZ,20251014,69.2,5.5234,6.0238,0.76,78.1906,69.0249,3.1877,5.9167,5.0704,0.5391,0.0836,46039.4994,36825.234,33766.4574,3185933.3585,2548306.1928
300497.SZ,20251014,9.75,3.0886,3.3522,1.3,,,2.6261,4.4588,5.1993,0.0,,53864.8934,44084.2687,40618.751,525182.7107,429821.6198
300498.SZ,20251014,18.92,0.9484,1.0541,1.03,13.6389,11.0648,3.047,1.2005,1.1659,1.3168,1.8394,665392.7141,596270.7231,536507.6876,12589230.1508,11281442.0811
300499.SZ,20251014,30.49,16.1774,16.8508,1.0,,,6.7712,13.4638,11.2623,0.0,,30524.8564,27140.3636,26055.711,930702.8716,827509.6862
300500.SZ,20251014,13.15,1.5663,2.9129,0.82,,,2.0788,1.9309,2.5524,0.4563,1.1407,17397.4869,16759.7955,9011.7955,228776.9527,220391.3108
300501.SZ,20251014,16.25,5.3972,6.8236,1.03,42.1637,71.7239,2.0114,2.7526,2.7344,2.5011,3.2037,19353.7975,12520.1345,9902.9968,314499.2094,203452.1856
300502.SZ,20251014,316.5,6.9158,7.123,1.32,110.8573,53.1858,25.955,36.3824,19.2337,0.0349,0.1014,99397.2352,88539.199,85963.4907,31459224.9408,28022656.4835
300503.SZ,20251014,27.7,4.6191,6.1806,1.04,102.9828,93.442,6.764,6.5335,6.1234,0.0,0.19,30820.6385,24096.9999,18008.9759,853731.6865,667486.8972
300504.SZ,20251014,13.65,1.8384,3.4204,1.17,,,1.7344,2.0933,2.6742,1.4728,,27102.458,21825.1531,11730.6486,369948.5517,297913.3398
300505.SZ,20251014,21.63,13.3415,14.5528,1.28,33.7699,20.7192,2.2518,1.8536,1.657,0.5086,1.387,27486.7523,21736.1222,19927.0097,594538.4522,470152.3232
300506.SZ,20251014,3.81,0.9743,1.3085,0.52,,,170.3222,22.6722,34.669,0.0,,69559.6569,65354.9489,48663.3788,265022.2928,249002.3553
300507.SZ,20251014,9.9,7.0442,11.2823,0.9,57.4869,59.9873,3.7954,4.7476,3.5717,0.5992,0.603,80064.6907,77499.1748,48387.1044,792640.4379,767241.8305
300508.SZ,20251014,28.15,2.143,3.5851,1.08,32.0944,36.6507,3.8384,6.5765,6.2723,0.285,0.6625,10879.533,8194.2458,4898.2511,306258.854,230668.0193
300509.SZ,20251014,10.94,11.961,22.7662,2.42,71.6565,48.0559,5.5899,3.0159,2.8213,1.0969,1.3711,29640.0,24710.3523,12982.3723,324261.6,270331.2542
300510.SZ,20251014,4.4,3.2154,4.758,1.16,,,1.6166,3.3481,3.4761,0.0,,82469.07,82469.07,55731.8009,362863.908,362863.908
300511.SZ,20251014,6.58,7.2299,7.889,1.05,,,2.9852,1.9081,2.1921,0.0,,62706.2907,54626.9908,50063.3595,412607.3928,359445.5995
300512.SZ,20251014,9.98,13.3624,34.7601,1.68,154.3768,158.4431,2.5198,4.0064,3.8329,1.0984,0.5947,40764.0875,32834.3526,12622.0602,406825.5933,327686.8389
300513.SZ,20251014,9.94,9.0351,9.3094,2.51,,,2.3991,2.7995,3.2757,0.3521,,31369.1155,28827.7832,27978.2312,311809.0081,286548.165
300514.SZ,20251014,15.07,5.9676,8.0035,1.53,15.2093,18.2708,2.9112,2.9837,3.4197,1.3271,1.9907,20000.0,16025.8325,11949.32,301400.0,241509.2958
300515.SZ,20251014,19.61,1.6247,3.2526,1.27,28.1692,24.8312,4.9903,6.9979,6.3149,0.7215,1.4927,20575.45,20176.1275,10077.9965,403484.5745,395653.8603
300516.SZ,20251014,37.72,1.6945,5.2955,1.66,219.1936,287.1732,5.2797,12.7065,12.3835,0.9332,0.1829,18000.0,18000.0,5759.6038,678960.0,678960.0
300517.SZ,20251014,11.53,6.0278,7.6017,0.7,100.4521,216.1188,2.263,5.5067,6.825,0.1884,0.8563,20041.2598,12402.4873,9834.5691,231075.7255,143000.6786
300518.SZ,20251014,12.55,4.6917,6.5668,1.59,,,3.2674,15.5179,13.3791,0.0,,19941.1576,19939.3726,14246.026,250261.5279,250239.1261
300519.SZ,20251014,15.44,2.2874,3.5451,1.11,49.0256,43.5006,3.0324,9.2296,9.4149,2.5907,1.943,16000.0,11410.0,7361.9,247040.0,176170.4
300520.SZ,20251014,26.47,7.8491,9.9698,1.06,,,4.2334,4.0684,4.4437,0.0,,29203.1018,27800.8433,21887.1999,773006.1046,735888.3222
300521.SZ,20251014,26.93,3.9855,5.293,1.04,,,7.5905,21.1426,21.6308,0.0,0.1434,14918.5,14918.5,11233.152,401755.205,401755.205
300522.SZ,20251014,13.37,2.3677,3.9039,0.64,190.5864,421.6711,5.384,6.1828,6.1414,0.374,0.2992,32245.1507,26310.5621,15957.3588,431117.6649,351772.2153
300523.SZ,20251014,24.8,2.5844,5.3921,0.88,,,5.1359,4.1179,3.7881,0.0,,23263.7638,23235.846,11136.9768,576941.3422,576248.9808
300525.SZ,20251014,13.63,2.5424,2.9798,1.24,34.1808,34.6311,4.137,4.824,4.8497,1.367,0.8725,75821.0292,62183.9742,53056.7874,1033440.628,847567.5683
300527.SZ,20251014,8.24,1.6328,3.6948,1.19,969.5482,555.5219,2.9513,7.216,7.2838,0.0,0.0309,101677.0372,101677.0372,44931.8479,837818.7865,837818.7865
300528.SZ,20251014,19.38,4.7641,12.0486,0.83,,,13.3447,11.0429,10.4065,0.0,,37260.8054,37260.8054,14733.1068,722114.4087,722114.4087
300529.SZ,20251014,21.74,0.9578,1.1965,0.97,21.1677,26.4091,5.7801,6.4847,7.496,1.7843,3.5681,79860.5275,51158.5981,40954.7332,1736167.8679,1112187.9227
300530.SZ,20251014,31.86,1.8058,5.5488,0.59,,,58.8709,43.6211,43.9062,0.0,,17195.1354,15824.7513,5149.9753,547837.0138,504176.5764
300531.SZ,20251014,17.95,2.4911,3.6494,0.96,,,4.2549,4.7195,4.3097,0.2758,0.2758,32107.8965,30875.8738,21075.6537,576336.7422,554221.9347
300532.SZ,20251014,12.64,3.6418,5.6183,1.57,20.7286,25.8331,3.1264,2.4203,2.6893,4.3313,0.7911,45332.4086,43113.9335,27946.4393,573001.6447,544960.1194
300533.SZ,20251014,38.1,14.0985,16.3808,2.17,,14.7971,5.5656,3.2039,3.1466,1.2948,,23446.197,16497.9566,14199.3739,893300.1057,628572.1465
300534.SZ,20251014,9.95,3.342,5.3597,1.54,116.9669,93.4228,4.3653,2.9048,3.0659,0.402,0.402,30334.5,30205.1488,18833.9461,301828.275,300541.2306
300535.SZ,20251014,18.9,2.9624,3.7595,0.95,,,2.121,2.63,2.6835,0.3704,,10480.1463,7644.5046,6023.7808,198074.7651,144481.1369
300536.SZ,20251014,8.8,2.0182,2.413,0.74,,,5.0433,11.1421,16.1201,0.0,,29328.8133,29326.6871,24528.6871,258093.557,258074.8465
300537.SZ,20251014,27.26,14.6011,16.7332,1.0,,,6.2766,10.931,11.5326,0.0,,20780.6521,14392.4989,12558.6273,566480.5762,392339.52
300538.SZ,20251014,15.58,4.4669,5.6313,1.02,,,2.9465,0.9218,0.8692,0.2567,,18191.8573,12098.5248,9596.9729,283429.1367,188495.0164
300539.SZ,20251014,52.33,9.9859,19.1696,0.86,369.1946,281.0023,12.1893,18.6813,16.1796,0.1266,0.2144,26810.0662,17253.6025,8987.8194,1402970.7642,902881.0188
300540.SZ,20251014,20.09,5.1429,7.8683,1.64,63.7287,56.0023,4.2186,5.3532,5.0407,0.0,0.1778,22955.911,20672.7204,13511.9976,461184.252,415314.9528
300541.SZ,20251014,17.44,14.9246,14.9246,1.24,194.9729,80.4821,4.4134,3.379,2.9269,0.5293,0.1032,43004.4492,38657.8483,38657.8483,749997.594,674192.8744
300542.SZ,20251014,19.25,2.5551,3.8355,1.12,,,10.4304,4.2589,4.139,0.0727,,29855.9899,24766.3604,16498.945,574727.8056,476752.4377
300543.SZ,20251014,11.75,5.4373,6.1287,1.03,69.6212,79.9642,2.4625,2.2183,2.1539,0.3724,0.8511,30637.1334,25019.8808,22197.313,359986.3175,293983.5994
300545.SZ,20251014,29.54,5.5536,6.464,1.05,22.5449,26.8523,2.6454,3.9251,4.0289,0.4867,0.6573,18546.1376,11955.8935,10272.1073,547852.9047,353177.094
300546.SZ,20251014,26.81,11.0623,12.7129,2.57,171.6632,150.2344,4.4829,9.0641,8.8891,0.0,0.1678,18663.2691,13391.3985,11652.7687,500362.2446,359023.3938
300547.SZ,20251014,38.6,5.1103,5.8713,0.73,41.2988,41.2448,6.7544,6.1421,5.9295,1.0769,1.0769,21690.6174,17663.3031,15373.8674,837257.8316,681803.4997
300548.SZ,20251014,95.1,5.3609,6.8746,0.9,384.1315,122.2179,15.6818,15.8427,12.6111,0.0826,0.0841,29110.7978,26881.5478,20962.5921,2768436.8708,2556435.1958
300549.SZ,20251014,18.89,2.336,3.2308,0.84,183.8715,177.797,4.5998,7.2569,7.0421,0.5294,0.2647,13334.0,10105.4675,7306.61,251879.26,190892.2811
300550.SZ,20251014,11.96,0.9837,1.9605,0.85,79.9103,62.6672,2.8532,7.7343,7.7646,0.2508,0.209,26256.0141,26231.6361,13162.0581,314021.9286,313730.3678
300551.SZ,20251014,11.94,5.0914,6.3614,0.94,,,9.3063,13.6345,18.0925,0.0,,34006.2839,33907.2858,27137.9321,406035.0298,404852.9925
300552.SZ,20251014,25.34,3.6143,4.5607,1.1,,,2.981,5.8061,5.5476,0.0,,21313.3112,13776.2426,10917.5663,540079.3058,349089.9875
300553.SZ,20251014,37.98,8.0852,9.4539,1.77,220.7504,122.518,4.9973,15.696,13.0401,0.1347,,11101.5662,8507.9825,7276.2536,421637.4843,323133.1754
300554.SZ,20251014,26.82,14.7423,18.464,1.34,,,4.7412,8.7813,12.8794,0.2983,,11421.1577,7913.8721,6318.73,306315.4495,212250.0497
300555.SZ,20251014,10.42,1.2639,1.622,0.64,,,4.2563,11.7674,12.8508,0.0,,20000.0,19798.4863,15428.158,208400.0,206300.2272
300556.SZ,20251014,19.58,3.7709,3.8717,0.87,,,4.8772,4.0484,4.1804,0.1786,,12156.4493,10700.9331,10422.3354,238023.2773,209524.2701
300557.SZ,20251014,25.84,1.9868,3.8216,1.26,91.0147,80.4725,3.1859,4.8346,4.6338,0.4581,0.5954,12094.6746,11928.6666,6201.5144,312526.3917,308236.7449
300558.SZ,20251014,58.34,5.02,8.5485,3.01,60.9724,77.0618,4.3876,8.4876,7.8606,0.2898,0.341,42073.3843,41939.266,24628.3036,2454561.2401,2446736.7784
300559.SZ,20251014,14.86,3.063,4.2491,0.6,163.1549,172.4716,4.9479,13.8092,13.4014,1.0029,1.0094,39951.4567,31113.6833,22428.3245,593678.6466,462349.3338
300560.SZ,20251014,12.93,2.2944,2.876,0.77,,,3.0859,2.4611,2.9859,0.1005,,22974.3622,18696.4785,14915.6436,297058.5032,241745.467
300561.SZ,20251014,15.42,3.7219,6.3083,0.76,,,8.4036,56.3199,54.7873,0.227,0.227,32810.7975,24105.7574,14222.2872,505942.4975,371710.7791
300562.SZ,20251014,13.95,3.4499,3.7444,1.34,49.6916,44.3179,3.0814,3.0989,3.0288,1.9879,1.9916,21858.6988,16214.1561,14938.8842,304928.8483,226187.4776
300563.SZ,20251014,39.2,8.569,9.8778,0.68,88.4289,126.1164,6.6001,8.0193,8.0029,0.6724,0.6023,17943.0526,12412.4075,10767.7248,703367.6619,486566.374
300564.SZ,20251014,16.33,2.6519,4.392,0.84,85.0185,66.0117,2.1931,6.0361,7.1066,3.0916,3.0618,16131.52,11319.175,6834.44,263427.7216,184842.1278
300565.SZ,20251014,11.42,5.7447,5.947,0.88,,,4.8079,5.12,4.3224,0.0,,24970.4612,22820.5145,22044.1522,285162.6669,260610.2756
300566.SZ,20251014,18.04,3.1165,3.4599,0.99,25.0266,26.133,2.3096,2.1872,2.2334,0.822,1.0917,26374.155,22821.7008,20556.4774,475789.7562,411703.4824
300567.SZ,20251014,74.55,5.9569,6.4553,1.49,,,5.8675,8.1304,7.382,0.2623,,27974.5097,22704.7991,20951.9991,2085499.6981,1692642.7729
300568.SZ,20251014,13.11,6.6169,6.8577,0.76,48.3533,79.2089,1.7904,4.968,4.6472,1.6791,0.3786,134189.1639,121387.1552,117124.9179,1759219.9387,1591385.6047
300569.SZ,20251014,6.47,7.1052,9.1902,0.85,,,1.2811,2.0216,1.8555,1.1437,0.1516,102271.062,101960.4127,78828.7175,661693.7711,659683.8702
300570.SZ,20251014,96.0,5.3,6.5652,0.93,83.4588,61.4031,13.9138,15.8251,12.8528,0.5208,0.8333,22712.6867,19219.3023,15515.2547,2180417.9232,1845053.0208
300571.SZ,20251014,32.61,4.7288,6.0393,0.71,,,3.1192,3.1533,4.0066,0.0,,13952.8294,11563.7175,9054.4675,455001.7667,377092.8277
300572.SZ,20251014,29.32,5.2502,5.708,0.88,,,3.7761,14.9796,14.9578,0.0675,,22898.8812,18359.7101,16887.4679,671395.1968,538306.7001
300573.SZ,20251014,65.67,4.9814,5.4932,1.16,47.6601,31.9958,10.1563,8.2907,7.2763,2.8611,2.1536,24534.8945,18845.0755,17089.2242,1611206.5218,1237556.1081
300575.SZ,20251014,6.5,3.5844,4.067,0.79,264.5202,,1.5173,1.28,1.216,1.7988,0.7495,47699.24,34270.8216,30204.6888,310045.06,222760.3404
300576.SZ,20251014,39.16,9.0445,10.9481,1.11,117.2591,120.3143,8.6467,15.112,14.1774,0.1288,0.1912,36636.7572,23265.4109,19220.2492,1434695.412,911073.4908
300577.SZ,20251014,22.7,1.5644,2.1725,0.98,14.2869,17.0345,2.474,1.2837,1.1256,1.0488,1.4714,23979.2701,13971.7982,10061.0698,544329.4313,317159.8191
300578.SZ,20251014,18.22,2.3302,3.2048,0.93,122.5336,178.5057,3.0438,7.9745,8.1883,0.0,,19826.974,19821.6115,14412.6115,361247.4663,361149.7615
300579.SZ,20251014,33.08,1.5646,3.403,0.94,709.1982,,11.0825,7.957,8.627,0.0,0.0907,27000.0,26227.8592,12058.6907,893160.0,867617.5823
300580.SZ,20251014,25.81,2.4686,5.7923,1.05,44.7413,44.0188,4.0863,9.52,9.3881,0.6416,0.6587,50054.3865,47081.3575,20065.4166,1291903.7156,1215169.8371
300581.SZ,20251014,17.6,7.5362,15.5945,1.18,,,10.0544,68.8969,62.6563,0.0739,,55010.9546,55010.9546,26584.5174,968192.801,968192.801
300582.SZ,20251014,15.67,4.8543,5.4749,0.87,515.6694,,3.2828,1.7532,1.9139,0.0,0.2392,29853.6488,22153.9863,19642.5804,467806.6767,347152.9653
300583.SZ,20251014,14.67,1.5086,2.8175,1.08,,,1.5611,2.8672,3.0524,3.0675,0.1363,18970.2126,18614.8926,9967.0744,278293.0188,273080.4744
300584.SZ,20251014,56.94,8.9619,12.897,0.8,169.8945,153.0669,6.5701,13.5475,11.8543,0.0878,0.1756,12000.0,8211.0746,5705.7106,683280.0,467538.5877
300585.SZ,20251014,17.82,10.7195,18.2464,1.4,,,4.291,6.9275,6.8999,0.0561,,17111.1111,17111.1111,10052.58,304919.9998,304919.9998
300586.SZ,20251014,10.15,2.3821,3.3956,0.98,201.5806,,3.8056,4.1737,4.111,0.4926,,71121.6645,53459.6468,37502.7225,721884.8947,542615.415
300587.SZ,20251014,7.98,2.6879,3.2183,0.58,681.404,,4.4042,4.851,5.7972,0.0,0.3377,129826.8797,105193.7511,87857.123,1036018.5,839446.1338
300588.SZ,20251014,20.22,9.4055,12.908,2.07,,,13.6299,23.7893,22.5955,0.0,,19147.103,17682.203,12884.303,387154.4227,357534.1447
300589.SZ,20251014,13.4,9.5763,11.5068,2.34,449.9319,,6.2527,2.9263,3.8618,0.2239,0.0746,37766.7996,23160.6914,19274.9246,506075.1146,310353.2648
300590.SZ,20251014,11.67,2.3444,3.3653,1.1,33.8392,59.0227,2.9933,5.5511,6.3196,1.2746,1.8738,45991.7538,35436.2423,24686.2663,536723.7668,413540.9476
300591.SZ,20251014,10.6,11.6653,12.7798,1.24,,,15.2976,7.331,7.953,0.0,,40567.3777,35044.4827,31988.2452,430014.2036,371471.5166
300592.SZ,20251014,10.54,2.0398,3.5194,0.83,25.0465,58.8925,1.8229,0.4724,0.4244,2.714,0.4698,40436.1469,35103.0174,20345.9004,426196.9883,369985.8034
300593.SZ,20251014,19.4,4.7493,5.0432,0.48,,,4.4192,11.4181,10.6854,0.5128,,54249.8469,45026.3501,42402.4023,1052447.0299,873511.1919
300594.SZ,20251014,17.54,2.3907,3.8908,0.82,,,1.9158,1.8292,1.9197,0.5702,,9187.345,9099.8125,5591.3125,161146.0313,159610.7113
300595.SZ,20251014,16.43,1.3189,1.7873,0.69,25.7305,29.5753,3.1031,8.1185,8.1751,1.3588,1.3634,89615.2386,66849.476,49330.7632,1472378.3702,1098336.8907
300596.SZ,20251014,39.07,2.9887,4.4518,1.08,21.0434,20.0493,1.9435,1.5775,1.5304,0.8805,0.947,22961.9667,22304.4791,14973.9852,897124.039,871435.9984
300597.SZ,20251014,8.94,1.7277,2.099,0.94,497.5942,,2.5438,4.5647,4.7124,0.0439,0.0438,27257.003,27137.2238,22337.2238,243677.6068,242606.7808
300598.SZ,20251014,55.24,10.1125,13.7719,1.75,,,8.0253,6.0668,5.6271,0.167,,21698.1741,21692.0975,15928.1906,1198607.1373,1198271.4659
300599.SZ,20251014,7.6,2.9125,3.8275,0.9,,,1.3634,2.6405,2.6971,2.5832,,35813.1567,21234.0942,16158.0142,272179.9909,161379.1159
300600.SZ,20251014,16.47,6.7063,13.6918,1.37,,,3.9289,17.46,18.7705,0.0,,29423.448,29423.448,14411.7602,484604.1886,484604.1886
300601.SZ,20251014,16.46,1.5528,2.246,1.07,91.1701,248.9503,2.023,6.9331,6.4696,1.2151,0.5468,111692.9111,90039.6036,62250.3512,1838465.3167,1482051.8753
300602.SZ,20251014,33.88,16.0379,22.3065,1.52,104.365,66.0579,5.146,3.9186,3.4315,0.0968,0.1118,58186.3431,39540.3873,28428.686,1971353.3042,1339628.3217
300603.SZ,20251014,11.13,5.6318,6.1245,1.13,199.9683,,3.6846,6.566,6.0214,0.0,,46479.8231,36961.8555,33988.5198,517320.4311,411385.4517
300604.SZ,20251014,83.93,16.073,18.776,0.95,115.4257,78.9099,13.9863,14.531,12.3626,0.1185,0.1191,63046.5854,48556.0675,41565.8636,5291499.9126,4075310.7453
300605.SZ,20251014,14.93,6.8588,7.7658,2.02,,,5.2351,10.8098,6.3268,0.2678,,16458.3371,11893.0885,10504.1158,245722.9729,177563.8113
300606.SZ,20251014,25.02,9.063,13.1726,0.84,,,5.3358,7.0277,6.5384,0.5995,0.4796,13834.7826,11767.4486,8096.2123,346146.2607,294421.564
300607.SZ,20251014,32.18,4.7756,5.3592,0.93,,,5.4332,5.345,6.8699,0.1181,,47697.2412,33204.9404,29589.1939,1534897.2218,1068534.9821
300608.SZ,20251014,12.39,3.3957,5.1959,1.54,,,2.8818,4.7088,5.0425,0.0806,,33123.9067,28757.6013,18793.7262,410405.204,356306.6801
300609.SZ,20251014,37.3,3.5308,4.155,0.86,,,4.4286,12.3305,12.2373,0.5362,,12011.4387,11993.1707,10191.4575,448026.6635,447345.2671
300610.SZ,20251014,11.93,2.0485,2.2253,0.91,30.576,26.4309,2.2152,2.8148,2.897,1.4937,1.6698,21500.798,16122.8049,14841.9058,256504.5201,192345.0625
300611.SZ,20251014,28.35,13.162,15.324,0.8,56.0888,42.6402,5.0379,3.7317,3.3526,0.1739,0.4173,21107.468,14830.298,12737.908,598396.7178,420438.9483
300612.SZ,20251014,13.56,2.3476,2.9607,0.92,,,4.9754,3.5822,4.5049,0.0,,18045.4496,17987.9496,14262.9421,244696.2966,243916.5966
300613.SZ,20251014,48.72,2.7497,4.993,0.82,43.9654,64.5262,4.2188,6.327,6.7509,0.2421,0.2437,23250.5668,21930.0642,12077.3804,1132767.6145,1068432.7278
300614.SZ,20251014,14.71,1.7387,2.8391,0.79,,,2.1598,5.2206,5.5232,0.0,,16043.5778,16043.5778,9825.3012,236001.0294,236001.0294
300615.SZ,20251014,13.42,4.5708,5.9481,1.28,,160.7621,4.9008,9.3564,6.8793,0.7393,0.373,19322.92,12525.2425,9625.0317,259313.5864,168088.7544
300616.SZ,20251014,12.15,1.785,2.055,0.9,,,0.8675,0.72,0.7513,7.24,6.8707,22451.598,15500.8242,13463.9713,272786.9157,188335.014
300617.SZ,20251014,40.21,9.0871,14.3875,1.62,36.7012,47.1988,2.3154,6.2021,7.2529,0.4388,0.585,16736.0156,14056.4591,8878.0236,672955.1873,565210.2204
300618.SZ,20251014,50.77,9.7791,12.3618,0.76,77.6381,58.8095,2.8519,2.6309,2.3868,0.1986,0.2955,30832.4991,27132.0758,21463.3879,1565365.9793,1377495.4884
300619.SZ,20251014,39.89,21.6523,26.824,2.48,,,4.5558,4.6002,5.078,0.405,,17399.9658,14546.4047,11741.803,694084.6358,580256.0835
300620.SZ,20251014,99.86,4.8958,9.6107,0.8,371.4851,281.1282,12.4109,24.9112,21.1934,0.1004,0.1001,24918.0545,24710.7685,12587.9415,2488316.9224,2467617.3424
300621.SZ,20251014,8.99,2.5048,4.6101,1.04,226.4085,212.696,2.1418,0.159,0.2311,0.1112,0.1112,20805.67,20252.9013,11003.8607,187042.9733,182073.5827
300622.SZ,20251014,29.53,5.1741,6.016,0.71,64.9294,62.721,8.2439,5.594,5.223,1.9709,0.7034,22785.416,15577.2603,13397.3384,672853.3345,459996.4967
300623.SZ,20251014,31.11,3.332,5.5341,1.07,54.7229,51.1689,4.4644,9.0998,8.1335,0.1647,0.4822,83207.9919,72605.0677,43714.7097,2588600.628,2258743.6561
300624.SZ,20251014,69.89,6.5814,8.234,0.57,,,12.6865,9.3852,9.0411,0.1131,,19333.6324,17123.3216,13686.5526,1351227.5684,1196748.9466
300625.SZ,20251014,11.86,1.0018,1.6132,0.75,68.8933,,1.6779,1.5942,1.7288,5.059,2.5295,27933.1,16197.1756,10059.0903,331286.566,192098.5026
300626.SZ,20251014,10.88,2.3361,4.0672,0.77,,,3.7651,2.6044,2.4601,0.1563,,18000.0,17990.1525,10333.0452,195840.0,195732.8592
300627.SZ,20251014,32.64,2.3336,3.138,1.11,43.9307,38.913,6.6645,7.8835,7.1187,0.745,1.0892,78521.1888,64695.7822,48111.0393,2562931.6024,2111670.331
300628.SZ,20251014,34.92,1.527,2.418,1.19,16.7057,17.5003,5.5473,7.869,7.8931,4.2811,5.1421,126673.0887,72569.7147,45827.4235,4423424.2574,2534134.4373
300629.SZ,20251014,19.72,2.2388,2.5112,0.82,41.2162,100.6789,2.9206,10.3153,13.4759,0.5011,0.5044,25142.3424,21683.4037,19331.2204,495806.9921,427596.721
300631.SZ,20251014,34.32,11.0495,15.0403,1.4,80.948,53.7384,3.3127,8.0472,7.1224,0.5245,0.5245,12504.3424,12059.9456,8859.9456,429149.0312,413897.333
300632.SZ,20251014,12.61,3.1251,3.8183,0.82,73.7256,143.01,2.1824,4.7981,4.9203,2.9595,2.2022,30518.162,22121.0558,18104.9932,384834.0228,278946.5136
300633.SZ,20251014,33.49,0.8426,0.9474,0.78,101.7683,768.6071,4.6514,7.1959,7.3732,0.9509,0.2966,43271.2405,43271.2405,38484.9805,1449153.8443,1449153.8443
300634.SZ,20251014,25.83,3.5417,5.7796,0.93,50.6423,47.0839,4.132,7.0542,6.5089,0.8051,0.616,45121.09,43457.35,26630.8892,1165477.7547,1122503.3505
300635.SZ,20251014,14.14,3.4588,4.0362,0.74,,,5.248,2.8793,3.0013,0.0688,,14013.4,12041.6095,10319.0118,198149.476,170268.3583
300636.SZ,20251014,8.41,1.6826,2.1142,0.87,33.1362,36.9749,1.5025,4.6539,4.3914,0.4774,0.4756,41995.1495,36735.7684,29236.6189,353179.2073,308947.8122
300637.SZ,20251014,13.24,9.7201,15.6552,1.71,,,4.4087,4.2495,3.5134,0.0,,23475.013,23450.4944,14560.0344,310809.1721,310484.5459
300638.SZ,20251014,30.5,8.2166,10.0229,0.94,34.9515,42.2655,6.5366,2.851,2.985,1.2421,1.1436,76545.3542,53292.655,43688.5083,2334633.3031,1625425.9775
300639.SZ,20251014,5.58,0.7718,1.2781,0.85,,,0.9257,4.4235,4.999,1.1569,,64650.0674,63516.4371,38353.6635,360747.3761,354421.719
300640.SZ,20251014,6.39,3.288,3.7614,0.93,218.2139,143.1682,2.4683,2.1917,1.9895,1.0955,0.313,31099.3427,22074.913,19296.2438,198724.7999,141058.6941
300641.SZ,20251014,21.98,1.3424,2.8826,0.88,9.8398,7.6327,3.7577,3.3642,3.3198,1.8852,4.4886,53268.2322,53268.2322,24806.7182,1170835.7438,1170835.7438
300642.SZ,20251014,23.42,13.4626,16.0708,2.06,110.2378,124.1692,2.5589,8.7162,10.0141,0.639,0.6346,16255.6041,13770.6966,11535.8146,380706.248,322509.7144
300643.SZ,20251014,21.36,1.8291,3.2391,0.89,39.9574,31.2876,4.032,4.5591,4.378,0.7423,0.7447,23125.3546,23085.0862,13035.5583,493957.5743,493097.4412
300644.SZ,20251014,32.43,4.5257,6.2899,0.79,42.5442,35.5472,3.7448,1.503,1.3567,0.7405,0.7552,11064.3398,8857.9728,6373.415,358816.5397,287264.0579
300645.SZ,20251014,17.88,5.6113,7.9717,1.77,211.882,1374.1814,2.5286,2.1265,2.1263,0.2185,0.1092,14210.6335,13932.0264,9806.8371,254086.127,249104.632
300647.SZ,20251014,6.52,3.1254,3.7946,0.91,,,5.1218,4.2739,3.8643,0.0,,45732.1024,45664.2143,37610.1961,298173.3076,297730.6772
300648.SZ,20251014,41.68,3.6696,4.7871,0.84,,,5.2329,6.6582,6.6849,0.0,,17428.14,10618.9439,8140.0483,726404.8752,442597.5818
300649.SZ,20251014,16.05,2.6806,3.4485,0.96,,,4.3887,10.1633,12.2524,0.3738,0.3115,13241.6609,10611.6814,8248.7812,212528.6574,170317.4865
300650.SZ,20251014,16.98,11.7167,14.1213,0.73,72.4493,78.5396,2.9488,1.4403,1.431,0.3534,0.1767,21829.6126,17034.5341,14133.8866,370666.8219,289246.389
300651.SZ,20251014,21.66,8.8242,11.6427,1.03,114.2926,99.5453,2.9603,8.1871,8.6709,0.6314,0.6314,14120.9688,8743.3026,6626.6414,305860.1842,189379.9343
300652.SZ,20251014,55.42,4.9073,9.4741,1.17,61.5201,49.4282,5.0514,9.9885,8.0857,0.694,0.2082,13339.0572,11971.7927,6201.0835,739250.55,663476.7514
300653.SZ,20251014,19.68,0.9846,1.747,1.01,26.3103,37.2521,4.1502,9.7526,10.0339,4.065,2.3068,18000.0,18000.0,10145.1626,354240.0,354240.0
300654.SZ,20251014,9.73,1.2371,2.4551,0.8,82.9691,93.4312,4.2886,6.7095,6.805,0.5107,0.5653,36612.4852,35226.1534,17749.2261,356239.481,342750.4726
300655.SZ,20251014,15.84,11.1404,13.1793,1.08,,,7.0707,11.8429,11.2612,0.1742,0.28,107297.1483,106766.4574,90248.845,1699586.8291,1691180.6852
300656.SZ,20251014,23.78,2.4495,3.6959,1.2,,,4.0638,9.9388,10.7486,0.1262,,17112.5072,13289.7892,8808.178,406935.4212,316031.1872
300657.SZ,20251014,30.75,4.7076,5.7385,0.89,261.1704,240.6666,12.2008,2.5257,2.3438,0.0,,48255.5756,46861.3051,38442.774,1483858.9497,1440985.1318
300658.SZ,20251014,8.64,7.8183,11.1927,0.84,105.3748,113.6539,2.1643,1.9366,1.7295,0.8556,0.6845,33276.4105,22551.4014,15752.4854,287508.1867,194844.1081
300659.SZ,20251014,15.42,7.6482,8.659,1.68,,,3.2261,5.1133,5.0423,0.0,,26039.2378,19033.2729,16811.4597,401525.0469,293493.0681
300660.SZ,20251014,53.8,2.4308,6.5993,0.91,81.6859,77.8501,7.1,6.8355,6.2399,1.0035,0.7037,44713.6548,44677.8567,16456.7998,2405594.6282,2403668.6905
300661.SZ,20251014,82.48,5.3711,8.2076,1.0,101.8966,97.5688,10.7929,15.2297,14.2014,0.0923,0.1865,61801.1149,59271.4871,38787.3509,5097355.957,4888712.256
300662.SZ,20251014,27.61,2.5185,3.5723,0.91,26.4613,22.109,2.5876,0.461,0.4079,0.2898,0.5795,19680.6359,19628.3592,13838.5926,543382.3572,541938.9975
300663.SZ,20251014,17.55,2.5505,2.7266,1.04,,,11.0315,9.9658,12.899,0.0,,47845.0492,45498.2447,42559.9846,839680.6135,798494.1945
300664.SZ,20251014,5.37,1.2817,1.8143,1.09,25.5567,22.1764,0.9401,2.1265,2.3379,2.5252,1.795,75625.6332,75224.5332,53140.6102,406109.6503,403955.7433
300665.SZ,20251014,9.33,8.3397,8.3397,1.11,,,3.7718,3.9399,3.4244,0.4638,,21894.573,21807.0949,21807.0949,204276.3661,203460.1954
300666.SZ,20251014,105.9,16.5041,18.259,1.09,70.1447,57.0995,5.9608,7.7941,6.8998,0.1882,0.2878,26532.0683,22115.7113,19990.1148,2809746.033,2342053.8267
300667.SZ,20251014,14.92,3.5909,4.0552,1.21,,,2.7054,3.9754,4.2069,0.6641,,20463.6039,17263.0474,15286.6154,305316.9702,257564.6672
300668.SZ,20251014,17.42,1.0185,1.6454,0.58,,,2.739,3.579,3.7199,1.7222,,12038.1273,9969.3862,6171.1963,209704.1776,173666.7076
300669.SZ,20251014,31.61,0.65,1.3708,0.93,219.8465,284.8958,7.0124,18.824,18.9805,0.3796,0.3147,19270.5526,18249.9937,8653.3573,609142.1677,576882.3009
300670.SZ,20251014,8.83,11.6931,15.2061,1.03,352.6355,,4.6804,8.2941,11.4504,0.0,,31692.0479,22469.4226,17278.4981,279840.783,198405.0016
300671.SZ,20251014,36.15,3.2175,4.7132,0.83,,,4.9202,11.5462,10.3335,0.0,,21772.4473,21715.1457,14824.1414,787073.9699,785002.5171
300672.SZ,20251014,90.63,3.8758,5.4442,0.98,202.558,217.5966,4.8322,9.9497,10.5325,0.3299,0.3293,21714.0672,21033.7661,14974.3253,1967945.9103,1906290.2216
300673.SZ,20251014,18.07,5.6398,7.3557,0.97,24.6774,27.5226,2.4315,2.7102,2.9175,0.0,1.8845,24883.034,16198.5759,12419.8234,449636.4244,292708.2665
300674.SZ,20251014,24.27,2.1064,2.7976,1.01,44.9845,39.0734,3.9262,4.3172,4.4002,0.8045,1.0459,70405.706,70301.1795,52931.5754,1708746.4846,1706209.6265
300675.SZ,20251014,15.58,3.3535,6.4342,0.91,951.5495,,4.1522,6.1386,6.7894,0.2567,0.0642,14666.67,14666.67,7644.1757,228506.7186,228506.7186
300676.SZ,20251014,48.18,1.1826,1.9345,0.82,,,2.1778,5.212,5.5569,0.2063,,41831.7075,41604.6525,25433.8036,2015451.6674,2004512.1575
300677.SZ,20251014,43.52,9.9663,11.3841,2.5,19.4453,17.9349,1.5809,2.9923,2.8713,0.2932,0.3386,65479.3743,46511.4511,40718.8734,2849662.3695,2024178.3519
300678.SZ,20251014,33.63,3.4327,5.1257,1.4,1040.6974,1192.7459,11.7892,19.6597,20.0558,0.1487,0.1487,29638.6293,29127.8395,19507.1281,996747.1034,979569.2424
300679.SZ,20251014,51.4,4.8833,6.624,1.91,35.0883,39.1739,4.3678,4.6846,4.3316,0.6867,0.9152,42482.0,35914.5259,26476.5435,2183574.8,1846006.6313
300680.SZ,20251014,52.03,9.7087,10.7459,1.31,52.8076,52.4739,6.5853,4.9422,4.6262,0.3853,0.3831,22771.6078,17583.814,15886.6344,1184806.7538,914885.8424
300681.SZ,20251014,30.86,8.5953,9.5391,1.28,114.2846,110.5219,3.7285,3.3396,2.9239,0.0933,0.0946,26294.3973,18389.9795,16570.5554,811445.1007,567514.7674
300682.SZ,20251014,18.48,1.7912,2.9846,1.16,,,2.999,4.4567,4.4628,1.5198,1.3503,108024.7336,103406.9502,62061.6362,1996297.0769,1910960.4397
300683.SZ,20251014,32.58,4.6926,7.8142,1.12,,,1.8135,6.5712,6.6695,0.0,0.399,13089.4391,12206.4641,7330.2141,426453.9259,397686.6004
300684.SZ,20251014,44.37,33.9055,40.0944,4.28,65.9882,51.0809,6.792,8.4845,7.9571,0.5399,1.4576,29950.9223,20324.4969,17187.2465,1328922.4225,901797.9275
300685.SZ,20251014,22.31,1.5671,2.0224,0.85,34.2739,29.1129,4.6324,7.877,7.6271,0.682,1.3447,39153.6144,38959.7363,30189.5747,873517.1373,869191.7169
300686.SZ,20251014,14.71,8.8871,10.039,0.83,,,3.952,2.4863,2.4017,0.0,,26062.422,19367.0867,17144.9281,383378.2276,284889.8454
300687.SZ,20251014,26.58,4.8258,5.5994,0.7,77.8859,84.8918,4.0175,4.5317,4.8745,0.4117,0.2635,40841.161,32908.6439,28362.2355,1085558.0594,874711.7549
300688.SZ,20251014,29.4,4.6675,5.4981,0.89,,,11.9483,22.1733,25.6883,0.017,,16737.9464,14837.8458,12596.4457,492095.6242,436232.6665
300689.SZ,20251014,54.02,4.5432,9.793,2.04,539.6007,300.1343,9.0666,17.3373,15.1541,0.0766,,11560.0,10118.2174,4694.1301,624471.2,546586.1039
300690.SZ,20251014,36.8,13.3164,16.7664,0.73,70.7939,37.4924,3.959,6.4489,5.5048,0.5707,0.5707,16534.8919,11078.1379,8798.6121,608484.0219,407675.4747
300691.SZ,20251014,18.03,3.2024,4.4352,0.97,125.793,,3.0448,2.5801,2.5171,0.8314,0.4437,26904.8766,22073.812,15938.2771,485094.9251,397990.8304
300692.SZ,20251014,9.28,14.7482,19.0716,1.68,66.8244,62.7031,1.8131,4.1364,4.044,0.4186,0.3143,42677.5238,37760.1163,29200.1504,396047.4209,350413.8793
300693.SZ,20251014,39.2,9.8904,11.1326,1.19,28.5835,30.2352,6.6352,4.0385,4.1317,0.8352,1.2724,31279.5823,26885.3025,23885.4469,1226159.6262,1053903.858
300694.SZ,20251014,11.78,1.9618,3.0113,0.94,45.6835,84.4391,1.8385,1.6667,1.7978,0.4244,0.6791,21531.6977,21531.6977,14027.1344,253643.3989,253643.3989
300695.SZ,20251014,114.4,3.5289,12.1268,2.05,83.7503,80.9879,4.47,17.5789,17.0879,0.4223,0.125,10225.6924,10225.6924,2975.6923,1169819.2106,1169819.2106
300696.SZ,20251014,26.18,3.6319,6.3823,1.19,,2593.958,4.1429,25.4919,19.6009,0.382,,29315.2983,26588.6641,15130.4083,767474.5095,696091.2261
300697.SZ,20251014,17.63,7.3337,15.5112,0.58,58.3664,52.1548,6.567,2.9418,2.7306,0.8726,0.7854,43264.0,33124.0,15661.009,762744.32,583976.12
300698.SZ,20251014,45.51,6.2645,11.9652,0.96,147.6327,145.9035,12.2307,10.8729,9.0306,0.5054,,13400.0,11854.5943,6206.589,609834.0,539502.5866
300699.SZ,20251014,30.11,1.5766,2.5306,1.03,33.773,38.9736,4.6564,10.2174,10.0343,1.6479,1.6479,83135.2,82144.3049,51177.0687,2503200.872,2473365.0205
300700.SZ,20251014,12.03,3.8244,3.8877,0.98,,,5.323,13.2602,13.1309,0.723,,39604.6023,26962.7549,26523.7399,476443.3657,324361.9414
300701.SZ,20251014,12.13,3.8787,7.0757,0.72,87.0157,67.4574,3.6413,7.6832,7.8509,0.7007,0.8244,28273.5119,24912.1823,13656.1527,342957.6993,302184.7713
300702.SZ,20251014,23.79,2.4299,3.6309,1.98,147.9998,54.3801,2.2782,3.1467,2.8227,0.2102,0.2102,34797.7159,21116.4483,14131.5553,827837.6613,502360.3051
300703.SZ,20251014,30.06,4.5381,6.7849,0.79,50.2403,45.0838,5.9867,2.796,2.5771,0.499,0.499,18039.184,16966.1583,11347.9458,542257.871,510002.7185
300705.SZ,20251014,16.84,2.4721,3.4018,0.71,16.4402,16.2095,3.3144,2.8743,2.7381,1.3164,1.825,50021.2488,36979.13,26872.4012,842357.8298,622728.5492
300706.SZ,20251014,38.1,8.2714,11.6525,1.01,,,8.2494,4.9346,4.5917,0.0786,,15322.0499,11357.5499,8062.0073,583770.1012,432722.6512
300707.SZ,20251014,15.5,10.0921,12.4067,2.66,131.155,,2.446,3.1608,3.6648,0.3183,0.1916,17654.092,14328.4815,11655.3695,273638.426,222091.4633
300708.SZ,20251014,8.87,5.827,6.5237,1.08,42.5791,41.7502,3.3909,3.0179,2.7579,1.2676,1.2361,93891.5144,71001.4254,63419.1586,832817.7327,629782.6433
300709.SZ,20251014,46.45,5.2341,5.9484,0.84,72.2205,61.2059,3.8881,4.0031,3.3608,0.3445,0.2368,18607.6681,14928.3061,13135.6121,864326.1832,693419.8183
300710.SZ,20251014,21.73,19.0236,19.9468,3.39,,,4.7139,6.2407,7.2914,0.0,,9949.03,7458.0013,7112.8309,216192.4219,162062.3682
300711.SZ,20251014,20.92,2.1411,6.3969,1.59,70.5615,62.1339,7.1499,9.5886,8.8973,0.478,0.956,24917.0606,24842.6804,8314.9239,521264.9078,519708.874
300712.SZ,20251014,25.85,2.5557,4.7092,1.13,133.5674,130.167,3.7698,2.3761,2.3981,0.3824,0.1898,18754.6035,18674.001,10134.5275,484806.5005,482722.9259
300713.SZ,20251014,19.86,20.1977,29.4902,1.64,,,5.9569,12.425,9.4742,0.0,,15872.081,8910.8778,6103.0249,315219.5287,176970.0331
300715.SZ,20251014,11.73,1.3678,2.5055,0.67,,,2.3871,1.8632,1.9215,1.0884,,37805.543,33415.8876,18242.4305,443459.0194,391968.3615
300716.SZ,20251014,15.13,3.4724,4.4553,1.32,,,115.4954,10.8884,19.6968,0.0,,16002.0,16002.0,12471.56,242110.26,242110.26
300717.SZ,20251014,19.54,1.8998,4.0304,1.01,39.6902,38.6489,2.8188,6.3006,5.9696,1.0235,1.0235,10277.5,10185.34,4800.9618,200822.35,199021.5436
300718.SZ,20251014,83.33,3.5832,5.9646,0.97,108.6764,103.8504,15.436,21.8886,20.7667,0.4814,0.481,29877.903,19384.2033,11645.0088,2489725.657,1615285.661
300719.SZ,20251014,16.22,2.7115,3.2542,1.41,298.2207,,4.0262,6.5165,6.2953,1.2353,0.2466,25422.715,17962.0132,14966.4318,412356.4373,291343.8541
300720.SZ,20251014,22.58,1.7355,4.2611,1.04,92.002,100.4513,7.67,18.6116,19.3316,1.1515,0.6643,19487.7256,17465.1991,7113.4876,440032.844,394364.1957
300721.SZ,20251014,13.95,2.5199,3.7823,0.93,241.223,,1.9932,1.3008,1.4496,0.7168,0.2151,16484.6739,13835.1669,9217.5388,229961.2009,193000.5783
300722.SZ,20251014,31.69,2.1981,6.5922,1.09,110.7617,141.8107,14.329,19.7052,22.5014,0.4207,0.568,27675.648,27675.648,9228.0606,877041.2851,877041.2851
300723.SZ,20251014,52.98,4.1176,11.2492,1.75,,,13.1969,16.5013,21.338,0.394,,45169.2766,41766.719,15288.2228,2393068.2743,2212800.7726
300724.SZ,20251014,96.49,7.6867,8.4277,0.82,12.1403,9.963,2.6828,1.7764,1.6258,1.2423,1.2406,34771.3586,28713.6029,26188.7879,3355088.3913,2770575.5438
300725.SZ,20251014,39.18,3.1361,3.3048,1.02,41.7262,47.3791,1.972,5.4249,4.9158,0.6728,0.6079,23380.7341,20271.3902,19236.3072,916057.162,794233.068
300726.SZ,20251014,39.17,3.4802,5.8377,0.96,57.7704,53.6685,3.2925,10.1745,9.5352,0.7659,1.5318,41183.9845,21443.8423,12783.9845,1613176.6729,839955.3029
300727.SZ,20251014,36.44,2.8387,5.8167,0.84,68.1069,58.3529,5.2027,4.9368,4.838,0.3897,0.6333,17986.7353,16177.422,7894.9682,655436.6343,589505.2577
300729.SZ,20251014,14.76,2.1159,3.8703,1.19,15.0113,16.548,1.3914,0.8892,0.7893,2.4801,2.0307,34161.2677,31793.7357,17381.2641,504220.3113,469275.5389
300730.SZ,20251014,16.58,3.9333,5.0747,0.93,,,15.4688,12.8928,16.0502,0.0,,24113.8947,19331.9079,14983.6225,399808.3741,320523.033
300731.SZ,20251014,41.01,7.3664,9.222,0.97,300.065,161.7908,8.5045,5.4116,4.6169,0.2438,0.1951,12643.1804,12017.9189,9599.7784,518496.8282,492854.8541
300732.SZ,20251014,8.39,3.8111,6.5678,1.36,,,1.0722,2.0716,1.8601,2.0862,,37056.0072,37014.9589,21478.4144,310899.9004,310555.5052
300733.SZ,20251014,18.26,2.2082,3.1255,0.96,110.2785,67.9068,3.34,3.1834,2.9446,0.0,0.2715,30567.628,22548.3982,15930.6289,558164.8873,411733.7511
300735.SZ,20251014,27.79,2.2314,4.3928,0.9,77.3664,77.2385,4.4034,3.0993,3.0968,0.8996,0.8996,76746.0689,75741.7281,38474.9442,2132773.2547,2104862.6239
300736.SZ,20251014,12.85,4.7316,6.2836,0.74,,,19.0584,3.4389,3.6113,0.0,,12729.3324,12444.5237,9370.77,163571.9213,159912.1295
300737.SZ,20251014,5.06,0.896,1.3879,0.76,127.4409,,1.2398,0.8225,0.8538,1.581,6.917,110997.0006,88690.4869,57254.801,561644.823,448773.8637
300738.SZ,20251014,19.71,5.1531,7.1185,1.09,156.486,142.4953,5.6422,8.9697,8.6231,0.1043,0.066,98517.0639,98489.1675,71296.6168,1941771.3295,1941221.4914
300739.SZ,20251014,15.32,3.4818,7.3273,0.82,481.6936,253.9867,2.1531,3.518,3.3016,1.0898,0.8155,35792.8686,33072.1986,15715.5203,548346.747,506666.0826
300740.SZ,20251014,23.08,6.0257,10.3607,1.0,81.8641,70.6242,4.3598,2.1243,2.0255,0.4318,,39000.5506,35897.8152,20877.9285,900132.7078,828521.5748
300741.SZ,20251014,17.73,0.277,1.4659,0.97,,,1.5993,8.0481,8.392,2.9329,0.9588,61588.0,61587.67,11637.67,1091955.24,1091949.3891
300743.SZ,20251014,17.86,2.3761,3.4699,0.98,29.2445,25.0863,4.5533,3.539,3.2395,1.9438,2.7676,15124.0499,12741.0896,8724.6766,270115.5312,227555.8603
300745.SZ,20251014,22.77,6.4544,7.2763,1.58,,,1.7017,1.7063,1.564,0.0,,16761.4391,14135.9402,12539.2471,381657.9683,321875.3584
300746.SZ,20251014,13.36,1.716,3.5956,1.21,,,3.9744,2.8522,2.8145,1.6467,,22573.8328,22354.545,10668.515,301586.4062,298656.7212
300747.SZ,20251014,25.51,2.6894,4.6006,0.91,107.3047,129.2565,4.3506,4.5063,4.4003,0.4704,0.196,56480.2491,50927.3642,29770.2809,1440811.1545,1299157.0607
300748.SZ,20251014,42.86,13.7022,23.6226,1.36,201.5251,123.137,8.3261,8.6722,8.4895,0.7903,0.2789,136846.6381,113067.4373,65584.4569,5865246.909,4846070.3627
300749.SZ,20251014,8.78,3.0588,4.3304,1.21,,,3.3998,1.7546,1.905,0.3428,,20516.94,15739.56,11117.712,180138.7332,138193.3368
300750.SZ,20251014,358.0,1.1665,2.0011,1.16,32.1906,27.9878,5.6259,4.5123,4.3661,1.3983,1.8878,456285.4001,425562.7601,248068.0734,163350173.2358,152351468.1158
300751.SZ,20251014,107.25,8.5764,11.3849,1.39,32.3642,34.9001,3.9482,3.0483,3.2664,1.4884,1.0219,27940.5006,19335.2409,14565.5629,2996618.6894,2073704.5865
300752.SZ,20251014,20.24,4.9846,6.012,1.08,43.4761,45.9799,3.7697,3.5033,3.2805,0.0,,22849.8956,15726.455,13039.0999,462481.8869,318303.4492
300753.SZ,20251014,28.18,6.2242,7.9833,1.23,328.8696,,5.2851,8.7965,9.2621,0.2307,0.2307,12604.8,8790.5761,6853.5451,355203.264,247718.4345
300755.SZ,20251014,19.85,2.2494,7.5033,1.11,186.1465,,2.6053,0.8742,1.1075,6.4899,4.4449,41679.84,41644.588,12484.588,827344.824,826645.0718
300756.SZ,20251014,58.66,6.752,6.7989,1.3,1257.2285,336.2476,6.5603,16.0257,16.0565,0.1705,0.0852,15759.8176,13123.0353,13032.5459,924470.9004,769797.2507
300757.SZ,20251014,220.68,3.9351,5.9388,0.93,578.9698,,21.685,33.4338,58.355,0.0761,0.0204,16760.8111,14817.0135,9817.9303,3698775.7935,3269818.5392
300758.SZ,20251014,13.43,2.6179,4.3243,1.3,43.6488,49.4817,3.0827,3.4777,3.4332,0.366,,40603.8596,36630.6693,22176.5714,545309.8344,491949.8887
300759.SZ,20251014,30.05,2.8381,4.3239,1.1,29.7961,38.6832,3.7456,4.3529,4.0752,0.6666,0.6656,177819.5525,141938.4613,93163.1264,5343477.5526,4265250.7621
300760.SZ,20251014,230.68,0.86,1.772,1.08,23.9693,30.4784,7.4678,7.6155,8.4912,3.1255,2.1372,121244.1394,121240.5619,58838.2284,27968598.0768,27967772.8191
300761.SZ,20251014,23.25,2.5898,4.8942,1.17,12.7988,17.775,2.1975,1.0983,1.0653,1.2755,2.5559,83726.9641,62801.613,33232.0085,1946651.9153,1460137.5023
300762.SZ,20251014,24.66,4.3568,5.2977,1.29,,,6.5761,43.8282,36.8175,0.0,,62796.5772,62796.5772,51644.1879,1548563.5938,1548563.5938
300763.SZ,20251014,87.9,7.9035,11.9021,0.82,50.6313,37.1849,3.9579,5.349,5.0126,0.2286,0.2278,39811.3845,32150.9105,21349.6776,3499420.6976,2826065.033
300765.SZ,20251014,42.25,0.7053,2.4711,1.06,1104.562,,16.009,29.9603,28.8295,0.6305,0.0469,140459.2944,124707.2434,35594.7438,5934405.1884,5268881.0337
300766.SZ,20251014,36.77,4.964,5.4221,0.45,,,9.123,30.859,30.7632,0.0,,39474.9757,35825.0038,32798.2288,1451494.8565,1317285.3897
300767.SZ,20251014,22.26,9.2597,12.4877,1.26,,,3.792,14.7454,13.5482,0.0,,27629.1028,23989.1997,17788.0545,615023.8283,533999.5853
300768.SZ,20251014,21.35,8.3946,18.3323,1.79,85.2937,85.2462,4.1053,11.9033,11.4265,0.3682,0.3701,64382.9039,42066.7709,19262.9591,1374574.9983,898125.5587
300769.SZ,20251014,42.08,8.0697,9.3286,0.64,,,2.2804,1.5487,1.6481,0.0,,28018.803,25175.7478,21778.2571,1179031.2302,1059395.4674
300770.SZ,20251014,45.63,1.8662,3.454,0.95,15.8032,14.3247,2.8136,6.5851,6.3994,6.9851,4.5545,22783.8591,22783.8591,12310.0296,1039627.4907,1039627.4907
300771.SZ,20251014,12.28,3.0761,3.5977,1.26,74.6524,56.4368,1.5265,6.535,5.897,0.7974,1.1961,24000.0,18119.9138,15492.9078,294720.0,222512.5415
300772.SZ,20251014,20.14,5.9959,10.0332,1.23,34.0925,34.3786,2.4376,0.7139,0.6478,0.2214,0.2979,78684.7705,69782.1899,41702.1899,1584711.2779,1405413.3046
300773.SZ,20251014,24.37,5.8221,7.9908,1.53,54.6858,119.2445,5.5172,3.3351,3.5387,3.749,0.8207,78808.25,73433.5413,53502.9702,1920557.0525,1789575.4015
300774.SZ,20251014,15.98,21.5355,30.8841,1.41,49.0089,137.3988,4.5009,6.2777,6.8552,1.5645,1.2516,40876.366,19488.0451,13589.0092,653204.3287,311418.9607
300775.SZ,20251014,24.98,2.3228,3.3463,1.09,35.9885,42.3664,2.4286,8.6044,10.2784,0.7322,0.8006,54753.935,53157.5436,36899.1693,1367753.2963,1327875.4391
300776.SZ,20251014,67.62,3.4194,4.3904,1.3,35.0604,29.923,5.1868,9.1832,8.1176,0.5147,0.5745,27356.225,16760.2619,13053.4635,1849827.9345,1133328.9097
300777.SZ,20251014,34.35,3.0007,3.7773,1.08,42.411,32.8402,3.4406,18.5902,15.3267,0.3464,0.6388,43970.7537,42361.5261,33652.9396,1510395.3896,1455118.4215
300778.SZ,20251014,12.96,2.7632,6.7163,1.14,,,2.0951,13.2388,17.2934,0.0,,20365.9642,20361.9486,8377.3736,263942.896,263890.8539
300779.SZ,20251014,176.4,7.2148,8.7857,1.0,816.3106,2746.3763,26.818,30.2602,31.078,0.0598,0.056,19713.4916,15739.6654,12925.3166,3477459.9182,2776476.9766
300780.SZ,20251014,17.79,8.5386,9.6869,1.17,,,2.5227,5.1016,4.7783,0.0,,14667.0,10753.5012,9478.7403,260925.93,191304.7863
300781.SZ,20251014,38.08,2.5293,4.0316,0.54,,,9.4229,7.0771,6.065,0.088,,16417.534,12116.5586,7601.427,625179.6947,461398.5515
300782.SZ,20251014,77.65,2.967,4.0013,1.05,103.3738,,4.1416,9.2576,10.6343,0.2879,0.1313,53494.3198,44824.752,33237.7799,4153833.9325,3480641.9928
300783.SZ,20251014,24.2,2.4993,3.005,1.11,23.8395,37.9014,3.302,0.9151,0.8816,1.0304,1.0307,40166.19,28025.79,23309.39,972021.798,678224.118
300784.SZ,20251014,52.7,3.4834,3.4834,0.99,45.0335,44.7943,3.7533,5.7908,5.7898,0.3795,0.759,5623.76,1692.885,1692.885,296372.152,89215.0395
300785.SZ,20251014,33.8,10.0476,12.9599,0.81,89.3309,83.7282,3.5609,4.4288,4.8572,0.4142,0.4438,19885.5243,12233.4285,9484.4423,672130.7213,413489.8833
300786.SZ,20251014,21.19,33.0547,35.707,1.29,,,3.4876,7.9087,7.2021,0.0,,18401.5879,14664.4444,13575.1874,389929.6476,310739.5768
300787.SZ,20251014,13.45,3.3137,4.564,0.92,54.9698,34.9571,2.7994,1.9053,1.5165,1.4456,1.2392,31343.2952,19095.8792,13864.4215,421567.3204,256839.5752
300788.SZ,20251014,28.64,0.8659,3.2674,1.02,45.8908,37.0524,2.4479,3.2273,3.1943,1.0824,1.1103,19015.1515,19015.1515,5039.0151,544593.939,544593.939
300789.SZ,20251014,26.58,2.1274,3.363,1.29,52.466,63.6515,3.6376,5.9762,6.2184,0.8443,0.5719,14384.9057,9889.5953,6256.0347,382350.7935,262865.4431
300790.SZ,20251014,28.52,4.8321,5.0423,0.86,58.1271,51.6566,4.2611,3.8894,3.6661,0.3116,0.3477,37411.8981,32462.3513,31109.0966,1066987.3338,925826.2591
300791.SZ,20251014,23.21,0.7159,1.6982,0.67,21.9431,21.5036,3.0325,1.6938,1.6735,2.7839,2.1505,30731.896,25652.4897,10813.6137,713287.3062,595394.2859
300792.SZ,20251014,31.93,4.7168,8.6132,0.58,99.5551,94.6989,2.611,6.122,6.5965,0.423,0.3132,23694.273,21253.3673,11638.8087,756558.1369,678620.0179
300793.SZ,20251014,16.51,2.7443,3.8725,0.9,152.0325,243.0855,2.1026,2.547,2.6794,0.7984,0.7192,38053.8312,37207.9812,26367.9812,628268.7531,614303.7696
300795.SZ,20251014,14.03,1.7088,2.2429,0.99,27.0254,32.2611,7.7619,5.5811,5.7285,3.4402,2.3685,29889.387,17326.52,13200.0915,419348.0996,243091.0756
300796.SZ,20251014,9.83,2.1064,2.971,1.36,,,2.0575,2.6727,2.4678,0.4069,,36114.2872,36114.2872,25604.6753,355003.4432,355003.4432
300797.SZ,20251014,19.25,8.3335,23.1687,1.77,50.81,47.5073,6.1298,6.7129,6.4641,0.52,0.6234,38278.38,37860.0765,13617.824,736858.815,728806.4726
300798.SZ,20251014,7.91,2.6543,3.4215,1.03,656.1224,,2.1926,3.6752,3.2671,0.2528,0.1264,46885.315,37280.5436,28920.3083,370862.8417,294889.0999
300800.SZ,20251014,11.59,1.6352,3.2232,1.2,68.92,65.8344,1.3719,3.5458,3.4748,1.541,1.3477,23675.9,23438.15,11890.68,274403.681,271648.1585
300801.SZ,20251014,25.95,7.7164,11.8095,1.35,47.0086,46.1976,2.2881,2.4034,2.1309,0.9185,0.4938,21843.0,13649.1125,8918.4925,566825.85,354194.4694
300802.SZ,20251014,19.97,2.7003,4.1339,1.05,87.1345,81.4674,3.9725,8.7251,7.862,0.7868,0.7577,28929.5555,19993.4099,13059.9884,577723.2233,399268.3957
300803.SZ,20251014,146.43,5.496,9.1784,0.69,854.6445,301.1644,33.7813,73.5105,60.6232,0.0,,60815.0449,59858.9911,35843.1434,8905147.0247,8765152.0668
300804.SZ,20251014,39.18,4.6705,4.6705,0.69,83.599,69.4679,2.141,4.0075,3.6031,0.0,,7400.0,2750.0,2750.0,289932.0,107745.0
300805.SZ,20251014,11.01,2.2606,3.3347,0.93,332.803,177.8028,3.0149,2.0435,1.9363,0.3623,0.1816,42440.6892,28831.6092,19544.8828,467271.9881,317436.0173
300806.SZ,20251014,27.73,11.4679,13.0285,1.68,229.0368,265.1084,5.6027,4.6719,4.5708,0.0718,0.0359,45330.0503,31621.0172,27833.2254,1257002.2948,876850.807
300807.SZ,20251014,38.15,2.75,4.1785,0.88,,,5.3966,15.8613,13.3995,0.0,,6803.9587,5194.1489,3418.4769,259571.0244,198156.7805
300808.SZ,20251014,28.56,1.7739,3.4713,0.64,,,4.6148,10.5924,12.5114,0.6565,,16000.0,11889.9578,6076.0779,456960.0,339577.1948
300809.SZ,20251014,39.65,4.2087,5.4224,0.84,162.1931,207.5244,6.1675,22.5406,20.5586,0.301,0.3024,25353.92,15056.9504,11686.6672,1005282.928,597008.0834
300810.SZ,20251014,47.71,7.3662,13.2819,1.68,,,7.4849,23.4954,24.5398,0.0414,0.0414,11805.0,11399.0525,6321.938,563216.55,543848.7948
300811.SZ,20251014,71.8,4.8135,7.3803,0.84,55.326,54.4453,7.4656,12.5002,12.0331,0.1926,0.2779,28951.5067,23734.3265,15479.692,2078718.1811,1704124.6427
300812.SZ,20251014,23.58,5.4893,7.414,0.87,,,4.1331,8.4117,6.1298,0.1699,,14007.7029,9270.8057,6864.0857,330301.6344,218605.5984
300813.SZ,20251014,32.58,3.5686,5.7175,0.8,302.5646,197.3194,4.9476,11.3143,11.6638,0.2764,0.6139,12119.9219,7605.1073,4746.7427,394867.0555,247774.3958
300814.SZ,20251014,49.52,8.761,25.2464,0.97,248.8464,322.4622,5.8125,6.5198,5.7841,0.2096,0.2019,19143.0132,19143.0132,6643.0132,947962.0137,947962.0137
300815.SZ,20251014,25.76,2.4538,5.2473,0.95,17.8461,18.0535,2.3864,1.4254,1.3672,0.7764,1.4557,39859.2,39038.4108,18255.5191,1026772.992,1005629.4622
300816.SZ,20251014,36.17,3.3013,4.4336,1.05,58.0137,49.5541,3.3014,3.057,2.9799,0.0,0.3157,8000.0,5666.8571,4219.5504,289360.0,204970.2213
300817.SZ,20251014,19.97,2.2844,2.9298,0.93,64.7085,67.0568,4.3405,5.1366,4.9616,1.0015,1.4021,21829.824,12526.1253,9766.9413,435941.5853,250146.7222
300818.SZ,20251014,30.12,16.991,20.699,1.78,43.6458,103.4625,2.8691,4.5317,5.5958,0.6848,0.2324,16877.2604,10948.2412,8986.9987,508343.0832,329761.0249
300819.SZ,20251014,25.17,3.839,10.0883,0.94,58.2703,59.6872,4.3756,6.2641,6.616,1.1919,1.5892,14920.5,13476.225,5128.205,375548.985,339196.5833
300820.SZ,20251014,58.02,11.5234,17.2179,1.3,39.8392,48.5821,5.2727,7.2227,7.5406,0.6855,0.6851,22161.8988,11106.0676,7432.9816,1285833.3684,644374.0422
300821.SZ,20251014,9.11,1.277,3.0998,1.33,192.5951,324.0226,2.2108,2.1225,2.306,0.0,0.1647,120000.0,119979.075,49427.7713,1093200.0,1093009.3733
300822.SZ,20251014,16.72,1.0418,3.6227,0.98,94.2757,149.9582,4.186,6.1182,6.0986,0.4577,0.5951,31153.62,28898.2037,8310.8837,520888.5264,483177.9659
300823.SZ,20251014,15.21,2.8843,3.8897,1.01,44.462,66.5852,2.1504,4.4156,4.793,2.7613,2.1433,13098.2727,8478.9426,6287.1754,199224.7278,128964.7169
300824.SZ,20251014,11.85,1.0703,2.7588,0.9,55.6355,41.3953,5.5744,5.1314,4.4795,2.3566,1.7195,32634.1682,31649.5307,12278.6926,386714.8932,375046.9388
300825.SZ,20251014,10.73,1.5523,1.7731,0.67,,,2.4342,5.5037,4.8536,0.0,,49804.0481,48441.02,42408.199,534397.4361,519772.1446
300826.SZ,20251014,17.51,2.0547,3.7211,0.67,259.2163,318.4728,2.1836,4.4006,4.3427,0.5299,0.1678,16650.8706,16093.3735,8886.3381,291556.7442,281794.97
300827.SZ,20251014,31.7,8.9521,11.2636,0.54,38.0259,34.7238,7.0157,3.3361,3.1647,0.2248,0.2689,50234.6364,38334.3898,30467.5269,1592437.9739,1215200.1567
300828.SZ,20251014,15.85,2.6238,4.2957,1.11,47.6969,53.7822,3.4212,4.2407,4.2614,0.9435,1.8779,16642.2,12473.819,7618.974,263778.87,197710.0312
300829.SZ,20251014,17.96,2.1332,2.2173,1.01,108.8751,56.691,1.7129,2.7115,2.6413,0.4561,0.2301,22727.5107,15824.4431,15224.4431,408186.0922,284206.9981
300830.SZ,20251014,10.63,3.5944,4.3509,0.62,416.5267,329.5149,3.5023,10.9213,11.3139,0.2083,0.215,45164.0747,33708.4772,27847.6647,480094.1141,358321.1126
300831.SZ,20251014,14.05,3.3209,3.3209,1.01,79.1895,112.0556,4.8244,23.4401,28.9359,0.1612,0.3405,32000.0,18448.424,18448.424,449600.0,259200.3572
300832.SZ,20251014,63.24,0.4575,0.9476,0.94,27.1753,29.2911,5.9787,10.9558,11.0192,1.5813,2.0557,78571.8785,68199.7363,32925.0775,4968885.5963,4312951.3236
300833.SZ,20251014,37.75,3.2388,6.972,1.7,15.8277,27.0537,2.0204,3.9399,4.4841,4.2384,3.4437,12649.05,8125.547,3774.7277,477501.6375,306739.3993
300834.SZ,20251014,22.7,0.4699,1.3126,1.01,45.2353,60.1612,1.495,2.5955,2.8681,0.8566,1.1136,19371.2353,19242.6778,6888.531,439727.0413,436808.7861
300835.SZ,20251014,67.2,13.9633,16.3574,1.35,72.1555,60.8745,6.9595,6.8484,6.6475,0.2934,0.2892,11924.754,8228.3726,7024.0483,801343.4688,552946.6387
300836.SZ,20251014,56.53,7.6606,8.8428,0.83,191.1513,152.8396,9.7775,11.2472,10.6244,0.1909,0.3646,9268.561,6320.9837,5475.9343,523951.7533,357325.2086
300837.SZ,20251014,25.24,1.4029,3.0611,0.88,31.6034,76.7619,1.852,3.8647,4.4556,1.1886,1.1886,10000.1756,6891.4256,3158.3006,252404.4321,173939.5821
300838.SZ,20251014,14.57,2.5928,4.6751,1.11,109.6515,675.9843,2.0477,2.1552,2.2748,1.7058,1.0295,13797.8,10175.4875,5643.3375,201033.946,148256.8529
300839.SZ,20251014,12.83,1.8088,3.2464,0.82,,,5.2478,1.6602,1.6776,0.0,,29496.3575,28968.9057,16140.6903,378438.2667,371671.0601
300840.SZ,20251014,19.06,2.7255,3.0917,0.68,51.6106,157.4359,3.6232,6.4558,6.6063,0.2623,0.5247,24000.0,17708.5135,15611.3513,457440.0,337524.2673
300841.SZ,20251014,73.3,2.4713,3.6006,0.89,23.8933,46.1002,2.7753,6.6522,8.1085,2.7842,1.3643,12994.6899,11892.9275,8162.9608,952510.7697,871751.5858
300842.SZ,20251014,67.64,7.1998,8.1127,0.86,26.6384,48.7113,5.2932,0.6247,0.5954,0.8385,0.4402,14176.2418,12612.5115,11193.3008,958880.9954,853110.2779
300843.SZ,20251014,50.87,4.3075,10.0618,0.6,81.0105,62.2956,5.3213,6.4688,5.6989,0.1796,0.4521,16370.4863,15709.0219,6725.0088,832766.6381,799117.9441
300844.SZ,20251014,49.42,3.19,11.1901,1.26,160.9325,251.1788,5.5521,10.0303,9.1349,0.0,,9321.088,9003.988,2566.788,460648.169,444977.087
300845.SZ,20251014,10.88,4.1902,4.6472,1.15,40.613,48.7562,2.8075,5.8116,5.9484,1.2349,2.2644,20505.2707,14402.0831,12985.9176,223097.3452,156694.6641
300846.SZ,20251014,21.57,8.0044,8.674,0.91,,,12.3069,7.7567,8.2552,0.0,,50229.6016,39190.6134,36165.528,1083452.5065,845341.531
300847.SZ,20251014,17.96,3.0537,8.0538,1.96,42.8953,44.3403,3.7078,4.499,4.4134,0.5568,0.7572,29601.0,29601.0,11223.4138,531633.96,531633.96
300848.SZ,20251014,15.48,1.1524,2.0985,1.27,85.3696,77.4926,4.3439,3.994,3.9936,0.481,0.4522,42788.7627,25312.2512,13899.9974,662370.0466,391833.6486
300849.SZ,20251014,13.53,2.4544,4.1288,0.71,,,3.4401,6.0945,6.3926,0.0,,15000.0,12146.8023,7220.7363,202950.0,164346.2351
300850.SZ,20251014,43.46,9.4158,10.5584,0.86,275.2648,31.8093,2.7479,6.1096,4.3916,0.2073,0.1947,41408.5835,30078.6694,26823.8068,1799617.0389,1307218.9721
300851.SZ,20251014,26.32,2.3005,3.5145,1.0,47.0962,64.3256,1.7973,6.7831,7.4232,1.7097,1.6337,8693.34,5411.0025,3541.8493,228808.7088,142417.5858
300852.SZ,20251014,38.26,5.4267,13.2195,0.99,40.9912,45.6218,3.193,4.0692,3.5502,0.5284,0.3439,15029.9263,14473.4409,5941.4385,575044.9802,553753.8488
300853.SZ,20251014,22.34,3.4317,3.8485,1.17,,,4.9185,20.8308,17.1713,0.8764,,14694.5918,11025.6541,9831.6061,328277.1808,246313.1126
300854.SZ,20251014,19.73,5.197,8.3622,0.59,150.7715,318.3064,2.0063,3.0574,3.111,0.5632,0.6141,10006.875,8134.0875,5055.27,197435.6438,160485.5464
300855.SZ,20251014,27.09,2.6444,3.7463,0.66,40.1302,63.5332,5.522,8.5192,9.5253,1.4759,0.9228,39553.15,29295.6138,20679.1,1071494.8335,793618.1778
300856.SZ,20251014,13.15,0.7491,2.0158,0.95,11.121,30.3242,2.3485,2.7484,3.9283,7.3178,1.6295,47568.7126,45655.3789,16965.1719,625528.5707,600368.2325
300857.SZ,20251014,145.99,6.3451,10.0825,1.16,73.0433,65.9613,13.8956,6.8193,5.7579,0.054,0.1422,34612.0769,34512.8519,21719.729,5053017.1066,5038531.2489
300858.SZ,20251014,16.6,2.0368,2.588,0.91,46.3565,47.5198,2.4419,14.4456,13.3318,0.9036,0.9036,26349.5118,19376.4577,15249.2782,437401.8959,321649.1978
300859.SZ,20251014,38.91,4.5043,8.0627,0.67,69.7125,88.2139,8.3496,19.8578,19.228,0.771,0.771,15500.0,15500.0,8659.248,603105.0,603105.0
300860.SZ,20251014,26.84,1.3318,2.1687,0.84,122.6788,146.5242,1.6253,8.8479,8.9012,1.5816,0.7722,19093.1343,11189.7529,6871.5124,512459.7246,300332.9678
300861.SZ,20251014,16.62,1.8679,3.0097,0.81,76.73,,1.7777,4.9165,6.2225,1.2897,2.7923,67184.044,42186.4889,26181.902,1116598.8113,701139.4455
300862.SZ,20251014,22.66,1.5795,1.8013,0.99,645.0605,,2.1242,6.8645,7.7511,0.2396,0.0441,18461.7902,15147.1007,13281.2661,418344.1659,343233.3019
300863.SZ,20251014,48.18,8.2259,18.1253,1.84,56.0845,55.6704,6.2696,2.4853,2.3681,0.4902,0.4427,18817.5836,18086.8834,8208.4834,906631.1778,871426.0422
300864.SZ,20251014,20.17,0.8951,3.2592,1.19,19.0182,20.2416,2.4795,3.8167,3.8356,3.8979,4.1802,15776.0839,15776.0839,4332.8039,318203.6123,318203.6123
300865.SZ,20251014,30.27,3.0193,5.5123,0.95,,,3.3346,7.7892,8.1351,0.1817,,9568.0,5625.1438,3081.1361,289623.36,170273.1028
300866.SZ,20251014,114.58,1.7201,2.492,1.07,29.0541,25.4991,6.8887,2.4861,2.1996,1.8425,1.9088,53615.7605,30197.3661,20844.4511,6143293.8381,3460014.2077
300867.SZ,20251014,20.39,10.657,13.2412,1.13,30.4253,28.4911,1.4685,3.5029,3.6036,0.2648,0.3335,27174.1053,19162.7822,15422.9304,554080.0071,390729.1291
300868.SZ,20251014,28.05,1.8048,2.5241,0.83,507.346,,2.3689,4.7123,5.772,0.0,0.1589,12795.2,8018.0231,5733.1559,358905.36,224905.548
300869.SZ,20251014,16.03,2.136,3.038,1.12,,,3.6923,13.424,13.2648,1.8715,1.5596,40180.3194,25336.1211,17813.3541,644090.52,406138.0212
300870.SZ,20251014,189.3,5.5219,12.2174,0.96,77.5983,65.9435,8.1733,5.476,4.8152,0.3097,0.2992,10985.4451,10985.4451,4965.1174,2079544.7574,2079544.7574
300871.SZ,20251014,21.04,2.4606,4.6066,1.02,,28.5893,2.0884,3.5466,2.6838,1.0473,0.9774,20233.2557,20233.2557,10807.5144,425707.6999,425707.6999
300872.SZ,20251014,22.38,4.5483,5.3282,1.19,140.9498,292.1836,3.0187,6.1851,5.9556,0.1831,0.2085,48812.1083,42204.1693,36026.5112,1092414.9838,944529.3089
300873.SZ,20251014,24.18,3.6332,5.7678,1.09,19.0027,20.3898,1.8194,3.379,3.2594,1.6297,1.6437,23060.1779,16683.9685,10509.3654,557595.1016,403418.3583
300875.SZ,20251014,51.71,17.1144,30.379,1.55,,,5.3907,37.3055,36.9025,0.0,,9983.4751,8779.1669,4945.8607,516245.4974,453970.7204
300876.SZ,20251014,26.5,3.6928,6.5411,1.1,,,3.1892,5.4948,5.2811,0.7061,,10212.004,7450.504,4206.144,270618.106,197438.356
300877.SZ,20251014,34.13,7.7282,15.5925,1.26,132.3775,91.7746,2.5893,3.967,3.8955,0.2571,0.2841,12000.0,11999.895,5947.5855,409560.0,409556.4164
300878.SZ,20251014,21.5,1.6703,5.9931,0.63,,,2.8997,8.8639,18.4441,1.1408,0.6388,14479.0322,14412.3959,4016.8314,311299.1923,309866.5119
300879.SZ,20251014,33.04,1.9096,4.0266,0.89,414.9657,35.5419,4.5393,3.7974,2.0807,0.0,0.0626,20239.8833,20102.8448,9533.8721,668725.7442,664197.9922
300880.SZ,20251014,19.3,1.1257,2.5243,0.85,19.5067,26.8281,3.6023,3.7133,4.3431,1.5468,2.3316,19513.728,19511.6468,8701.4676,376614.9504,376574.7832
300881.SZ,20251014,34.8,2.7093,5.1437,0.94,16.953,20.4526,3.7301,1.4376,1.3495,1.5805,2.8556,11000.0,5740.625,3023.78,382800.0,199773.75
300882.SZ,20251014,19.89,7.1748,22.1237,1.69,47.8698,43.7706,4.578,6.0728,5.597,2.1547,0.2514,28620.1188,26632.703,8637.1043,569254.1629,529724.4627
300883.SZ,20251014,6.73,2.7796,3.516,0.99,,,1.6376,2.8542,2.6181,0.1469,,34600.0,33067.4575,26141.65,232858.0,222543.989
300884.SZ,20251014,12.82,3.0399,3.7671,1.19,,,2.5744,4.5228,4.8484,3.0489,,25386.282,19140.9886,15446.0468,325452.1352,245387.4739
300885.SZ,20251014,22.9,5.2218,9.8426,0.72,79.784,79.7368,6.5524,19.1061,19.5586,0.3531,0.5279,24815.18,16701.7775,8860.8775,568267.622,382470.7048
300886.SZ,20251014,28.6,4.3261,6.0217,0.94,96.8419,72.9078,3.6925,6.1974,5.8724,0.0,0.5233,7479.8,4364.63,3135.675,213922.28,124828.418
300887.SZ,20251014,8.01,1.9621,3.3473,1.24,,,1.5132,2.836,3.1719,0.7491,,54573.7213,36219.722,21230.6707,437135.5076,290119.9732
300888.SZ,20251014,38.73,0.815,2.7078,0.96,32.4336,28.0788,2.0028,2.5121,2.2024,2.3238,1.8074,58232.9808,58169.7768,17508.3381,2255363.3464,2252915.4555
300889.SZ,20251014,19.55,4.3335,4.9495,1.15,,,2.8779,4.7671,4.0826,0.1081,,22022.708,14636.6979,12815.0319,430543.9414,286147.4439
300890.SZ,20251014,31.25,7.5966,7.8388,0.69,75.0638,444.5296,1.8334,2.6793,2.718,0.941,,11903.226,10873.2125,10537.3746,371975.8125,339787.8906
300891.SZ,20251014,9.49,3.074,5.4555,1.08,858.6766,,2.9562,2.2867,2.2314,0.3149,0.1047,40000.8013,33242.1763,18730.8491,379607.6043,315468.2531
300892.SZ,20251014,36.16,10.5725,18.5645,2.1,517.4278,97.9595,3.4264,4.1258,4.2988,0.0,0.2738,10000.0,6456.25,3676.84,361600.0,233458.0
300893.SZ,20251014,34.68,3.5229,6.2455,0.56,44.9774,39.2433,6.4044,5.942,5.0582,0.3853,0.3866,33769.9792,17903.6817,10098.9942,1171142.8787,620899.6814
300894.SZ,20251014,12.3,1.2207,2.3022,0.88,449.7256,,4.1992,3.6446,4.7617,4.8962,,40772.2965,29407.304,15592.394,501499.247,361709.8392
300895.SZ,20251014,42.92,2.6367,5.3744,0.98,,,7.505,21.7463,22.7854,0.0,,14080.0657,13817.2254,6778.895,604316.4198,593035.3142
300896.SZ,20251014,175.49,1.1586,1.8238,0.89,27.1261,32.6549,7.485,17.5505,19.9037,0.9414,2.8382,30259.2061,20859.157,13250.6687,5310188.0785,3660573.4619
300897.SZ,20251014,28.85,3.143,5.7094,0.86,49.6648,65.8861,4.1444,6.0915,7.1238,1.4059,1.4733,14021.9804,8741.9868,4812.4454,404534.1345,252206.3192
300898.SZ,20251014,26.5,2.8773,6.0515,0.9,32.0591,34.0683,3.459,4.2993,4.3436,1.8868,2.2642,12400.0,11473.4689,5455.22,328600.0,304046.9259
300899.SZ,20251014,26.93,0.9512,1.1687,1.03,,59.697,2.5794,21.0486,10.2529,1.3368,,6378.3466,4093.6066,3332.0266,171768.8739,110240.8257
300900.SZ,20251014,18.4,3.1144,3.5256,1.1,,,4.1254,5.2165,4.6751,0.3868,,29715.1169,22607.4919,19970.8399,546758.151,415977.851
300901.SZ,20251014,15.51,1.3345,3.2483,0.67,,,3.7956,10.3896,10.7988,0.9548,,24000.0,24000.0,9859.6596,372240.0,372240.0
300902.SZ,20251014,20.74,3.0529,4.7428,0.91,,,4.5932,12.2638,12.8218,1.0386,,18180.3369,12125.3174,7805.0329,377060.1873,251479.0829
300903.SZ,20251014,13.38,9.3631,11.2466,1.06,,,3.1155,1.6339,1.5221,0.0,,41469.4422,32832.5193,27333.8083,554861.1366,439299.1082
300904.SZ,20251014,82.46,19.6918,19.6918,0.82,,,8.9337,17.291,11.2458,0.6791,,7238.3232,2198.3232,2198.3232,596872.1311,181273.7311
300905.SZ,20251014,35.73,8.0038,14.5094,0.95,56.0233,52.1732,3.3768,4.6867,4.6532,1.3799,0.8355,17878.6496,13903.9406,7669.8184,638804.1502,496787.7976
300906.SZ,20251014,28.65,1.4933,3.0028,1.01,30.43,33.469,2.5868,14.2642,15.4405,1.7452,1.7452,8000.0,7219.7,3590.325,229200.0,206844.405
300907.SZ,20251014,33.47,3.3166,8.6145,1.03,37.7672,38.2225,4.0339,2.7673,2.7438,2.9878,,9600.0,9600.0,3696.0,321312.0,321312.0
300908.SZ,20251014,29.3,0.9741,1.9952,1.01,24.3884,24.3475,2.506,3.8972,3.9455,3.0202,3.413,14600.0,12315.2674,6012.5744,427780.0,360837.3348
300909.SZ,20251014,32.31,5.9318,11.0514,1.2,55.4726,62.6223,2.8084,3.7926,3.6652,0.4643,0.7119,17297.2979,12295.4981,6599.5069,558875.6951,397267.5436
300910.SZ,20251014,53.1,2.2201,3.19,1.12,21.7501,20.3084,4.5414,4.9768,4.7341,2.3687,2.2173,29593.5278,20748.6069,14440.1931,1571416.3262,1101751.0264
300911.SZ,20251014,52.78,2.8912,6.2407,0.83,364.5699,,7.9772,13.7682,18.1022,1.0902,1.4197,18333.0973,17133.1905,7937.5762,967620.8755,904289.7946
300912.SZ,20251014,16.9,6.2958,8.5651,0.83,,,3.6372,3.3569,3.5085,0.0,,11488.2,8582.21,6308.36,194150.58,145039.349
300913.SZ,20251014,51.58,2.4093,7.3299,0.83,105.4096,88.1353,12.5633,8.8068,8.2589,0.1921,0.1931,31271.0663,25578.3863,8407.3284,1612961.5998,1319333.1654
300915.SZ,20251014,25.25,1.7769,2.9308,0.91,28.6789,71.165,2.0345,2.9227,2.9413,1.1324,1.1279,12583.9268,5760.2288,3492.2288,317744.1517,145445.7772
300916.SZ,20251014,36.26,2.323,3.6877,0.95,34.0112,40.7585,3.9151,3.2946,3.5003,0.8274,1.1031,14464.4007,9342.5166,5885.0999,524479.1694,338759.6519
300917.SZ,20251014,43.04,3.1868,7.4985,0.91,59.7984,59.0471,6.4321,2.5401,2.4979,0.5112,0.5809,16900.0,16900.0,7182.5,727376.0,727376.0
300918.SZ,20251014,20.22,2.7609,6.2604,0.87,53.6253,55.7039,2.7234,6.3336,6.5151,0.596,0.6293,50613.4427,43470.5856,19170.5856,1023403.8114,878975.2408
300919.SZ,20251014,45.06,1.7592,3.949,0.78,28.814,31.6467,2.1044,1.0508,1.0195,2.4438,1.3787,93802.8458,91257.7544,40653.2995,4226756.2317,4112074.4133
300920.SZ,20251014,42.0,3.4563,3.9755,0.75,165.104,204.8358,3.5755,10.3309,10.2052,0.4762,0.2381,10000.0,5538.1311,4814.8054,420000.0,232601.5062
300921.SZ,20251014,22.02,3.0559,3.8237,1.21,221.123,180.8771,4.9585,6.7301,7.1929,0.6446,0.3219,18379.7487,11470.1067,9166.8925,404722.0664,252571.7495
300922.SZ,20251014,27.0,8.6209,10.2751,1.09,102.7266,101.6463,4.679,18.5726,17.2821,0.544,0.6527,15858.236,12466.7618,10459.8053,428172.372,336602.5686
300923.SZ,20251014,25.4,1.6116,3.5425,0.77,47.145,44.0479,1.7742,4.2347,3.8607,1.7604,1.7604,7860.0,7646.85,3478.85,199644.0,194229.99
300925.SZ,20251014,24.52,7.0123,8.047,0.91,80.2547,91.5506,4.874,2.433,2.3108,0.3216,0.2608,42870.8945,34954.6113,30459.9754,1051194.3331,857087.0691
300926.SZ,20251014,31.33,7.1915,17.1391,2.64,22.1933,18.548,4.5409,3.219,2.7129,0.3074,0.4624,43431.4446,28329.6964,11886.9612,1360707.1593,887569.3882
300927.SZ,20251014,25.75,1.9295,5.6837,0.84,12.4851,13.6219,3.9038,5.4,3.4141,0.5631,0.3495,14436.0,14088.893,4782.973,371727.0,362788.9948
300928.SZ,20251014,31.78,2.4698,2.9507,0.96,,,2.2795,2.457,2.4841,0.472,,8000.0,5358.6478,4485.3495,254240.0,170297.8271
300929.SZ,20251014,11.01,2.8125,3.6839,0.91,,,1.7976,5.2065,4.1827,0.1817,,13213.2956,12674.7356,9676.56,145478.3846,139548.839
300930.SZ,20251014,32.61,8.2905,13.2437,1.63,64.0086,65.0702,3.6288,6.4896,5.6023,0.3067,0.3067,10000.0,4712.5001,2950.0,326100.0,153674.6283
300931.SZ,20251014,9.82,2.4295,3.5528,0.74,,,3.8349,4.4397,5.5776,1.0183,,24014.6,18497.5438,12649.1038,235823.372,181645.8801
300932.SZ,20251014,11.03,2.1091,3.4054,0.73,55.7599,53.8151,2.0342,1.6284,1.5635,1.0959,1.4117,32010.3998,22799.3798,14120.3307,353074.7098,251477.1592
300933.SZ,20251014,8.74,5.3413,9.1905,0.79,122.4811,193.0133,2.3345,1.5111,1.4652,0.3928,0.3018,53422.8488,53422.8488,31047.8488,466915.6985,466915.6985
300935.SZ,20251014,34.6,24.4731,34.9819,3.37,,,3.4038,20.5372,20.861,0.0,,7943.068,6027.3655,4216.7045,274830.1528,208546.8463
300936.SZ,20251014,37.0,3.4077,5.2584,0.94,87.9443,515.3756,2.7852,10.1039,11.6098,1.8919,0.2703,7520.0,4746.0275,3075.6775,278240.0,175603.0175
300937.SZ,20251014,26.25,1.8114,2.5276,0.91,153.5159,,3.0171,0.5732,0.5823,0.8381,0.381,9566.6682,6291.8153,4508.9653,251125.0403,165160.1516
300938.SZ,20251014,24.84,9.3761,12.0314,2.37,34.3448,33.9163,3.4805,8.3427,8.286,0.5782,1.0674,24349.6348,16975.5348,13229.016,604844.9284,421672.2844
300939.SZ,20251014,33.21,2.0855,3.798,0.89,43.9839,45.5647,2.9003,3.6741,3.333,1.1901,1.1901,12000.0,12000.0,6589.2,398520.0,398520.0
300940.SZ,20251014,26.0,3.268,4.124,0.54,280.6413,56.8763,5.0236,12.66,7.8287,0.0,,22264.4372,15747.9422,12479.1236,578875.3672,409446.4972
300941.SZ,20251014,23.56,2.6285,3.1425,1.0,86.7501,112.4899,3.8044,23.0412,23.7921,0.6732,0.589,20475.0,10628.8099,8890.334,482391.0,250414.7612
300942.SZ,20251014,10.09,1.8512,4.5271,0.97,238.7834,194.4821,4.9286,18.2259,17.7788,0.0,0.1712,40506.8607,40506.8607,16563.9276,408714.2245,408714.2245
300943.SZ,20251014,18.39,17.3147,21.0304,4.92,69.4836,68.8651,3.8405,7.3511,7.3168,0.6503,0.6525,20382.0,13434.0287,11060.4801,374824.98,247051.7878
300945.SZ,20251014,21.29,16.2435,28.0825,2.06,58.0442,48.0636,3.3706,2.367,2.0774,0.5728,0.6576,26207.1629,23840.0647,13789.6047,557950.4981,507554.9775
300946.SZ,20251014,53.39,3.9048,6.2175,0.69,95.3961,111.3931,6.8963,14.2324,13.7509,0.3314,0.2161,15600.78,7580.43,4760.73,832925.6442,404719.1577
300947.SZ,20251014,19.46,1.5809,2.5663,0.96,86.1313,102.947,2.3215,2.3349,2.3894,0.0,,15113.7696,15107.7731,9306.623,294113.9564,293997.2645
300948.SZ,20251014,19.69,26.6134,45.7815,2.05,,,3.2987,21.0358,34.8699,0.2718,,15521.8401,14599.3964,8486.8401,305625.0316,287462.1151
300949.SZ,20251014,39.55,2.5259,5.095,0.93,,,3.5387,5.7825,7.1216,0.0,,6032.83,3430.1063,1700.475,238598.4265,135660.7042
300950.SZ,20251014,40.57,20.4543,29.6279,2.33,63.9622,79.8898,8.12,12.1528,12.747,0.3649,0.4865,15248.0,9037.4775,6239.231,618611.36,366650.4622
300951.SZ,20251014,35.81,1.6514,4.6912,0.88,28.6512,28.5712,2.6765,4.6326,4.4655,1.9985,1.6579,16914.0546,15113.4306,5320.3116,605692.2952,541211.9498
300952.SZ,20251014,33.68,14.9402,21.6571,1.03,49.8771,47.5073,3.5001,4.5784,4.3093,0.6261,0.6405,17258.6789,10478.8554,7228.8554,581272.3054,352927.8499
300953.SZ,20251014,159.98,6.0024,8.0179,0.94,109.2855,83.1977,6.8846,3.8931,3.4508,0.0159,0.0923,17347.7731,12475.3594,9339.3741,2775296.7405,1995807.9968
300955.SZ,20251014,28.28,9.5964,21.5621,1.45,,,3.2579,3.0885,2.8095,1.2376,0.9901,10080.0,10080.0,4486.1788,285062.4,285062.4
300956.SZ,20251014,17.37,3.3636,6.5771,0.97,364.4405,326.9822,2.7307,2.0304,1.7479,0.1764,0.4798,21542.766,21045.2396,10762.6895,374197.8454,365555.8119
300957.SZ,20251014,45.08,0.8222,1.966,0.88,37.9599,71.8035,3.1558,3.3292,3.6009,1.3216,1.3237,42360.0,42360.0,17716.4297,1909588.8,1909588.8
300958.SZ,20251014,13.22,3.7654,4.0188,0.88,,,1.6159,2.6013,3.3674,0.8926,,15673.6579,9104.9427,8530.9773,207205.7574,120367.3425
300959.SZ,20251014,78.58,17.9225,25.0949,0.74,207.3348,161.7539,5.5938,5.5612,6.7132,0.3471,0.4168,8036.78,5235.5219,3739.1496,631530.1724,411407.3109
300960.SZ,20251014,26.03,1.1867,3.9415,1.0,76.5119,69.8743,6.322,8.8569,8.467,1.9069,1.2287,14444.4265,13087.8265,3940.4155,375988.4218,340676.1238
300961.SZ,20251014,16.93,8.2227,11.6887,1.77,,,4.0458,8.0719,9.0785,0.0,,17728.0,15256.8733,10732.8813,300135.04,258298.865
300962.SZ,20251014,17.25,1.3082,3.6145,1.45,41.8291,41.3985,4.6673,12.7026,12.6661,1.6812,0.8464,26400.1897,26400.1897,9554.8386,455403.2723,455403.2723
300963.SZ,20251014,24.24,31.6197,44.6229,1.34,116.4474,137.6417,10.2789,10.3356,11.3081,0.1621,0.1621,45864.0,28941.268,20507.7142,1111743.36,701536.3363
300964.SZ,20251014,41.95,6.7438,10.4174,1.9,136.593,109.6496,3.2211,5.4398,4.6425,0.9416,0.4708,7729.8284,5506.0747,3564.3779,324266.3014,230979.8337
300965.SZ,20251014,62.54,4.4176,16.408,1.46,140.32,105.8258,3.0402,20.8438,20.1185,0.048,0.6076,6000.0,5571.375,1500.0,375240.0,348433.7925
300966.SZ,20251014,21.49,2.4061,3.2075,0.89,,,3.0477,4.6169,4.0937,0.0745,,11528.1077,7636.8227,5728.7752,247739.0345,164115.3198
300967.SZ,20251014,22.31,7.9614,13.5676,1.13,93.3807,16.1758,5.0952,4.3113,3.1364,0.0,0.8874,18757.0859,12479.264,7322.8212,418470.5864,278412.3798
300968.SZ,20251014,14.2,2.7604,5.9333,0.88,110.715,204.8708,3.1209,4.8093,4.8071,0.3521,0.3521,41338.0,41338.0,19231.8537,586999.6,586999.6
300969.SZ,20251014,101.51,12.4513,12.4513,1.2,53.1992,62.2194,8.5008,11.8147,12.2542,0.2815,0.2815,11200.0,3036.0289,3036.0289,1136912.0,308187.2936
300970.SZ,20251014,15.36,5.1988,6.6632,0.87,,,1.2795,1.8074,1.7465,1.2387,,12144.96,9397.6629,7332.3846,186546.5856,144348.1021
300971.SZ,20251014,24.3,8.0651,9.1594,1.26,65.2568,47.1352,2.7775,7.4147,6.5265,0.7349,0.7349,11760.0,9206.2498,8106.3398,285768.0,223711.8701
300972.SZ,20251014,173.54,1.4279,2.8834,0.98,110.9243,42.6075,20.0714,1.0071,0.74,0.0,0.3317,18761.5062,16671.6709,8256.0446,3255871.7859,2893201.768
300973.SZ,20251014,43.91,2.7199,3.626,1.31,27.7486,24.5032,3.13,1.9387,1.803,1.5796,1.5711,16934.0511,11652.6261,8740.7251,743574.1838,511666.8121
300975.SZ,20251014,12.66,5.8877,7.5876,0.88,122.8481,73.0873,3.8944,1.3288,1.1442,0.0864,0.0943,68700.5604,49207.3289,38183.1859,869749.0947,622964.7839
300976.SZ,20251014,64.38,2.7245,5.0253,0.74,35.4529,31.9279,2.4934,3.3401,2.9825,0.2534,1.211,13311.4976,8521.0032,4619.7345,856994.2155,548582.186
300977.SZ,20251014,18.4,1.4295,3.4918,0.81,,,2.034,5.9615,6.0726,1.1999,,15222.6727,9480.2158,3881.0907,280097.1777,174435.9707
300978.SZ,20251014,10.74,3.5847,4.3548,0.92,30.179,31.4382,2.8395,2.0733,2.1463,2.3277,3.7244,42270.2739,19121.9381,15740.7532,453982.7417,205369.6152
300979.SZ,20251014,52.9,0.1966,1.4027,1.16,16.0753,16.9946,4.1191,2.5716,2.4502,2.2684,6.2382,116700.0,116698.98,16357.98,6173430.0,6173376.042
300980.SZ,20251014,26.33,6.8168,8.0329,0.75,142.2906,104.5664,2.6157,7.6474,6.7296,0.8931,0.6676,13821.1043,9834.1448,8345.3198,363909.6762,258933.0326
300981.SZ,20251014,13.4,1.3264,4.3564,1.45,,,1.0678,2.3393,2.2574,3.3808,1.6904,42886.4959,39303.4879,11966.924,574679.0451,526666.7379
300982.SZ,20251014,18.82,1.9642,4.6162,0.8,73.5581,,1.3302,2.014,2.1164,1.8458,3.1147,20696.5146,19389.7146,8250.2706,389508.4048,364914.4288
300983.SZ,20251014,22.55,0.7075,1.9371,0.83,,,1.3718,18.2102,19.3748,0.1971,,17280.0,11828.2465,4320.0,389664.0,266726.9586
300984.SZ,20251014,65.0,4.8975,6.6148,1.23,306.5694,208.2418,7.8475,6.9889,6.7237,0.1427,0.1639,12326.8602,7747.185,5735.9112,801245.913,503567.025
300985.SZ,20251014,17.75,1.4269,5.248,0.51,,,3.3262,2.8747,2.853,1.6063,,18651.248,18651.248,5071.248,331059.652,331059.652
300986.SZ,20251014,11.52,2.5421,4.5102,0.81,64.3997,33.3469,2.3072,1.8785,1.7673,0.5191,0.5419,41197.3975,41181.6323,23211.2347,474594.0192,474412.4041
300987.SZ,20251014,16.9,1.6004,2.9094,0.89,123.1012,140.6305,3.7246,10.1729,9.1997,1.0059,0.7396,17336.8,17336.8,9536.8,292991.92,292991.92
300988.SZ,20251014,22.83,4.1596,6.8517,1.22,42.2318,30.3326,2.5758,1.7414,1.6468,0.7315,0.7315,14029.7357,10666.9847,6475.7797,320298.866,243527.2607
300989.SZ,20251014,16.88,2.7154,3.9539,0.98,,,3.603,11.1702,11.6805,0.2285,,21095.9534,15061.316,10343.3942,356099.6934,254235.0141
300990.SZ,20251014,73.79,4.8311,8.5372,0.72,81.6398,48.8747,6.4071,5.7988,4.7734,0.6725,0.6762,16974.934,7772.5975,4398.4375,1252580.3799,573539.9695
300991.SZ,20251014,42.87,6.7596,9.2043,1.18,313.674,289.8632,9.7081,8.9552,8.3917,0.07,0.07,14400.0,9214.2,6766.94,617328.0,395012.754
300992.SZ,20251014,25.2,2.6266,4.0494,0.95,189.8473,338.9793,2.7685,3.2319,3.0592,0.277,0.2913,9533.7602,7749.3102,5026.5602,240250.757,195282.617
300993.SZ,20251014,19.35,10.9807,25.1643,1.6,32.1232,34.3822,4.0026,7.7493,7.7169,1.4187,1.0134,30813.12,24079.4175,10507.3,596233.872,465936.7286
300994.SZ,20251014,17.19,2.8208,4.3187,0.9,32.6378,26.0483,3.2015,1.4372,1.2481,2.1233,,23308.8,11666.4,7620.0433,400678.272,200545.416
300995.SZ,20251014,49.42,4.5827,8.1078,0.89,478.7851,311.7077,6.6669,12.016,11.322,0.2408,0.3028,8416.0,6004.3606,3393.7566,415918.72,296735.5009
300996.SZ,20251014,17.03,2.5116,3.2199,0.77,39.7169,44.1539,3.8378,5.7595,5.6371,0.4206,0.6249,28277.6048,23510.2708,18338.9521,481567.6097,400379.9117
300997.SZ,20251014,17.0,1.9204,7.7403,0.8,50.4616,89.0892,7.2528,4.0097,4.4877,1.9518,1.687,43747.3475,38600.7256,9576.7371,743704.9075,656212.3352
300998.SZ,20251014,23.05,1.7835,2.9407,0.66,,,2.5049,3.2601,2.7147,0.4311,,13716.923,10768.058,6530.853,316175.0752,248203.7369
300999.SZ,20251014,31.16,1.9637,1.9637,1.1,67.5202,53.4465,1.778,0.7072,0.6893,0.3562,0.3562,542159.1536,54264.7097,54264.7097,16893679.2262,1690888.3543
301000.SZ,20251014,44.5,2.0367,5.1228,0.64,76.2187,79.9646,8.9756,14.2975,13.5909,1.1683,0.4485,24287.7322,22926.9322,9115.0782,1080804.0829,1020248.4829
301001.SZ,20251014,30.37,3.7031,6.3077,0.86,181.405,189.6226,3.1007,5.7582,6.4445,0.4116,1.2348,8000.0,5030.0,2953.0,242960.0,152761.1
301002.SZ,20251014,33.77,8.811,11.5408,1.14,,,5.3666,4.7416,4.6572,0.2933,,12405.6381,7450.3533,5688.1136,418938.3986,251598.4309
301003.SZ,20251014,35.0,1.5495,2.8489,0.62,24.1008,26.6358,3.2517,5.2726,5.4845,2.5714,5.1429,9713.3323,7514.0354,4086.7115,339966.6305,262991.239
301004.SZ,20251014,57.8,0.6989,2.4032,1.2,11.47,11.6716,4.4325,2.9639,2.7366,2.4742,3.7066,14544.6938,13542.4741,3938.2553,840683.3016,782755.003
301005.SZ,20251014,49.78,6.0456,11.7483,1.07,629.6199,460.5359,8.766,10.6058,9.0894,0.1545,0.0994,13426.7251,13237.1786,6811.76,668382.3755,658946.7507
301006.SZ,20251014,16.1,2.235,3.6257,1.02,28.3123,27.1302,1.7852,6.2557,5.9637,1.8634,1.2273,13928.0,8608.61,5306.66,224240.8,138598.621
301007.SZ,20251014,43.2,4.2709,5.1311,1.19,122.7175,127.417,9.8625,9.5942,10.0685,0.5324,0.3472,15334.0,15299.35,12734.35,662428.8,660931.92
301008.SZ,20251014,38.1,6.8476,14.4288,0.98,95.104,131.7862,3.3711,4.8591,4.454,0.9507,0.226,13096.3234,11584.3234,5497.6834,498969.9215,441362.7215
301009.SZ,20251014,13.45,2.5863,3.8209,1.14,117.2982,100.9073,2.7212,3.3903,3.3042,0.5508,0.51,27186.0,15103.5028,10223.0965,365651.7,203142.1127
301010.SZ,20251014,19.07,3.1519,9.4862,1.71,68.7686,85.8132,2.4888,1.8432,1.9241,1.0488,1.0488,10800.0,10800.0,3588.45,205956.0,205956.0
301011.SZ,20251014,27.16,2.4553,4.749,0.84,49.0346,49.6348,4.6012,4.0796,4.0046,0.7068,0.7068,15282.9959,13901.9988,7187.7188,415086.1686,377578.2874
301012.SZ,20251014,22.66,7.0014,7.9937,0.85,63.4465,86.4984,3.8698,3.3474,3.1489,0.3152,0.4476,19696.0162,14345.2162,12564.3882,446311.7271,325062.5991
301013.SZ,20251014,39.9,54.391,60.6861,1.48,1317.2411,,11.7354,16.1632,18.8795,0.0,0.1253,23374.3056,18924.1638,16961.1092,932634.7934,755074.1356
301015.SZ,20251014,26.19,0.9169,3.8394,0.97,19.9049,28.323,6.6493,1.7007,1.6684,2.9094,2.9095,52562.4042,52555.6542,12550.8932,1376609.366,1376432.5835
301016.SZ,20251014,21.91,3.1024,10.0336,0.96,71.1521,70.2058,4.8725,13.0732,12.5518,0.8276,1.9561,21840.0,20715.0158,6405.192,478514.4,453865.9962
301017.SZ,20251014,10.84,1.4133,3.519,1.17,,,2.2674,0.4591,0.4561,0.4578,,40535.2832,24335.2832,9773.3132,439402.4699,263794.4699
301018.SZ,20251014,65.3,4.3279,7.6601,0.79,150.3374,111.841,6.5603,5.76,5.119,0.245,0.245,26605.2564,19899.9414,11243.2702,1737323.2429,1299466.1734
301019.SZ,20251014,19.62,11.1704,14.281,1.36,32.7965,31.2595,3.1309,6.6848,6.9521,1.4562,3.0028,16799.9995,10842.9257,8481.1748,329615.9902,212738.2022
301020.SZ,20251014,22.66,1.8533,5.7949,2.06,40.5059,38.1761,3.5228,6.2971,5.9298,1.5446,1.368,14640.0,14640.0,4682.0,331742.4,331742.4
301021.SZ,20251014,41.5,7.6515,14.4305,1.38,289.2257,171.4409,6.3894,14.1361,13.3833,0.0,0.2399,15215.1932,15203.8414,8061.4981,631430.5178,630959.4181
301022.SZ,20251014,33.84,4.926,6.9334,1.14,213.6671,75.4636,2.4811,4.9592,4.4549,0.6426,0.7553,9948.4126,6676.6125,4743.5773,336654.2824,225936.567
301023.SZ,20251014,38.78,2.842,3.6911,0.83,32.0827,34.1043,3.6646,10.7418,10.4316,2.9129,2.0164,7818.737,4160.0842,3203.0343,303210.6209,161328.0653
301024.SZ,20251014,40.27,1.4333,4.9598,0.96,,,6.2301,18.4718,18.1864,0.0,,6358.5,6021.0,1740.0,256056.795,242465.67
301025.SZ,20251014,9.37,1.6697,4.1152,0.98,255.0331,403.4324,6.0646,9.2498,10.0051,0.0,0.3202,40030.94,27715.074,11245.0819,375089.9078,259690.2434
301026.SZ,20251014,29.89,6.9888,8.114,1.37,40.5683,38.1904,3.07,1.7792,2.0785,0.7125,0.95,15827.3987,11158.0666,9610.7575,473080.9471,333514.6107
301027.SZ,20251014,18.83,10.764,11.5366,0.77,,,2.9936,4.5756,4.4863,0.0696,,14700.0,11824.2296,11032.3496,276801.0,222650.2434
301028.SZ,20251014,12.77,1.5954,3.5064,1.02,22.5766,22.0455,3.1008,4.3024,4.2252,1.5511,1.5569,38404.9688,24845.9438,11305.0738,490431.4516,317282.7023
301029.SZ,20251014,27.93,4.0278,5.6192,1.44,43.8018,38.2259,4.3123,7.0727,6.4775,1.3046,1.6112,63420.2712,46188.0769,33107.342,1771328.1746,1290032.9878
301030.SZ,20251014,15.21,3.5944,5.108,1.04,,,3.2598,1.4987,2.8797,1.3962,,20238.333,20210.571,14221.805,307825.0449,307402.7849
301031.SZ,20251014,104.29,6.2125,8.0866,0.81,54.8523,39.5845,7.9312,7.2165,6.1564,0.4524,0.4854,9832.248,6855.608,5266.7607,1025405.1439,714971.3583
301032.SZ,20251014,12.83,3.6317,6.5842,1.57,39.1088,37.8345,2.6078,1.3688,1.3425,0.2338,0.7794,24113.34,15987.2775,8818.3975,309374.1522,205116.7703
301033.SZ,20251014,70.52,0.8536,1.4879,0.56,59.5716,50.0996,6.5411,16.8706,14.9519,0.5595,0.8451,6661.1929,5606.7429,3216.4365,469747.3233,395387.5093
301035.SZ,20251014,81.77,0.8039,2.4729,1.28,51.0099,27.8661,3.2875,1.7267,1.6231,1.4322,0.9212,28077.0974,28034.4774,9113.6047,2295864.2544,2292379.217
301036.SZ,20251014,33.28,2.4524,3.7128,1.11,27.573,33.719,2.0131,2.1126,2.2094,1.8029,1.5024,10000.0,7043.3635,4652.2535,332800.0,234403.1373
301037.SZ,20251014,14.71,3.1184,5.3588,0.77,,,3.2145,0.9509,1.0446,0.0,,13903.1686,6799.7785,3956.9369,204515.6101,100024.7417
301038.SZ,20251014,25.13,2.5899,8.4226,0.92,106.108,4085.3503,6.4311,6.5588,7.1093,0.0,0.2816,22308.0,22308.0,6859.63,560600.04,560600.04
301039.SZ,20251014,9.54,1.017,2.3436,0.74,16.4729,19.3262,1.2411,0.8515,0.8917,2.935,5.87,187412.442,145242.75,63027.7904,1787914.6967,1385615.835
301040.SZ,20251014,22.69,5.0769,8.1707,1.12,,,3.008,3.9211,3.4864,0.0,,10000.0969,9423.2344,5855.2002,226902.1987,213813.1885
301041.SZ,20251014,26.03,3.4622,4.1541,1.03,71.0873,105.5861,4.1842,4.0678,4.0114,0.2296,0.3796,10668.0,7892.0639,6577.6581,277688.04,205430.4233
301042.SZ,20251014,62.35,6.6842,12.5572,1.13,60.9431,114.3363,4.1476,6.2944,7.5825,3.4235,1.5561,6972.3577,6598.3127,3512.2718,434726.5026,411404.7968
301043.SZ,20251014,46.96,5.5528,16.3221,0.75,30.4122,33.5502,3.8973,5.3081,5.3235,1.8739,3.109,6800.0,5674.775,1930.575,319328.0,266487.434
301045.SZ,20251014,26.18,3.5764,4.0223,0.6,106.5105,106.0896,2.8463,4.4155,4.6068,0.4584,0.191,11031.8358,6395.7984,5686.7899,288813.4612,167442.0021
301046.SZ,20251014,25.7,2.8536,5.4673,0.68,74.494,79.0209,4.8209,3.567,2.8456,1.1473,1.1673,15229.5914,11316.3664,5906.5564,391400.499,290830.6165
301047.SZ,20251014,71.24,0.9862,2.6066,1.11,71.07,73.0189,1.6524,14.1206,13.701,2.9487,7.0185,12163.6742,11958.0621,4524.0531,866540.15,851892.344
301048.SZ,20251014,11.92,1.1994,4.7974,1.11,33.3551,31.3955,2.345,2.0552,2.011,0.411,0.5211,53333.34,53333.34,13333.34,635733.4128,635733.4128
301049.SZ,20251014,21.51,3.6302,6.0532,0.94,,,3.2393,6.9779,9.0696,0.0,,9425.3334,4282.6359,2568.4034,202738.9214,92119.4982
301050.SZ,20251014,47.66,2.3065,2.8953,0.84,34.0462,46.5661,3.837,9.8892,12.3968,1.0407,0.7267,24479.1768,20794.5263,16565.4079,1166677.5663,991067.1235
301051.SZ,20251014,21.25,1.8856,2.8956,1.14,,,2.0532,2.557,2.4391,0.5562,0.1961,20304.3456,16100.7966,10484.5921,431467.344,342141.9278
301052.SZ,20251014,45.7,20.3242,23.5681,1.18,110.7537,104.3073,6.3214,7.7685,6.9536,0.1593,0.116,9895.9339,8019.5919,6915.7644,452244.1792,366495.3498
301053.SZ,20251014,36.0,1.9526,5.8691,0.8,62.6965,77.028,4.4826,4.9188,4.6535,0.2157,0.8089,8421.7803,7749.4689,2578.2698,303184.0908,278980.8804
301055.SZ,20251014,20.24,0.8719,2.0406,0.77,126.0794,78.3801,4.9032,3.478,3.3238,0.7194,0.5755,15600.0,15600.0,6665.31,315744.0,315744.0
301056.SZ,20251014,12.92,4.5931,10.0547,1.4,35.5912,47.1451,4.3131,4.812,5.9588,1.548,3.096,26678.6667,17599.583,8039.6667,344688.3738,227386.6124
301057.SZ,20251014,23.09,1.8843,2.8429,0.56,87.3341,71.8036,3.5851,3.2217,3.0908,1.2919,0.8566,11696.9438,8258.6963,5473.7438,270082.4323,190693.2976
301058.SZ,20251014,11.42,3.3066,6.4003,2.4,25.0359,24.8401,2.7205,2.2059,2.0788,1.3135,1.3135,51227.4245,51227.4245,26465.5379,585017.1878,585017.1878
301059.SZ,20251014,11.1,1.3528,4.2265,1.13,48.0678,42.2356,4.3916,6.6549,6.1455,0.8942,1.5202,23115.4,20673.7026,6617.0283,256580.94,229478.0989
301060.SZ,20251014,9.1,1.2875,2.5225,1.15,,,2.3176,2.092,2.2591,0.0,2.1868,40051.7,36018.4557,18383.8217,364470.47,327767.9469
301061.SZ,20251014,89.55,0.794,2.0879,0.77,28.5304,23.4887,5.1179,7.6458,6.4462,0.7555,0.9878,21758.1796,14448.4439,5494.5704,1948444.9832,1293858.1512
301062.SZ,20251014,8.63,2.5524,2.8617,1.06,69.9566,811.5434,2.4769,3.1332,3.095,0.5366,0.5794,43227.7187,31160.928,27793.3411,373055.2124,268918.8086
301063.SZ,20251014,25.91,2.3755,3.2374,0.79,81.0741,52.848,1.7429,2.0234,1.638,0.57,0.5789,10436.0724,10044.6628,7370.4849,270398.6359,260257.2131
301065.SZ,20251014,22.9,1.4288,2.489,0.85,37.5992,35.8393,1.828,3.4251,3.6118,0.425,0.8499,10602.0,8628.75,4953.375,242785.8,197598.375
301066.SZ,20251014,15.3,2.2097,5.7552,0.59,102.3842,119.7146,2.8761,5.3809,5.1673,0.3104,0.8941,23492.3111,18878.6643,7248.3031,359432.3598,288843.5638
301067.SZ,20251014,31.45,5.2146,7.4278,0.58,379.5402,191.2749,3.6683,3.5048,3.4998,0.1581,0.1575,9723.6,6382.89,4481.02,305807.22,200741.8905
301068.SZ,20251014,26.12,0.7589,1.1525,0.79,42.9357,,4.6385,3.8985,3.9678,0.5626,0.8777,14131.5742,10077.7825,6635.7639,369116.7181,263231.6789
301069.SZ,20251014,21.83,3.6357,7.697,1.4,164.0145,101.508,5.9413,9.8959,9.5075,0.9162,0.4581,42064.7429,39120.7429,18478.6729,918273.3375,854005.8175
301070.SZ,20251014,59.7,5.895,7.2987,0.82,,,6.9497,16.2647,17.8744,0.4794,,9022.984,5935.48,4793.9088,538672.1448,354348.156
301071.SZ,20251014,41.1,23.7182,34.6641,2.79,53.2662,136.2379,2.0289,15.5886,19.5354,1.6651,0.8325,26027.2313,19459.4167,13314.7102,1069719.2064,799782.0264
301072.SZ,20251014,23.7,2.1863,4.3195,1.01,,,3.2874,3.3364,3.2335,0.2532,,10504.5985,6713.9923,3398.2923,248958.9845,159121.6175
301073.SZ,20251014,21.28,3.4492,8.4894,0.9,164.2053,234.1538,4.3512,6.1225,6.1598,0.7049,0.7049,19445.1046,17817.95,7239.4134,413791.8259,379165.976
301075.SZ,20251014,42.06,8.8593,25.8441,3.44,,,5.3054,13.9834,17.0958,0.2933,,8000.0,8000.0,2742.3729,336480.0,336480.0
301076.SZ,20251014,49.37,6.9248,7.9732,0.81,154.27,139.3774,7.4834,20.5832,19.6383,0.2337,0.3584,17488.12,10981.1552,9537.2868,863388.4844,542139.6322
301077.SZ,20251014,28.33,5.4468,9.0538,0.91,32.5367,29.7875,4.3122,6.0807,6.0724,2.1593,2.9887,17007.8941,9540.2629,5739.5179,481833.6399,270275.648
301078.SZ,20251014,10.8,2.4258,3.6392,1.19,75.1565,55.693,3.165,1.459,1.4004,0.568,0.6434,126135.9906,125420.5031,83602.6259,1362268.6985,1354541.4335
301079.SZ,20251014,28.47,14.6723,17.3593,2.36,484.8389,1001.1271,6.4948,8.8309,9.396,0.0356,0.0705,10893.2234,6952.5199,5876.3428,310130.0702,197938.2416
301080.SZ,20251014,54.86,2.5162,3.2805,1.18,74.3597,61.005,3.5214,14.2757,12.5625,1.1702,0.91,16784.8198,12666.8847,9715.6099,920815.2142,694905.2946
301081.SZ,20251014,10.22,1.5763,3.5739,0.68,55.0479,67.0323,2.1434,2.9593,2.714,2.6462,2.8312,22718.8711,21796.0741,9613.0321,232186.8626,222755.8773
301082.SZ,20251014,20.88,19.7595,38.5982,2.0,,,4.6633,2.4724,2.1191,0.6158,0.4789,22630.9174,20923.1511,10711.1406,472533.5553,436875.395
301083.SZ,20251014,17.68,9.3315,14.1047,1.06,95.2255,97.1668,3.8301,7.8597,8.2482,0.6787,0.6787,17786.6667,8560.9917,5663.8583,314468.2673,151358.3333
301085.SZ,20251014,53.16,2.5582,4.2018,0.9,167.7192,1103.6548,4.2376,3.346,3.7672,0.5242,0.2241,8677.5675,5891.1742,3586.7438,461299.4883,313174.8205
301086.SZ,20251014,73.42,5.0077,8.5049,0.54,60.2242,78.0264,3.4906,8.0697,7.7805,1.2258,1.0896,9000.0,4733.8313,2787.3,660780.0,347557.894
301087.SZ,20251014,39.96,1.3044,2.856,1.14,26.7763,28.3773,1.8106,2.7984,2.8587,4.3902,4.3844,20889.7,19424.702,8872.0525,834752.412,776211.0919
301088.SZ,20251014,13.89,0.8204,2.6732,1.1,29.6666,32.3238,1.2648,4.5941,4.9391,3.4355,3.4341,22790.0,18785.0,5765.0,316553.1,260923.65
301089.SZ,20251014,30.66,1.887,2.6384,0.71,,,2.5288,9.2006,10.0818,0.8154,,12654.45,9097.6313,6506.4993,387985.437,278933.3757
301090.SZ,20251014,7.48,0.4311,2.3515,1.33,,,1.7349,0.6158,0.6719,0.5214,,148635.8853,147940.9053,27121.9719,1111796.422,1106597.9716
301091.SZ,20251014,35.19,3.4517,9.2284,1.48,175.512,175.0938,8.0323,14.0981,14.6475,0.0521,0.1115,52728.0,52728.0,19721.822,1855498.32,1855498.32
301092.SZ,20251014,31.83,5.7797,9.5712,1.59,41.5771,41.2652,2.2378,7.4886,6.7799,0.8091,0.8113,13453.5284,6068.8584,3664.7684,428225.809,193171.7629
301093.SZ,20251014,37.26,2.6025,4.6022,0.85,123.4164,108.6142,2.7021,10.4332,10.0063,1.2686,0.4129,16420.1624,15693.3991,8874.6805,611815.251,584736.0505
301095.SZ,20251014,81.99,4.9703,8.9835,1.17,204.5766,175.7831,5.267,30.0275,26.4417,0.5359,0.3,20028.1088,17450.4335,9654.8744,1642104.6405,1430761.0427
301096.SZ,20251014,57.97,2.169,2.577,0.55,,,2.4519,7.896,10.3936,0.5124,,10922.8284,8278.7179,6967.9101,633196.3623,479917.2767
301097.SZ,20251014,42.55,2.2859,2.2859,0.81,,,2.1474,5.9868,5.6695,1.1667,1.1466,5894.7368,1834.7368,1834.7368,250821.0508,78068.0508
301098.SZ,20251014,9.0,2.7708,3.0245,0.85,70.5715,529.0234,1.2779,1.8273,1.986,0.9395,0.5556,18393.5223,14968.8973,13713.3973,165541.7007,134720.0757
301099.SZ,20251014,46.43,29.7832,39.64,2.09,54.9223,54.6619,5.1859,1.8864,1.3106,0.0814,0.4774,14666.5777,8978.0377,6745.5777,680969.2026,416850.2904
301100.SZ,20251014,20.37,2.0911,3.6595,0.67,,,2.0435,4.0595,3.7107,0.3682,,20000.0,8750.0,5000.0,407400.0,178237.5
301101.SZ,20251014,40.98,1.6292,4.0669,0.79,46.7117,45.0454,4.9607,10.7205,10.5271,0.7292,1.2154,20151.21,19091.685,7648.34,825796.5858,782377.2513
301102.SZ,20251014,10.93,0.5324,2.1298,0.65,58.6715,79.114,1.4526,6.6189,6.9104,0.9149,0.183,40600.0,40600.0,10150.0,443758.0,443758.0
301103.SZ,20251014,20.41,1.1015,2.2935,1.12,,,1.6979,2.9438,3.0116,2.9134,0.7223,15802.6471,15802.6471,7589.6915,322532.0273,322532.0273
301105.SZ,20251014,42.9,6.0508,6.0508,1.01,,,2.5519,10.6522,11.4655,0.0,,5000.0,1643.7497,1643.7497,214500.0,70516.8621
301106.SZ,20251014,29.1,1.2614,4.0406,0.98,30.9777,30.8586,2.3723,3.5841,3.3623,0.9818,1.3746,10162.1335,10162.1335,3172.5334,295718.0849,295718.0849
301107.SZ,20251014,30.31,4.4292,8.8977,1.48,58.6572,39.4995,3.3422,5.6563,4.5637,0.937,1.6359,10241.812,5957.665,2965.641,310429.3217,180576.8262
301108.SZ,20251014,35.18,4.8986,8.9277,1.48,203.4307,155.5304,2.1497,7.233,6.9165,0.7365,0.4873,11255.6252,6465.5698,3547.6273,395972.8945,227458.7456
301109.SZ,20251014,14.58,2.866,2.9847,1.04,21.4536,17.216,1.5361,4.7333,4.112,3.2074,4.4092,78910.0842,22298.9952,21412.0612,1150509.0276,325119.35
301110.SZ,20251014,78.15,7.0107,10.5175,0.82,79.8724,96.2367,5.057,6.2712,5.663,1.0602,0.5118,9253.5333,6536.6583,4357.2012,723163.6274,510839.8461
301111.SZ,20251014,16.08,1.8932,4.9802,1.12,618.0627,,3.4345,9.2335,9.1544,0.6219,0.3109,16000.0,16000.0,6082.258,257280.0,257280.0
301112.SZ,20251014,48.06,1.5877,4.8286,0.52,1070.4272,169.2631,4.342,7.9624,7.5391,0.2497,0.2081,11026.66,11026.66,3625.6909,529941.2796,529941.2796
301113.SZ,20251014,21.9,2.5193,5.7173,0.84,178.4196,209.5282,2.895,6.7378,6.0121,0.1054,2.4587,9100.0,5511.7466,2428.7446,199290.0,120707.2505
301115.SZ,20251014,16.15,1.6875,1.9448,1.13,181.1405,128.1523,1.1794,2.2087,2.1344,2.0993,2.094,18515.934,12187.8384,10575.1914,299032.3341,196833.5902
301116.SZ,20251014,10.77,0.7897,3.0903,1.44,48.2733,,3.0775,0.2321,0.2477,0.7312,1.3812,44897.9593,44897.7343,11472.797,483551.0217,483548.5984
301117.SZ,20251014,35.16,6.2089,8.2573,0.76,396.804,497.1589,3.44,13.4845,13.0683,0.0,0.0406,12916.862,7944.9887,5974.0975,454156.8679,279345.8027
301118.SZ,20251014,25.76,5.0817,11.4297,0.97,,,2.1108,2.2988,2.0251,0.0,0.4861,11019.64,10505.2463,4670.7213,283865.9264,270615.1447
301119.SZ,20251014,37.01,1.6672,4.948,0.71,42.3291,32.8306,3.8777,9.1157,8.8941,0.5404,2.756,10400.0,8411.0,2834.0,384904.0,311291.11
301120.SZ,20251014,18.1,32.0082,42.5616,1.94,,,4.4738,17.8322,16.652,0.3014,0.1644,37144.1055,21861.9763,16441.1687,672308.3096,395701.771
301121.SZ,20251014,46.65,8.3825,10.3213,0.66,57.4829,65.6541,2.7654,4.0265,3.8241,0.4559,0.3039,9882.6057,5059.1642,4108.8162,461023.5559,236010.0099
301122.SZ,20251014,25.06,7.6112,13.0119,1.56,57.6994,104.683,1.7118,7.8977,8.7069,1.5962,0.9976,12224.5658,7564.0658,4424.5658,306347.6189,189555.4889
301123.SZ,20251014,44.62,3.836,10.9093,0.98,,,3.6481,6.0939,5.4013,0.2212,,23360.0,23360.0,8214.0794,1042323.2,1042323.2
301125.SZ,20251014,19.62,8.6372,17.8097,1.24,267.5932,133.8443,4.617,4.5848,4.5548,0.1089,0.1525,14175.792,11735.592,5691.442,278129.039,230252.315
301126.SZ,20251014,11.18,1.8777,2.4817,0.78,86.4127,,1.3191,0.4388,0.4299,0.3597,0.7317,20540.32,13788.3269,10432.5125,229640.7776,154153.4947
301127.SZ,20251014,13.06,0.9683,1.793,0.97,26.4235,25.6062,2.6094,4.4353,4.3612,0.8014,0.7348,67422.8519,66526.1375,35928.4151,880542.4458,868831.3558
301128.SZ,20251014,89.98,9.0735,18.189,1.44,95.4163,88.6906,11.2298,8.2622,6.2664,0.5557,0.4763,10344.127,8823.1356,4401.3526,930764.5475,793905.7413
301129.SZ,20251014,27.05,6.2354,6.2354,0.82,47.9136,42.2756,2.1484,8.5905,8.2107,0.5451,0.9028,13591.74,3736.55,3736.55,367656.567,101073.6775
301130.SZ,20251014,29.7,1.9824,2.6088,1.14,56.4182,55.736,2.4943,8.8606,8.8833,0.881,0.8754,7649.4685,5841.3135,4438.6505,227189.2145,173487.011
301131.SZ,20251014,47.08,3.1521,3.7283,1.0,58.4791,49.3829,2.7076,1.316,1.3242,0.7857,1.2954,4779.4067,3080.121,2604.1663,225014.4674,145012.0967
301132.SZ,20251014,33.97,1.4639,4.5225,0.94,47.2355,38.4669,2.8339,3.9681,3.4693,1.1902,1.2334,14808.6249,14803.7216,4791.852,503048.9879,502882.4228
301133.SZ,20251014,27.0,3.0586,8.2213,0.75,33.6391,47.8707,2.8449,2.5381,2.5983,0.5555,0.5556,10662.3504,9634.1449,3584.2468,287883.4608,260121.9123
301135.SZ,20251014,27.14,3.5778,4.9368,1.08,72.3814,69.2518,2.2104,2.1918,2.0211,1.0724,1.0666,10195.2,7646.075,5541.25,276697.728,207514.4755
301136.SZ,20251014,11.18,1.0251,2.2531,0.94,,,2.1386,5.1196,5.3573,0.1789,,27520.482,27520.482,12520.482,307678.9888,307678.9888
301137.SZ,20251014,50.0,14.503,48.1893,1.08,224.5518,236.2271,6.7024,5.7796,5.4602,0.256,0.18,18181.34,18014.94,5421.7634,909067.0,900747.0
301138.SZ,20251014,34.49,1.7673,3.536,0.83,40.8739,39.6932,3.6302,6.4087,5.884,1.4497,0.2899,12000.0,6856.014,3426.69,413880.0,236463.9229
301139.SZ,20251014,21.13,9.288,10.4237,0.89,60.653,91.0857,1.3195,2.0033,2.4304,0.2698,0.1656,12158.08,7616.7148,6786.8475,256900.2304,160941.1837
301141.SZ,20251014,67.3,22.0599,22.0599,1.35,504.0462,262.1474,6.5941,15.277,12.9889,0.3184,0.1486,12403.2605,4451.2605,4451.2605,834739.4317,299569.8317
301148.SZ,20251014,32.67,11.0717,11.7116,0.75,75.8137,70.8037,2.1849,6.8473,7.3313,1.1931,1.1873,11649.708,3809.708,3601.548,380595.9604,124463.1604
301149.SZ,20251014,10.65,1.5845,2.0843,1.06,26.7213,29.1777,2.3361,0.8143,0.8063,2.0657,1.4085,43000.0018,26122.8714,19858.2523,457950.0192,278208.5804
301150.SZ,20251014,40.85,10.245,10.245,0.76,,,2.6962,1.9908,1.8144,0.1307,,23323.3467,11796.0764,11796.0764,952758.7127,481869.7209
301151.SZ,20251014,20.46,5.1778,5.1778,1.04,45.5774,42.3189,1.6933,3.7803,3.8984,2.9563,2.0199,16900.41,5573.6944,5573.6944,345782.3886,114037.7874
301152.SZ,20251014,29.5,7.5736,8.3374,0.51,,,2.5448,1.9974,1.9834,0.0,,11874.0007,7099.9382,6449.4475,350283.0207,209448.1769
301153.SZ,20251014,22.09,0.9783,2.4183,0.9,74.6346,339.2957,4.6062,9.4497,11.1165,2.4941,0.8081,35285.058,32923.0008,13318.8295,779446.9312,727269.0877
301155.SZ,20251014,91.9,3.6302,5.1555,0.94,302.1886,122.0902,3.5641,14.7494,6.6101,0.0,0.0979,21739.1478,12334.9196,8685.5186,1997827.6828,1133579.1112
301156.SZ,20251014,18.61,10.4783,15.9635,1.58,52.8412,49.3243,3.7146,5.3477,5.0543,2.3226,1.7195,14078.4675,7462.4767,4898.3076,262000.2802,138876.6914
301157.SZ,20251014,48.05,5.1358,5.1358,1.15,76.2147,89.2194,2.6526,10.3079,11.4115,0.3122,0.4162,6000.0,2066.0055,2066.0055,288300.0,99271.5643
301158.SZ,20251014,18.35,2.7565,5.0398,1.68,27.8173,25.2189,2.0571,4.1355,3.8041,2.2791,1.6643,15037.051,14652.0431,8013.8221,275929.8859,268864.9909
301159.SZ,20251014,34.59,4.8076,7.9762,1.74,,,4.4744,8.0304,7.9577,0.2891,,7735.0,5301.4975,3195.4763,267553.65,183378.7985
301160.SZ,20251014,56.94,3.9304,4.5756,1.04,31.8757,30.6634,3.9063,4.441,4.4845,1.1825,1.1722,11584.9275,7627.6387,6552.1577,659645.7719,434317.7476
301161.SZ,20251014,34.7,5.4371,12.2348,1.51,78.3127,67.1216,4.6341,5.8193,5.4112,0.1729,0.2421,12000.0,12000.0,5332.8,416400.0,416400.0
301162.SZ,20251014,56.33,1.9441,2.4391,0.88,79.8009,71.2231,4.9865,13.585,11.5534,0.598,1.0388,13258.3724,8522.5548,6793.1764,746844.1173,480075.5119
301163.SZ,20251014,27.96,2.7709,4.455,0.92,106.8849,81.873,2.0241,3.5008,2.8635,0.8941,0.4471,8160.0,5472.5639,3403.7521,228153.6,153012.8866
301165.SZ,20251014,83.27,7.1249,7.1249,0.79,115.3799,75.9234,14.0467,5.6619,4.9786,0.4804,0.5198,79545.4545,9545.4545,9545.4545,6623749.9962,794849.9962
301166.SZ,20251014,30.47,1.2284,1.6943,0.9,260.1952,,1.3018,2.3625,2.4678,1.5419,0.7468,8666.6668,5691.8668,4126.7868,264073.3374,173431.1814
301167.SZ,20251014,16.23,3.9415,3.9415,0.75,116.7706,90.8851,1.9368,5.1339,5.3335,1.3309,0.3697,11200.0,7111.7896,7111.7896,181776.0,115424.3452
301168.SZ,20251014,39.68,2.1605,4.1763,0.89,66.6937,121.2155,2.2177,3.0,3.0031,0.6298,0.3649,12000.0,9531.3336,4930.89,476160.0,378203.3172
301169.SZ,20251014,40.55,1.3866,3.5753,0.98,,,6.4407,8.5054,8.816,0.0,,7204.0536,7201.8036,2793.039,292124.3735,292033.136
301170.SZ,20251014,26.85,3.4086,3.4086,0.92,24.4724,24.3967,1.5445,2.5195,2.525,0.9311,1.1173,10000.0,3357.5425,3357.5425,268500.0,90150.0161
301171.SZ,20251014,30.26,8.7282,11.4663,0.67,61.595,58.6537,3.9567,5.6067,4.4654,0.446,0.4652,47188.5905,37338.7451,28422.402,1427926.7485,1129870.4267
301172.SZ,20251014,22.2,3.2493,4.2986,0.91,83.0508,81.7165,2.61,10.1048,9.036,0.9653,0.3218,17248.0,9876.608,7465.808,382905.6,219260.6976
301173.SZ,20251014,46.25,3.6932,3.6932,0.86,23.7844,27.0162,2.8754,1.6874,1.7775,,0.493,8783.4772,1775.8208,1775.8208,406235.8205,82131.712
301175.SZ,20251014,5.42,2.7408,2.7408,0.92,24.8759,22.5887,2.22,4.7977,4.695,1.845,2.4908,147188.0,62188.0,62188.0,797758.96,337058.96
301176.SZ,20251014,25.76,5.1434,6.1363,1.01,,,2.8627,3.0307,2.8978,0.0,,16906.6667,5635.5556,4723.7367,435515.7342,145171.9123
301177.SZ,20251014,32.88,0.5681,5.6802,1.13,248.183,136.7857,2.1192,8.8781,8.833,1.5197,1.5197,40027.455,40000.9325,4000.9325,1316102.7204,1315230.6606
301178.SZ,20251014,64.67,5.3086,6.3164,0.87,,,5.6449,19.3324,15.438,0.1532,,6685.28,4947.6342,4158.1856,432337.0576,319963.5037
301179.SZ,20251014,17.59,4.9739,9.7315,1.15,32.5661,47.5905,3.0037,5.2767,5.8549,2.5109,1.5364,40440.7569,23750.5449,12139.1409,711352.9139,417772.0848
301180.SZ,20251014,14.62,2.1898,5.0138,0.89,,,4.4708,5.3773,4.7123,0.171,,40001.0,16413.8002,7169.0002,584814.62,239969.7589
301181.SZ,20251014,34.94,7.748,17.9955,1.59,33.1979,33.3153,2.8774,7.8585,7.5596,1.8819,2.0034,11554.0973,9018.1223,3882.7973,403700.1597,315093.1932
301182.SZ,20251014,37.15,9.3331,19.1546,1.01,,,4.5825,5.9719,5.6778,0.0,,9582.17,9582.17,4668.92,355977.6155,355977.6155
301183.SZ,20251014,82.54,7.4256,9.3528,1.06,118.2957,80.4676,7.3314,11.0605,9.3154,0.0,0.1514,8000.0,5862.6976,4654.69,660320.0,483907.0599
301185.SZ,20251014,19.31,6.0816,9.1854,3.05,42.2609,41.4877,2.7899,13.9417,14.0457,1.0357,1.5536,15341.76,13987.0363,9260.6419,296249.3856,270089.671
301186.SZ,20251014,42.6,1.1608,3.4396,0.94,35.4437,32.1587,2.2382,4.7509,4.5622,1.1982,1.1668,8037.196,7547.1666,2547.1667,342384.5496,321509.2972
301187.SZ,20251014,25.91,5.3906,5.3906,1.23,26.0619,24.3357,4.3855,3.7446,3.4701,3.6408,1.8341,25493.3525,6630.6711,6630.6711,660532.7633,171800.6882
301188.SZ,20251014,16.79,1.2493,2.2413,0.82,60.7552,71.999,2.6633,3.7137,3.94,0.571,0.5674,23906.789,23906.789,13325.8335,401394.9873,401394.9873
301189.SZ,20251014,32.98,1.0647,2.9169,0.81,,,1.8101,6.9213,6.35,0.0,,11639.6465,11175.7873,4079.1675,383875.5416,368577.4652
301190.SZ,20251014,28.16,1.6171,3.3536,0.93,114.1379,129.7504,3.1471,11.9777,10.7577,0.5178,0.5096,21463.65,15935.4,7684.19,604416.384,448740.864
301191.SZ,20251014,99.97,10.1882,17.5337,1.09,58.9984,109.9153,4.2331,4.1294,4.3967,1.0003,0.9937,6934.2,4529.8244,2632.1234,693211.974,452846.5453
301192.SZ,20251014,33.28,3.008,5.227,0.59,79.4488,73.2971,5.582,7.8735,7.6295,0.601,0.7512,9990.0,4786.875,2754.75,332467.2,159307.2
301193.SZ,20251014,18.32,1.465,3.543,1.02,62.7304,,2.3198,1.5371,1.5009,1.0739,,19517.833,13789.453,5701.983,357566.7006,252622.779
301195.SZ,20251014,34.04,1.3579,2.8547,0.98,22.3429,23.8882,1.8959,3.981,4.1005,1.973,1.9095,13206.984,8771.2327,4172.2185,449565.7354,298572.7611
301196.SZ,20251014,85.4,2.91,4.2622,1.25,48.5646,41.9189,3.3108,5.8804,5.1136,1.6298,0.7026,12525.6497,12457.7272,8505.4272,1069690.4844,1063889.9029
301197.SZ,20251014,19.77,2.2187,2.6237,0.77,42.7533,53.1811,1.8121,6.0259,6.1531,0.4991,0.4893,12054.0,8229.3,6958.8,238307.58,162693.261
301198.SZ,20251014,11.29,2.3459,4.6879,0.88,,,2.0926,5.2083,4.6911,1.0629,,16900.0,15555.436,7784.14,190801.0,175620.8724
301199.SZ,20251014,25.0,5.4832,6.6588,1.28,54.1824,41.0856,2.4621,4.2776,4.4253,0.2,0.2857,18667.6,7170.1,5904.22,466690.0,179252.5
301200.SZ,20251014,88.05,0.964,6.5216,1.02,124.3977,88.944,6.9598,11.207,9.0051,0.0,0.4484,42550.9152,42138.6128,6228.6128,3746608.0834,3710304.857
301201.SZ,20251014,30.4,2.4695,3.5184,0.74,,,2.2127,14.1185,13.3779,0.6446,0.6441,15471.3824,10854.4304,7618.6927,470330.025,329974.6842
301202.SZ,20251014,41.96,5.6372,5.9135,0.9,62.7452,58.6932,4.6875,4.4401,4.2789,0.9533,0.715,13640.0,3718.0,3544.25,572334.4,156007.28
301203.SZ,20251014,34.02,1.7718,2.3395,0.59,20.6301,21.3614,1.878,8.6233,8.676,4.4092,4.4092,8000.0,4384.25,3320.3405,272160.0,149152.185
301205.SZ,20251014,91.27,11.3267,13.4069,1.14,127.3954,121.7872,7.7241,13.2896,12.3551,0.0548,0.2191,12974.4,6795.828,5741.378,1184173.488,620255.2216
301206.SZ,20251014,28.04,0.8975,1.2438,0.85,54.0556,51.3322,1.3178,7.9579,8.6743,1.4253,4.4218,20232.57,13028.3122,9400.643,567321.2628,365313.8741
301207.SZ,20251014,17.59,0.7139,3.0272,1.98,51.4418,52.5874,1.7863,9.374,9.1752,3.411,1.1256,60102.75,60064.815,14164.815,1057207.3725,1056540.0959
301208.SZ,20251014,40.5,4.2501,4.2501,1.01,55.9821,70.1192,3.185,4.3473,4.745,0.8025,0.4938,12000.006,5012.856,5012.856,486000.243,203020.668
301209.SZ,20251014,125.89,3.8758,6.1466,0.62,249.8519,225.833,18.8326,26.3734,25.854,0.1135,0.1589,11200.0,5439.5918,3430.0,1409968.0,684790.2117
301210.SZ,20251014,41.37,10.0595,10.0595,0.68,84.2806,97.3352,2.5974,3.4748,3.2086,0.7826,0.7826,11461.4334,4346.3918,4346.3918,474159.4998,179810.2288
301211.SZ,20251014,11.76,0.675,2.204,1.21,53.6441,118.0567,2.176,11.0145,11.1927,2.8149,1.4661,41760.0,41760.0,12789.0,491097.6,491097.6
301212.SZ,20251014,26.1,1.1686,4.0578,0.95,163.3245,149.6237,2.0826,4.4569,4.1795,0.7586,0.4598,10800.0,9375.0,2700.0,281880.0,244687.5
301213.SZ,20251014,52.8,3.2055,6.1586,1.04,,,5.379,27.7227,27.108,0.1894,,7999.9999,5171.1049,2691.5099,422399.9947,273034.3387
301215.SZ,20251014,6.33,2.0608,7.0675,0.82,50.2857,47.1325,2.9203,20.9452,18.9914,1.5938,1.2151,132390.0,132240.0,38560.0,838028.7,837079.2
301216.SZ,20251014,19.42,3.1945,5.5979,0.8,,,1.8741,0.646,0.6622,0.6879,0.688,57324.885,54138.2467,30894.3214,1113249.2667,1051364.7509
301217.SZ,20251014,28.14,2.3797,8.6142,0.73,,,4.3314,4.9436,4.1317,0.2132,,82901.5544,82901.5544,22901.5544,2332849.7408,2332849.7408
301218.SZ,20251014,20.26,3.8649,4.75,1.17,237.177,255.1718,2.4961,4.6119,3.9741,0.227,0.1234,11404.0,7006.8836,5701.2086,231045.04,141959.4617
301219.SZ,20251014,68.68,7.8363,20.1711,1.28,29.5393,27.8172,2.225,3.0938,2.9453,2.1474,0.7245,29471.7182,28895.7386,11225.7702,2024117.606,1984559.327
301220.SZ,20251014,41.14,2.4977,2.5309,1.02,83.288,35.5845,2.6663,5.8234,4.9206,0.3446,0.3446,11277.084,6557.3654,6471.2234,463939.2358,269770.0126
301221.SZ,20251014,55.32,10.1589,14.5983,2.74,171.7756,59.4853,2.5691,8.4361,7.6967,0.1808,0.3615,9262.23,6272.3179,4364.8925,512386.5636,346984.6262
301222.SZ,20251014,29.28,3.664,9.7524,0.81,22.6346,28.2604,2.1014,4.1808,4.4221,1.031,1.0246,10024.16,7982.165,2998.91,293507.4048,233717.7912
301223.SZ,20251014,17.82,1.0661,2.2685,0.98,23.9655,22.7322,1.178,1.2371,1.1373,1.6835,1.9518,19312.756,11201.506,5264.48,344153.3119,199610.8369
301225.SZ,20251014,81.55,7.6706,7.811,1.06,64.3338,60.4516,5.6583,9.7452,9.0055,0.4816,0.5057,10338.0,2988.2,2934.5,843063.9,243687.71
301226.SZ,20251014,31.71,2.3072,5.1145,0.95,117.7431,95.2205,3.7895,6.7736,6.5906,0.7253,0.3154,10880.0,10880.0,4907.9864,345004.8,345004.8
301227.SZ,20251014,44.58,5.6234,5.6434,1.05,,,2.5815,7.4935,7.3733,1.0821,,9523.05,3393.4925,3381.5,424537.569,151281.8957
301228.SZ,20251014,28.91,5.5405,12.1477,1.46,,,4.9476,7.847,8.4546,0.0,,12000.0,11975.4,5461.898,346920.0,346208.814
301229.SZ,20251014,21.83,7.8266,12.1001,1.0,65.6703,85.204,3.6517,3.6095,3.4649,0.284,0.574,16127.8438,10906.9637,7054.8912,352070.8302,238099.0176
301230.SZ,20251014,32.12,3.012,3.3278,0.91,262.4528,173.3225,4.4182,8.2346,7.1004,1.091,1.3191,13958.6605,7686.0305,6956.7105,448352.1753,246875.2997
301231.SZ,20251014,23.19,3.6186,3.6186,0.89,,,2.2533,7.3626,6.2906,0.2143,,8440.0,5389.925,5389.925,195723.6,124992.3608
301232.SZ,20251014,41.36,13.5566,15.022,1.79,,,2.2206,1.732,1.3412,0.3454,,7516.2347,4466.7265,4030.9725,310871.4672,184743.808
301233.SZ,20251014,55.96,3.6833,3.7227,0.84,33.1053,32.5096,3.0578,7.1215,6.6721,0.7787,0.909,5147.0,1991.5125,1970.4625,288026.12,111445.0395
301234.SZ,20251014,46.93,3.2664,11.1293,1.17,79.8413,111.1254,4.2401,6.6842,6.6178,0.8523,0.6392,6800.0,6800.0,1995.8,319124.0,319124.0
301235.SZ,20251014,33.36,6.4682,8.8568,1.43,53.812,37.3476,2.0249,2.1051,1.8077,0.2937,0.1439,10776.905,7273.7308,5312.105,359517.5508,242651.6595
301236.SZ,20251014,51.98,3.475,4.4835,1.08,274.6108,257.8436,4.8856,1.5817,1.4328,0.3463,0.1924,95294.1177,78313.7614,60697.8551,4953388.238,4070749.3176
301237.SZ,20251014,44.55,1.8473,4.7045,0.7,,,2.7064,7.0842,6.2777,0.2241,0.2193,8000.0,6586.25,2586.25,356400.0,293417.4375
301238.SZ,20251014,20.57,2.0445,6.4256,0.64,178.3038,257.9984,2.1026,7.1765,7.4508,0.9723,0.4861,73333.33,73333.33,23333.33,1508466.5981,1508466.5981
301239.SZ,20251014,36.32,0.724,1.5301,0.87,,,2.5608,2.029,1.9999,1.0958,,14961.9048,14961.9048,7078.9463,543416.3823,543416.3823
301246.SZ,20251014,16.57,29.6306,30.9024,4.09,128.7886,673.2455,1.5308,3.7432,3.7764,0.3002,0.1796,40000.68,16004.275,15345.61,662811.2676,265190.8368
301248.SZ,20251014,25.75,5.9329,6.0982,0.86,,,2.5979,6.1424,6.049,0.3846,0.0774,15370.5,10157.22,9881.7775,395790.375,261548.415
301251.SZ,20251014,51.75,7.434,7.434,1.12,124.7156,110.8346,4.521,6.8191,5.4169,0.2589,0.2589,13462.176,5392.624,5392.624,696667.608,279068.292
301252.SZ,20251014,27.03,6.3372,6.3372,0.87,35.855,38.1229,3.581,4.0109,3.8549,1.3197,0.6379,16820.0,4730.625,4730.625,454644.6,127868.7938
301255.SZ,20251014,30.82,7.6789,7.6789,1.02,90.3646,111.4522,4.5239,10.9681,11.1127,1.1588,0.4635,15232.0,3808.0,3808.0,469450.24,117362.56
301256.SZ,20251014,11.25,3.3479,12.9267,1.27,53.7325,60.4281,3.1999,4.4759,3.7059,2.2222,1.4222,48000.0,48000.0,12431.61,540000.0,540000.0
301257.SZ,20251014,42.08,2.3054,4.5704,0.77,31.2369,31.4636,2.7405,4.1364,4.1584,0.6641,0.2391,7900.477,7531.8909,3799.1761,332452.0722,316941.9691
301258.SZ,20251014,33.8,1.54,4.0502,1.11,188.8588,51.7857,1.6127,7.2146,7.0945,1.775,0.2666,9167.0,8906.5,3386.5,309844.6,301039.7
301259.SZ,20251014,36.23,3.3183,4.4063,0.89,,,6.8428,30.6124,21.9318,0.0,,15600.0,9887.1038,7445.9475,565188.0,358209.7707
301260.SZ,20251014,19.36,2.4946,4.4876,1.1,106.2688,93.9636,1.9719,1.7216,1.7263,0.0,,48245.7074,20443.577,11364.49,934036.8953,395787.6507
301261.SZ,20251014,80.82,9.6984,12.251,1.03,101.9546,104.7384,4.5598,6.879,6.7876,0.5568,0.6187,8789.0196,3748.3321,2967.318,710328.5641,302940.2003
301262.SZ,20251014,23.31,1.4281,3.9388,1.16,24.2847,23.6999,2.604,9.9323,10.164,1.2355,1.9305,41700.0,12207.5392,4426.0914,972027.0,284557.7388
301263.SZ,20251014,31.52,1.1358,1.4161,0.67,123.9298,225.1949,7.7107,18.6007,19.9376,0.9473,0.6316,42549.75,30358.6055,24351.2532,1341168.12,956903.2454
301265.SZ,20251014,11.96,5.7025,7.6198,1.06,76.6997,57.2812,1.7296,5.6515,4.5035,0.0,0.333,30297.3182,16844.8215,12606.4373,362355.9257,201464.0651
301266.SZ,20251014,35.93,4.7935,11.5226,1.76,102.2437,102.0694,2.2127,1.2052,1.2689,0.7113,0.2783,10987.8593,10424.0093,4336.5093,394793.7846,374534.6541
301267.SZ,20251014,19.37,1.478,2.8899,0.94,37.9591,36.5548,2.7828,4.0404,3.9536,0.5636,1.1256,84000.0,32882.8875,16817.8875,1627080.0,636941.5309
301268.SZ,20251014,22.38,2.5493,3.4094,0.9,,,5.2615,3.5019,3.0084,1.116,,40039.6854,18039.2304,13488.3174,896088.1593,403717.9764
301269.SZ,20251014,126.21,4.7176,13.3345,1.59,628.7947,921.8517,13.3438,56.3173,53.7767,0.1183,0.1183,54543.7608,54543.7608,19296.8172,6883968.0506,6883968.0506
301270.SZ,20251014,36.62,2.5361,3.2357,1.05,415.7382,267.3643,3.5763,19.2012,19.3261,0.9385,0.273,10000.0,9449.2844,7406.1625,366200.0,346032.7947
301272.SZ,20251014,47.82,3.744,5.0417,0.78,37.7208,52.79,2.7937,4.6882,4.8491,1.0667,1.2476,5850.23,3132.85,2326.46,279757.9986,149812.887
301273.SZ,20251014,26.53,3.8411,5.398,1.22,,,2.0349,6.7334,6.6416,0.7539,,7164.1792,3462.9292,2464.1792,190065.6742,91871.5117
301275.SZ,20251014,53.23,5.407,5.407,1.06,31.6577,40.7561,5.7626,5.0118,5.1762,,0.2856,42240.0,3379.2,3379.2,2248435.2,179874.816
301276.SZ,20251014,20.68,2.3355,2.3424,0.67,15.654,18.7545,1.2882,2.4383,2.4015,3.0625,2.9014,12960.0,4606.4106,4592.9106,268012.8,95260.5712
301277.SZ,20251014,13.14,3.5731,3.5731,1.18,29.6719,36.7566,3.4177,7.092,7.483,1.5531,2.1744,39207.84,10101.84,10101.84,515191.0176,132738.1776
301278.SZ,20251014,34.67,5.9908,6.3959,1.89,31.4114,73.5452,2.199,3.4428,3.7568,0.8037,1.4741,8970.8143,4498.2861,4213.4035,311018.1318,155955.5791
301279.SZ,20251014,22.52,4.664,4.664,1.14,68.4252,55.2914,2.2095,4.7052,4.4807,1.0247,0.8821,12973.8973,3711.3973,3711.3973,292172.1672,83580.6672
301280.SZ,20251014,49.26,5.3466,5.5949,1.22,36.2823,38.4157,3.7631,4.2035,3.9431,1.4331,1.74,13678.014,3792.264,3623.9765,673778.9696,186806.9246
301281.SZ,20251014,32.67,1.8772,3.0487,0.92,58.5262,52.7715,2.5612,7.6293,7.785,0.9183,0.6122,10829.0,6885.2,4239.55,353783.43,224939.484
301282.SZ,20251014,26.0,5.9164,5.9201,0.97,49.0035,42.2804,2.3085,2.4553,2.2046,0.7643,0.7608,15113.9968,7961.6218,7956.6427,392963.9168,207002.1668
301283.SZ,20251014,41.58,2.4933,3.0264,0.9,42.7828,32.8146,2.1209,1.6665,1.6248,1.5386,2.8492,8041.7822,4584.7203,3777.13,334377.3039,190632.6701
301285.SZ,20251014,46.54,8.4826,8.4847,1.67,,,9.3386,11.5838,10.9465,0.198,0.1073,20667.0,7849.9808,7847.9808,961842.18,365338.1064
301286.SZ,20251014,27.11,1.6573,6.1066,1.27,72.7159,56.4429,5.88,10.595,10.1016,0.1834,0.2925,40010.0,16127.9398,4377.008,1084671.1,437228.448
301287.SZ,20251014,38.39,3.3991,3.3991,0.94,31.5107,31.8205,2.2632,3.7266,4.0624,0.6512,1.7713,6667.0,1703.135,1703.135,255946.13,65383.3527
301288.SZ,20251014,17.13,2.2037,2.7787,1.17,,,2.3204,25.2859,29.9529,0.5747,,10801.0,4709.2924,3734.7956,185021.13,80670.1788
301289.SZ,20251014,54.37,4.1316,16.818,1.9,56.3353,52.8101,4.3985,14.3219,13.3583,0.7357,0.7541,7800.0,7755.21,1905.21,424086.0,421650.7677
301290.SZ,20251014,27.35,3.0427,3.2881,0.4,28.1216,34.2306,1.2351,6.2916,6.7614,2.1667,2.1611,10017.3334,6816.34,6307.76,273974.0685,186426.899
301291.SZ,20251014,45.95,8.4753,8.4753,1.1,21.6531,19.8532,3.023,2.2262,1.9266,1.3928,1.7193,31220.0,16163.6955,16163.6955,1434559.0,742721.8082
301292.SZ,20251014,26.27,37.2436,37.2436,1.21,,,2.0829,1.6193,1.4206,0.0,,22279.5778,8506.8647,8506.8647,585284.5088,223475.3357
301293.SZ,20251014,60.95,7.2408,8.9612,1.48,119.5358,116.143,5.3697,8.7834,8.0851,0.1199,0.2393,20598.6987,16094.5692,13004.7667,1255490.6858,980963.9927
301295.SZ,20251014,27.61,4.3335,4.3335,1.11,101.9526,113.3671,2.9262,4.3962,3.8917,1.2935,0.8693,10080.0,2940.0,2940.0,278308.8,81173.4
301296.SZ,20251014,9.12,1.3163,2.3534,0.77,20.8345,24.4135,1.4047,2.2449,1.7928,0.5811,0.6309,42000.0,28881.5453,16153.9528,383040.0,263399.6931
301297.SZ,20251014,41.5,8.7447,8.7447,1.37,283.2117,263.2389,3.6245,39.5086,34.885,0.0878,0.1317,74300.7998,14077.36,14077.36,3083483.1917,584210.44
301298.SZ,20251014,16.34,2.3312,2.8873,1.13,38.3494,33.8783,2.6005,3.8339,3.7704,1.8054,1.8054,14680.0,10820.4492,8736.2953,239871.2,176806.1399
301299.SZ,20251014,54.8,2.7155,2.8096,0.8,46.9278,49.9155,5.7274,11.2384,10.4146,3.808,3.0976,6038.056,3559.6148,3440.2987,330885.4688,195066.891
301300.SZ,20251014,38.85,2.5869,3.5042,0.85,52.2765,36.6449,3.1725,5.3483,5.2627,2.4778,2.7379,6488.8,3092.5542,2282.945,252089.88,120145.7307
301301.SZ,20251014,10.88,2.0527,2.0527,1.03,17.3269,22.2829,3.1233,4.2136,4.9401,2.0613,2.4784,223008.5,61778.2357,61778.2357,2426332.48,672147.2044
301302.SZ,20251014,22.81,1.8431,3.041,0.95,,,2.1866,14.2582,14.0429,0.0,,15586.5,13899.0,8424.0,355528.065,317036.19
301303.SZ,20251014,15.3,2.4575,2.4613,1.2,19.5044,18.4818,1.917,4.1664,3.7596,2.2876,2.9412,40880.0,10173.4815,10157.9753,625464.0,155654.267
301305.SZ,20251014,19.98,3.3829,3.3894,1.06,22.3609,19.8866,1.3129,2.691,2.7501,0.4993,1.001,24122.8204,12371.3454,12347.5454,481973.9516,247179.4811
301306.SZ,20251014,55.95,6.1225,9.0987,1.06,,,4.9212,12.1453,15.0133,0.0,,8440.0,5830.0,3923.0,472218.0,326188.5
301307.SZ,20251014,32.9,21.1995,23.8149,1.52,,,2.3322,1.8936,1.793,0.3647,,21060.0,10899.164,9702.194,692874.0,358582.4956
301308.SZ,20251014,168.0,9.2492,16.5784,1.03,141.2043,,10.4482,4.0322,3.7817,0.1477,0.1477,41914.5267,27439.7898,15308.8598,7041640.4856,4609884.6864
301309.SZ,20251014,29.71,3.4416,3.4416,1.17,19.7871,21.5484,1.8691,2.9821,3.0829,1.0098,1.0098,10000.0,2500.0,2500.0,297100.0,74275.0
301310.SZ,20251014,45.5,6.8775,8.0153,0.81,53.4441,57.8609,2.7459,2.3464,1.9274,1.4378,1.313,13655.444,5024.416,4311.1818,621322.702,228610.928
301311.SZ,20251014,20.29,14.1751,14.1751,3.75,760.692,521.8639,2.6959,2.4327,2.1971,0.276,0.2661,24000.0,8724.2367,8724.2367,486960.0,177014.7626
301312.SZ,20251014,48.03,3.9096,6.5498,0.95,97.8667,71.8008,4.8374,10.4981,9.2045,0.5395,0.599,12122.2703,6055.2763,3614.4312,582232.6425,290834.9207
301313.SZ,20251014,24.2,2.2017,2.4718,0.82,,,3.3642,6.8583,5.2506,0.6244,,10345.34,7548.7776,6723.8327,250357.228,182680.4179
301314.SZ,20251014,40.35,4.1123,4.1123,0.84,124.5578,176.8282,2.1406,13.1463,12.7789,0.8922,0.4957,5525.0,1625.0,1625.0,222933.75,65568.75
301315.SZ,20251014,48.0,3.1022,3.1022,0.98,81.6854,89.8955,4.1744,14.3839,16.5062,0.7292,0.8333,8800.0,3700.0,3700.0,422400.0,177600.0
301316.SZ,20251014,51.8,3.0791,3.3876,0.87,319.0725,463.7283,20.7518,12.0064,10.4614,0.1529,0.1544,40400.0,24282.6503,22071.3403,2092720.0,1257841.2855
301317.SZ,20251014,32.06,4.8241,4.8241,1.04,96.2543,12.5114,3.7352,5.4352,6.5872,0.9084,1.8169,15719.0,4480.0,4480.0,503951.14,143628.8
301318.SZ,20251014,29.78,1.8403,3.3496,0.97,32.3732,29.2944,2.1715,5.9987,5.2295,0.5138,1.2568,13513.0876,7606.3721,4179.0021,402419.7487,226517.7611
301319.SZ,20251014,43.77,5.0418,10.0566,0.8,60.8849,66.3028,4.7611,4.4887,4.0233,1.509,1.2503,12429.7674,9338.624,4681.8866,544050.9191,408751.5725
301320.SZ,20251014,17.62,4.1845,4.1974,1.12,68.4082,77.8039,3.0404,3.8725,3.562,0.5649,0.5592,18201.0,6820.6475,6799.6475,320701.62,120179.809
301321.SZ,20251014,16.07,3.1108,4.9021,0.99,,,3.1455,1.2767,1.0437,0.0,,18643.5,14756.6101,9364.3064,299601.045,237138.7243
301322.SZ,20251014,30.75,2.5306,3.5136,0.73,30.8224,42.9596,1.5594,5.2715,5.6265,2.3895,1.6127,14245.8008,9216.581,6637.97,438058.3746,283409.8658
301323.SZ,20251014,76.1,18.6406,38.6206,4.62,54.9735,57.5912,3.7691,9.008,8.6712,0.5201,0.6483,10492.289,6700.7163,3234.1663,798463.1929,509924.5104
301325.SZ,20251014,58.26,6.5209,6.5209,0.83,273.0747,,2.9457,4.9343,4.3914,1.0713,,14389.266,5789.47,5789.47,838318.6372,337294.5222
301326.SZ,20251014,129.1,16.1128,19.3797,1.49,,,7.4991,11.84,10.5802,0.153,,7270.9728,2730.6768,2270.3593,938682.5885,352530.3749
301327.SZ,20251014,68.74,3.0935,4.9011,0.92,50.0422,41.4356,1.938,3.3246,2.9234,0.2926,1.1892,17438.1356,7628.3356,4814.9189,1198697.4411,524371.7891
301328.SZ,20251014,43.65,4.2467,6.2849,1.05,56.1256,51.4378,2.5073,8.98,7.6025,1.1352,1.1455,10989.3594,5051.6792,3413.4216,479685.5378,220505.7971
301329.SZ,20251014,19.61,4.6121,4.6121,1.31,47.8441,50.8189,2.1753,4.2416,4.0091,1.9378,1.9123,17020.0,5994.4,5994.4,333762.2,117550.184
301330.SZ,20251014,30.6,3.8042,4.732,0.87,39.344,36.4381,2.1437,3.6168,3.5699,1.2025,1.3552,23535.155,11391.4871,9157.8539,720175.743,348579.5053
301331.SZ,20251014,30.21,0.9185,2.9856,0.88,82.8951,53.6783,2.8705,3.8274,3.5597,1.7562,0.5853,10289.1887,10269.5817,3159.4649,310836.3906,310244.0632
301332.SZ,20251014,9.69,2.0539,2.8986,1.12,31.4137,31.2532,1.5467,1.2666,1.2438,1.032,1.5372,46156.25,26489.75,18769.75,447254.0625,256685.6775
301333.SZ,20251014,51.13,2.2913,3.4785,0.68,35.2172,34.5748,2.6159,6.6373,6.6313,0.3888,0.3098,9658.1256,5717.0234,3765.8234,493819.9619,292311.4064
301335.SZ,20251014,30.13,5.4278,5.4278,0.95,83.1928,73.193,2.0007,1.3835,1.2977,1.4591,0.6385,12690.28,5061.3904,5061.3904,382358.1364,152499.6928
301336.SZ,20251014,49.72,2.1209,2.6952,0.81,68.6585,62.7425,2.4181,5.7261,5.416,0.2953,0.4509,4000.0,3043.0297,2394.6689,198880.0,151299.4367
301337.SZ,20251014,27.19,2.7603,2.7603,0.84,,,2.5814,13.0017,12.304,0.7356,0.3678,10420.0,3698.5775,3698.5775,283319.8,100564.3222
301338.SZ,20251014,61.27,4.2342,7.122,0.85,92.4487,59.1779,4.3117,7.6105,6.8563,0.2611,0.3264,10640.0,5915.0,3516.57,651912.8,362412.05
301339.SZ,20251014,15.05,2.9815,2.9815,1.12,41.6512,41.5132,3.2235,9.7531,9.1301,1.398,1.5187,58033.332,16806.0869,16806.0869,873401.6466,252931.6078
301345.SZ,20251014,223.25,7.5625,7.5625,1.27,56.4509,41.1594,7.7192,8.1788,7.3792,0.6709,1.5643,10904.9071,2905.7946,2905.7946,2434520.5101,648718.6445
301348.SZ,20251014,22.45,7.4302,8.2979,0.7,356.5434,450.8877,3.5832,7.5562,7.3933,1.0393,0.2227,24000.0,15513.917,13891.5725,538800.0,348287.4367
301349.SZ,20251014,37.59,5.0926,6.9211,0.62,,,1.4202,4.733,3.9975,0.7904,,10200.0,4890.7349,3598.6438,383418.0,183842.7249
301353.SZ,20251014,26.64,4.2998,4.2998,0.74,41.5169,38.079,2.0544,2.9995,2.8391,0.8525,1.4134,9818.1249,3188.1249,3188.1249,261554.8473,84931.6473
301355.SZ,20251014,11.56,2.4129,2.4129,0.86,60.4892,128.3028,1.5005,1.6106,1.4189,0.8651,0.8572,19509.7928,10020.5428,10020.5428,225533.2048,115837.4748
301356.SZ,20251014,22.68,7.4447,7.541,0.71,,108.5653,1.642,5.495,3.5659,0.0,,21600.0,5481.0,5410.992,489888.0,124309.08
301357.SZ,20251014,157.9,58.4268,58.4268,1.59,,,13.3589,139.5229,113.8743,0.0226,,9520.0,2380.0,2380.0,1503208.0,375802.0
301358.SZ,20251014,56.31,7.9931,7.9931,0.78,72.177,84.0799,3.6001,1.8957,1.6367,0.7389,0.2775,76080.2721,38611.8204,38611.8204,4284080.122,2174231.6067
301359.SZ,20251014,19.96,5.4504,5.4691,1.08,52.3174,53.2544,2.8707,7.551,7.4163,1.7893,1.7893,12017.6,3586.3867,3574.1367,239871.296,71584.2785
301360.SZ,20251014,75.3,18.0091,20.6003,1.11,89.4577,155.6009,3.5093,10.8334,11.2531,0.3984,0.4648,5334.0,2546.0,2225.7543,401650.2,191713.8
301361.SZ,20251014,31.57,5.5034,5.5034,1.1,46.0707,39.859,3.1099,15.3822,13.3987,0.3801,0.4371,11633.6,2908.4,2908.4,367272.752,91818.188
301362.SZ,20251014,43.24,3.8986,3.8986,0.92,19.6276,21.5208,1.8421,2.7581,2.7565,4.4172,4.3204,10467.0,2967.0,2967.0,452593.08,128293.08
301363.SZ,20251014,22.53,4.7388,4.7388,1.0,35.2323,41.4909,3.5652,8.0395,7.9087,0.5057,0.3164,56887.118,15620.3008,15620.3008,1281666.7685,351925.377
301365.SZ,20251014,19.75,10.6806,10.6806,1.87,105.495,69.8649,2.0262,6.7091,6.1659,0.8608,2.6177,18000.0,4635.0,4635.0,355500.0,91541.25
301366.SZ,20251014,37.38,5.98,7.1013,0.65,88.4223,208.4761,3.6893,8.8238,8.0179,0.7631,0.7601,20953.6201,7628.9387,6424.3199,783246.3193,285169.7286
301367.SZ,20251014,81.68,1.7666,2.3608,1.05,47.1002,37.6561,2.501,8.6766,7.281,0.8745,0.4857,8960.0,5652.4785,4229.6184,731852.8,461694.4439
301368.SZ,20251014,63.7,5.615,5.615,0.86,455.5054,789.7526,7.866,15.1586,15.1401,0.1334,0.1052,12010.0,6412.144,6412.144,765037.0,408453.5728
301369.SZ,20251014,86.0,5.3038,7.6797,0.75,298.9353,204.8299,4.058,19.5002,18.3566,0.2069,0.2992,7057.5398,3636.3398,2511.3398,606948.4228,312725.2228
301370.SZ,20251014,10.71,1.5357,2.9686,1.24,38.5734,42.0572,2.0233,0.6861,0.6842,1.0933,0.7783,47060.0,32374.8561,16747.7693,504012.6,346734.7088
301371.SZ,20251014,24.41,1.6423,1.6423,0.92,19.2031,23.0675,2.3117,6.2944,6.543,3.1513,4.7269,52010.4,7752.94,7752.94,1269573.864,189249.2654
301372.SZ,20251014,26.58,4.0785,4.5861,1.03,,,2.3191,9.5284,8.2664,0.8992,,6857.143,4117.0445,3661.3993,182262.8609,109431.0428
301373.SZ,20251014,32.0,3.1805,3.2584,1.06,25.7337,24.9904,2.1546,7.248,7.0676,0.9375,1.5625,10847.2091,3847.2723,3755.2631,347110.6912,123112.7136
301376.SZ,20251014,18.8,1.5403,2.059,1.03,22.6784,21.4613,2.2558,0.9312,0.8956,3.1844,1.5905,40238.8475,19356.2374,14479.8909,756490.333,363897.2631
301377.SZ,20251014,65.0,7.0956,8.3329,0.9,117.4681,89.5005,10.5287,16.871,15.0452,0.3077,0.4308,41000.0,7102.4,6047.7993,2665000.0,461656.0
301378.SZ,20251014,29.23,3.792,4.8664,0.65,,,2.1525,6.4383,6.8585,1.2218,,9660.0,4591.4531,3577.707,282361.8,134208.1741
301379.SZ,20251014,30.36,13.5285,13.5285,0.64,40.022,37.5185,4.3727,4.0754,3.5984,0.6735,0.9254,19824.3944,12733.3594,12733.3594,601868.614,386584.7914
301380.SZ,20251014,35.99,4.4824,4.4824,1.1,54.9854,51.4206,4.9853,3.6985,3.2986,1.0923,0.6707,10139.2433,4382.7659,4382.7659,364911.3664,157735.7447
301381.SZ,20251014,22.37,2.9983,5.5137,0.9,42.155,61.1042,3.4595,0.8783,0.7887,2.4382,1.1176,40345.82,19530.62,10620.42,902535.9934,436899.9694
301382.SZ,20251014,33.3,5.1198,6.2347,0.7,71.1013,68.9869,5.2889,6.1809,5.3213,0.2849,0.2295,28559.3903,17691.2778,14527.6025,951027.697,589119.5507
301383.SZ,20251014,35.28,3.1777,4.9078,0.63,27.2032,47.2162,2.8531,2.5862,2.6582,0.7269,1.131,16327.32,7061.4145,4572.1595,576027.8496,249126.7036
301386.SZ,20251014,24.24,7.7521,7.7521,1.52,37.6638,36.1431,2.3244,6.7122,6.3278,3.3003,2.0627,14000.0,4292.1004,4292.1004,339360.0,104040.5137
301387.SZ,20251014,39.0,4.2674,5.7599,1.01,203.4744,93.3903,2.5333,3.405,2.838,0.9136,0.3837,10674.7204,4268.4324,3162.377,416314.0956,166468.8636
301388.SZ,20251014,34.66,42.2365,52.2297,4.1,231.8551,197.2309,3.6711,7.5792,7.2853,1.0098,0.2885,10244.76,2735.6588,2212.2435,355083.3816,94817.934
301389.SZ,20251014,52.35,11.3716,11.3716,1.13,180.4806,138.9928,6.8656,51.5424,47.4835,0.5704,0.7607,28350.0,8207.7047,8207.7047,1484122.5,429673.341
301390.SZ,20251014,34.4,2.4227,2.7368,1.01,58.0791,60.0712,2.1582,3.0672,2.9935,1.1628,0.2885,6000.0,3067.592,2715.592,206400.0,105525.1648
301391.SZ,20251014,81.99,7.6451,11.8349,1.15,402.6574,533.0466,3.7675,12.1177,11.9142,0.6936,0.1419,9501.4811,4931.6694,3185.7573,779026.4354,404347.5741
301392.SZ,20251014,151.8,8.426,8.948,0.79,222.9371,293.894,20.2359,29.1754,30.8525,0.1647,0.1976,10000.0,4079.5911,3841.5911,1518000.0,619281.929
301393.SZ,20251014,50.13,3.0149,3.0149,1.12,40.3873,37.5639,2.3348,11.9813,10.8909,0.7424,0.7706,10800.0,4210.4775,4210.4775,541404.0,211071.2371
301395.SZ,20251014,10.92,1.6949,1.6949,1.12,49.8072,48.9183,1.7224,1.2003,1.1603,5.4647,0.7535,24285.0438,13743.0438,13743.0438,265192.6783,150074.0383
301396.SZ,20251014,68.82,10.8342,11.1374,0.89,,,8.4556,16.0618,6.3357,0.1557,0.0519,15351.7547,7608.1074,7400.9926,1056507.7585,523589.9513
301397.SZ,20251014,37.19,9.9911,9.9911,0.9,47.2477,48.4893,3.0065,4.6618,4.1921,1.7189,1.6454,15566.2898,7073.7798,7073.7798,578910.3177,263073.8708
301398.SZ,20251014,47.78,6.8472,6.8472,0.81,66.6163,71.626,4.8299,13.0967,13.0914,0.5232,0.5606,11200.0,3346.0,3346.0,535136.0,159871.88
301399.SZ,20251014,18.97,3.5163,4.157,0.87,59.0556,73.7196,2.6882,6.6838,6.9768,1.2536,1.0907,18502.0,5468.3586,4625.5,350982.94,103734.7626
301408.SZ,20251014,12.6,2.5132,2.9271,0.96,36.6023,29.9166,2.4654,1.1122,1.0353,0.7937,0.7937,40001.0,14917.1303,12807.5732,504012.6,187955.8418
301413.SZ,20251014,141.0,9.7226,10.7663,1.24,167.8979,154.9533,11.3719,14.7577,12.8227,0.1637,0.2128,9840.1985,5751.9866,5194.423,1387467.9885,811030.1106
301418.SZ,20251014,36.22,3.6328,3.6328,1.21,71.695,150.9645,1.6509,8.0428,9.0083,0.9355,,7333.3334,2943.6334,2943.6334,265613.3357,106618.4017
301419.SZ,20251014,32.45,6.5695,6.8606,0.92,85.0568,62.5123,4.1823,11.0877,9.7647,1.284,1.284,12000.0,4242.0,4062.0,389400.0,137652.9
301421.SZ,20251014,120.95,38.8115,38.8115,1.02,378.6891,624.8695,11.8581,33.6543,31.1294,0.3059,0.124,11571.8,4630.8485,4630.8485,1399609.21,560101.1261
301428.SZ,20251014,35.15,3.8966,3.8966,0.61,56.02,60.9351,2.7487,2.868,3.0479,1.1338,0.5637,9866.6667,6119.6667,6119.6667,346813.3345,215106.2845
301429.SZ,20251014,18.85,2.8675,3.5903,1.18,35.2136,40.1522,1.6551,2.4926,2.271,1.3475,1.8052,11822.0,4404.1133,3517.5133,222844.7,83017.5357
301439.SZ,20251014,14.89,2.4831,3.9879,0.81,29.4845,30.8535,1.9893,1.7049,1.5416,2.6864,2.0148,38910.1809,18324.6924,11410.1809,579372.5936,272854.6698
301446.SZ,20251014,29.34,9.2003,9.2003,0.64,42.1478,36.9695,2.6296,6.5125,6.0835,0.8652,0.6817,10400.0,3177.2,3177.2,305136.0,93219.048
301448.SZ,20251014,52.09,3.6333,5.4001,0.94,76.9644,273.8917,8.0698,6.4721,6.9529,0.5996,0.6335,10400.0,4784.0,3218.78,541736.0,249198.56
301456.SZ,20251014,29.92,7.9554,9.8595,0.66,71.9452,67.7539,2.0751,9.3483,7.9432,1.1058,1.1141,15044.7805,6050.0068,4881.6457,450139.8326,181016.2035
301458.SZ,20251014,34.65,6.6834,6.6834,0.93,87.5396,77.7449,5.7506,14.0106,13.0048,,0.5714,26666.67,6455.1316,6455.1316,924000.1155,223670.3099
301459.SZ,20251014,41.21,5.2824,5.2824,0.99,26.5325,30.6213,3.5121,4.5235,4.5544,0.7458,0.9322,10412.182,2609.8991,2609.8991,429086.0202,107553.9419
301468.SZ,20251014,27.32,6.5858,8.1087,2.59,51.9476,85.9325,1.5815,7.8344,7.9861,1.8302,0.9381,13200.0,7688.8729,6244.8586,360624.0,210060.0076
301469.SZ,20251014,27.32,1.3906,2.8102,0.74,35.7083,38.5053,1.7945,2.4261,2.3953,2.0375,1.266,8948.0,4605.8685,2279.2358,244459.36,125832.3274
301479.SZ,20251014,90.13,4.2836,4.2836,0.95,48.5298,46.5574,6.886,7.3443,5.972,,1.1888,8896.5333,2100.1716,2100.1716,801844.5463,189288.4663
301486.SZ,20251014,80.97,4.4192,5.7337,0.94,154.87,49.8526,3.9797,10.6956,9.9082,0.4914,0.4891,12868.0995,7245.3755,5584.3055,1041930.0165,586658.0542
301487.SZ,20251014,25.33,6.9249,8.2229,0.75,,,6.1804,6.4898,5.8634,0.0987,,45961.6438,27279.4004,22973.2175,1164208.4375,690987.2121
301488.SZ,20251014,149.0,12.7338,12.9856,0.71,135.8413,136.0027,10.393,9.7293,8.4461,0.3356,0.3356,9200.0,2341.2188,2295.8288,1370800.0,348841.6012
301489.SZ,20251014,224.99,16.1406,16.5511,1.65,346.3634,302.5169,17.3158,27.6905,22.009,0.0806,0.0794,8075.3867,4760.0652,4641.9941,1816881.2536,1070967.0693
301491.SZ,20251014,64.37,10.0766,10.0766,1.24,32.7364,35.1868,4.0972,5.7108,5.5863,,,12900.0,2706.6519,2706.6519,830373.0,174227.1828
301498.SZ,20251014,91.5,1.4956,2.9962,1.4,58.5926,52.7231,8.4271,6.9789,6.0613,0.459,0.8197,40004.45,17902.1919,8936.3045,3660407.175,1638050.5589
301499.SZ,20251014,25.35,5.088,5.088,1.0,77.3622,74.2191,2.7642,4.1567,3.9243,0.6627,0.4813,13825.4866,3456.3717,3456.3717,350476.0853,87619.0226
301500.SZ,20251014,17.95,12.3855,12.3855,0.95,78.7036,49.533,2.178,0.8039,0.7444,0.0,0.5173,56294.1089,14036.8948,14036.8948,1010479.2548,251962.2617
301501.SZ,20251014,49.09,6.8914,6.8914,1.37,33.0185,30.1862,3.6234,4.5545,4.192,,0.7024,14790.0,3697.5,3697.5,726041.1,181510.275
301502.SZ,20251014,47.22,2.5116,3.679,0.73,80.1071,89.4481,3.2741,5.576,6.1175,1.1118,0.7412,5708.35,2358.7,1610.2175,269548.287,111377.814
301503.SZ,20251014,37.95,2.6524,3.3631,0.93,26.2972,24.5404,2.9172,2.2925,2.0877,1.4756,2.5033,8000.0,3248.0,2561.6,303600.0,123261.6
301505.SZ,20251014,23.14,5.5503,5.5503,0.93,91.0986,136.3657,2.7679,8.6003,9.5021,1.4627,0.8643,11439.9991,7492.1828,7492.1828,264721.5792,173369.11
301507.SZ,20251014,13.74,2.2513,2.2513,1.02,53.3468,50.5215,3.1046,7.6398,6.9362,0.7278,0.7256,35655.433,10920.3858,10920.3858,489905.6494,150046.1009
301508.SZ,20251014,31.61,3.1419,3.1419,1.17,53.9646,52.0254,3.6404,8.5991,8.5418,1.2939,0.6675,22608.52,5883.64,5883.64,714655.3172,185981.8604
301509.SZ,20251014,35.71,3.0106,3.0106,0.86,111.4019,54.947,1.9785,8.654,7.3723,1.6002,1.1201,12044.6669,5674.0928,5674.0928,430115.055,202621.8539
301510.SZ,20251014,32.35,3.6063,4.9237,1.04,257.5837,236.8161,9.294,30.9753,28.6346,0.1159,0.1206,40001.0,27915.926,20446.74,1294032.35,903080.2061
301511.SZ,20251014,30.89,5.4835,6.8607,0.75,,,4.8278,2.4945,1.9612,0.1272,,63032.2,37454.5551,29936.1791,1947064.658,1156971.207
301512.SZ,20251014,44.61,4.9332,7.0256,0.71,52.2851,63.5263,2.3607,4.1284,4.1115,1.6812,0.8406,5333.34,2481.34,1742.34,237920.2974,110692.5774
301515.SZ,20251014,21.35,1.4497,1.7731,0.81,148.0391,,1.7711,2.8313,3.6661,1.7551,1.0957,10000.0,6304.155,5154.155,213500.0,134593.7093
301516.SZ,20251014,16.86,4.7968,4.7968,1.06,,,3.6056,5.6989,5.915,1.0913,,28070.1755,7017.5439,7017.5439,473263.1589,118315.7902
301517.SZ,20251014,43.08,6.4405,6.4405,1.22,139.6931,810.0848,4.8635,10.3452,11.7437,0.2172,0.126,15123.738,5946.738,5946.738,651530.633,256185.473
301518.SZ,20251014,36.34,19.5626,19.8751,0.79,87.5946,68.8335,3.5455,1.6703,1.807,1.3759,0.4561,14017.8204,5345.5228,5261.4877,509407.5933,194256.2986
301519.SZ,20251014,13.88,2.3237,2.749,0.86,166.929,,1.6056,3.4914,3.3901,1.4409,0.6984,16416.0,7800.125,6593.2286,227854.08,108265.735
301520.SZ,20251014,40.68,1.8196,1.8196,0.83,31.7079,47.3223,1.8019,7.154,8.0067,1.2291,0.8581,6666.6667,2242.2992,2242.2992,271200.0014,91216.7315
301522.SZ,20251014,32.78,3.5111,3.5111,1.16,75.4432,93.8859,6.5009,4.8594,5.0278,,0.3569,37186.6667,7437.3334,7437.3334,1218978.9344,243795.7889
301525.SZ,20251014,92.39,5.2012,5.8332,0.65,51.7871,48.8652,2.6976,6.7174,6.5093,0.7035,0.7035,9431.1768,4940.1197,4404.8399,871346.4246,456417.6591
301526.SZ,20251014,6.03,3.6957,5.1063,1.09,,,2.7716,3.0887,2.8293,0.4975,,377087.8048,140439.2923,101644.463,2273839.4629,846848.9326
301528.SZ,20251014,60.7,4.1355,6.2791,1.64,72.8117,70.0139,2.4858,23.1933,19.6949,0.2076,0.2669,6190.0,3184.9957,2097.6928,375733.0,193329.239
301529.SZ,20251014,67.68,4.9595,5.8781,0.87,58.7987,50.1285,4.3958,4.3106,3.7131,0.4433,0.4358,8483.721,4523.851,3816.901,574178.2373,306174.2357
301533.SZ,20251014,41.32,14.9281,15.1667,1.59,51.0743,66.4055,3.6425,4.3923,4.6789,0.9665,0.9564,9830.67,2843.67,2798.92,406203.2844,117500.4444
301535.SZ,20251014,19.42,5.3533,5.3533,0.89,76.9473,66.578,7.3009,12.1156,11.1853,,0.6076,42529.4118,6379.4118,6379.4118,825921.1772,123888.1772
301536.SZ,20251014,60.08,3.6161,3.8736,0.83,98.8709,102.7528,8.3387,10.7654,9.8439,0.1662,0.3324,42171.5232,18724.3602,17479.5644,2533665.1139,1124959.5608
301538.SZ,20251014,83.33,6.2757,8.506,0.88,37.1248,34.3489,4.912,7.557,6.669,0.6,0.5143,7840.0,3121.9671,2303.397,653307.2,260153.5184
301539.SZ,20251014,18.45,2.5442,4.4733,0.89,54.4704,45.1897,3.4188,2.6551,2.577,1.084,0.542,14800.0,7506.1799,4269.23,273060.0,138489.0192
301548.SZ,20251014,50.33,7.0535,7.7003,1.37,37.9314,36.8945,2.9707,8.4608,8.1097,1.3703,1.4087,8700.0,2623.4982,2403.155,437871.0,132040.6644
301550.SZ,20251014,111.2,4.4257,6.3253,0.98,93.3323,91.089,9.8905,22.9055,22.011,0.3101,0.3101,15950.0,9745.6675,6818.9285,1773640.0,1083718.226
301551.SZ,20251014,35.24,4.16,5.7254,0.77,53.9093,49.9213,5.6662,22.9848,23.1504,0.2667,1.118,40001.0,15455.372,11229.692,1409635.24,544647.3093
301552.SZ,20251014,38.35,4.592,4.592,0.92,24.3022,23.6948,3.2843,5.9683,5.6441,0.0,3.1663,9520.0,2380.0,2380.0,365092.0,91273.0
301555.SZ,20251014,29.82,4.2106,5.157,0.85,342.8949,60.2191,2.507,1.9375,1.4308,0.7378,,9226.67,4834.725,3947.415,275139.2994,144171.4995
301556.SZ,20251014,96.73,7.0657,7.0657,1.16,66.8146,64.1612,8.7035,16.873,15.682,,0.6063,8528.0,1935.4483,1935.4483,824913.44,187215.9141
301557.SZ,20251014,88.75,22.2274,22.2274,2.03,37.3684,41.7446,3.9843,3.7444,3.571,,1.2394,4430.7871,1108.0,1108.0,393232.3551,98335.0
301558.SZ,20251014,8.5,3.9285,3.9285,0.92,466.6521,,4.9826,3.8289,3.7724,1.6471,,78885.1223,21928.1777,21928.1777,670523.5396,186389.5105
301559.SZ,20251014,17.05,4.534,4.534,1.39,33.6657,40.6954,2.2664,3.0546,3.2242,2.6393,2.5806,60000.0,9000.0,9000.0,1023000.0,153450.0
301560.SZ,20251014,35.22,3.5611,3.5611,0.74,44.8989,46.2719,4.4742,4.3778,4.1327,,,12160.0,2309.96,2309.96,428275.2,81356.7912
301563.SZ,20251014,137.5,46.965,46.965,,101.4295,86.2092,7.6348,3.474,3.2033,,,6511.6099,1395.171,1395.171,895346.3613,191836.0125
301565.SZ,20251014,23.72,3.32,4.9994,0.73,83.8548,173.6828,3.974,3.8363,4.1356,0.0,,40001.0,12801.0,8501.02,948823.72,303639.72
301566.SZ,20251014,16.76,4.4599,5.525,1.18,58.9269,46.2709,4.7831,20.734,19.1007,0.358,0.537,40001.0,20750.0808,16749.9788,670416.76,347771.3542
301567.SZ,20251014,38.78,7.2342,7.2342,1.33,73.6748,90.6044,3.7696,6.9455,7.2114,0.722,0.4642,7200.0,2123.985,2123.985,279216.0,82368.1383
301568.SZ,20251014,44.44,5.3534,5.3534,0.84,59.3543,51.3827,4.7039,13.1607,11.3898,1.5302,1.2519,10325.84,4764.402,4764.402,458880.3296,211730.0249
301571.SZ,20251014,44.03,2.3931,2.7545,1.04,45.7517,43.256,4.1501,8.2238,7.979,,0.2203,17942.5908,11916.699,10353.1499,790012.2729,524692.257
301575.SZ,20251014,56.86,21.3556,21.3556,1.66,41.7812,36.881,3.6878,4.6941,4.5411,,,8667.0,1653.1073,1653.1073,492805.62,93995.6811
301577.SZ,20251014,58.67,8.8912,8.8912,1.81,81.8755,84.1409,3.368,6.2568,6.17,1.3403,0.5026,4502.95,1884.1155,1884.1155,264188.0765,110541.0564
301578.SZ,20251014,34.97,6.3971,6.3971,0.73,60.3542,60.2839,3.0679,3.2624,3.2056,1.0528,1.0949,8148.5391,2316.99,2316.99,284954.4123,81025.1403
301580.SZ,20251014,43.43,1.3887,1.7109,0.87,30.7532,27.9229,2.2745,5.2109,4.8233,0.0,1.069,10656.4537,7201.6992,5845.3559,462809.7842,312769.7963
301581.SZ,20251014,52.3,5.3,5.3,0.99,37.3844,46.942,4.2167,5.774,5.0984,,1.3384,8000.0,2000.0,2000.0,418400.0,104600.0
301584.SZ,20251014,26.94,20.1246,20.1246,0.48,49.7106,42.1803,5.72,0.6332,0.5976,,,42128.8509,5042.3853,5042.3853,1134951.2432,135841.86
301585.SZ,20251014,32.14,3.5396,3.5396,1.09,33.2565,45.9007,3.5319,6.9861,7.3698,,0.9574,10400.0,2600.0,2600.0,334256.0,83564.0
301586.SZ,20251014,51.67,3.1919,4.9005,0.8,42.7004,55.9783,3.3706,6.8397,5.4349,,0.929,8297.5503,5291.1069,3446.3377,428734.424,273391.4935
301587.SZ,20251014,23.27,3.6657,4.0369,0.47,45.6635,73.4516,1.7215,5.3862,5.4775,0.0,1.5041,14732.804,7345.304,6670.054,342832.3491,170925.2241
301588.SZ,20251014,19.65,2.014,2.5036,0.74,39.9072,49.3257,2.514,2.8041,2.7699,0.9669,0.7125,11886.7754,7335.9183,5901.387,233575.1366,144150.7946
301589.SZ,20251014,163.12,3.223,3.4544,1.45,25.4257,26.7932,4.1218,4.5982,4.6407,3.4324,0.8557,9244.8,3446.496,3215.6269,1508011.776,562192.4275
301590.SZ,20251014,221.82,11.7024,11.7024,0.74,36.3874,42.0492,4.8409,6.2215,6.2182,,0.541,4200.0,816.4562,816.4562,931644.0,181106.3143
301591.SZ,20251014,40.44,3.7877,3.7877,1.0,47.2217,45.0353,3.8713,8.2654,7.8915,0.774,1.1128,8412.0,3394.8725,3394.8725,340181.28,137288.6439
301592.SZ,20251014,131.91,2.9566,2.9566,0.7,94.7644,135.2665,10.5661,17.2194,18.3705,,0.5307,7000.0,1750.0,1750.0,923370.0,230842.5
301595.SZ,20251014,40.21,6.7807,6.7807,1.64,49.6804,57.0468,4.9644,4.2701,4.1332,,0.6217,10828.0,2309.9106,2309.9106,435393.88,92881.5052
301596.SZ,20251014,81.08,5.3343,6.497,0.96,62.0139,61.6843,7.6241,10.1592,9.8136,0.0,0.9867,7716.53,3131.6613,2571.215,625656.2524,253915.0982
301598.SZ,20251014,68.0,11.1427,11.1427,1.3,39.2788,36.8083,4.3584,7.77,7.3811,,2.9412,5889.7223,1472.4306,1472.4306,400501.1164,100125.2808
301600.SZ,20251014,126.98,5.7228,5.7228,0.81,75.6409,68.0553,10.9177,12.9871,12.7279,,1.3214,10452.35,3225.85,3225.85,1327239.403,409618.433
301601.SZ,20251014,32.13,2.841,2.841,0.98,41.8356,109.0201,3.5756,6.8134,9.0966,,0.5602,14048.0,3160.8,3160.8,451362.24,101556.504
301602.SZ,20251014,25.14,6.3131,6.3131,1.72,73.9689,68.9116,8.4097,28.6531,26.9358,,0.4057,42832.9638,5835.3924,5835.3924,1076820.7099,146701.7649
301603.SZ,20251014,70.5,7.2321,8.2046,1.05,41.4803,31.5543,3.8162,4.8384,3.9305,1.1348,1.2766,12076.0,3773.25,3326.0,851358.0,266014.125
301606.SZ,20251014,61.21,0.7813,1.5863,0.78,54.9378,47.916,8.6298,4.1164,3.4869,0.4901,0.9802,41490.9806,21901.6309,10786.8191,2539662.9225,1340598.8274
301607.SZ,20251014,37.83,4.3501,5.8529,1.01,62.1483,56.8546,5.5019,3.0403,2.1411,,0.034,15542.0399,10830.5253,8049.6154,587955.3694,409718.7721
301608.SZ,20251014,86.02,2.7267,3.8413,0.73,43.5867,39.6866,3.7482,5.4612,4.9811,0.7324,0.9798,8899.0,3993.715,2834.95,765491.98,343539.3643
301609.SZ,20251014,52.09,14.1886,14.1886,0.89,66.9988,62.8228,7.1091,12.8922,12.2537,,,16288.0,3475.0244,3475.0244,848441.92,181014.021
301611.SZ,20251014,58.8,10.8156,11.4014,1.27,82.4401,74.5909,15.5291,29.9013,25.8109,0.1701,0.3401,43600.0,14658.2688,13905.1482,2563680.0,861906.2054
301613.SZ,20251014,51.51,4.1094,4.1094,0.9,38.411,32.0756,4.8031,3.8875,2.9223,,1.2942,14384.1247,3596.04,3596.04,740926.2633,185232.0204
301616.SZ,20251014,51.2,4.5236,4.5236,0.9,44.0722,42.7039,3.1644,4.5925,4.3687,,0.7813,8000.0,2000.0,2000.0,409600.0,102400.0
301617.SZ,20251014,73.18,13.1819,13.1819,0.92,45.8873,51.5372,5.9075,7.365,7.0906,,0.904,13364.0,3341.0,3341.0,977977.52,244494.38
301618.SZ,20251014,59.13,5.1969,6.4738,1.99,76.1722,107.0683,5.7065,9.6437,10.0886,,0.3986,9021.586,3315.431,2661.491,533446.3802,196041.435
301622.SZ,20251014,83.38,14.3264,14.3264,1.41,54.5277,48.6721,6.3803,8.1606,7.4769,,0.4797,11593.188,2898.297,2898.297,966640.0154,241660.0039
301626.SZ,20251014,120.0,7.5035,7.5035,0.84,74.8636,75.705,9.098,14.722,13.9641,,0.4667,11568.0,2602.8,2602.8,1388160.0,312336.0
301628.SZ,20251014,81.94,3.9928,3.9928,0.83,54.8281,53.531,5.569,7.7881,7.181,,0.4882,7537.58,1884.4,1884.4,617629.3052,154407.736
301629.SZ,20251014,193.5,17.6566,17.6566,0.75,87.8893,142.6767,6.9444,15.9001,20.1005,,0.4951,4172.7274,1043.1719,1043.1719,807422.7519,201853.7627
301630.SZ,20251014,187.03,8.4299,8.4299,0.77,52.2045,55.6502,4.5797,7.8545,7.1412,,,4000.0,1000.0,1000.0,748120.0,187030.0
301631.SZ,20251014,90.35,8.4945,8.4945,0.61,35.4281,32.4605,3.4248,2.115,1.93,,0.9487,9141.458,1923.3151,1923.3151,825930.7303,173771.5193
301632.SZ,20251014,28.41,5.4047,5.4047,0.85,110.9977,110.0795,4.4353,9.931,10.1053,,,41856.0,6886.3457,6886.3457,1189128.96,195641.0813
301633.SZ,20251014,74.25,2.8161,2.8161,0.82,43.8065,45.5,4.6526,6.8707,6.9155,,1.3468,5568.0,1392.0,1392.0,413424.0,103356.0
301636.SZ,20251014,56.03,5.6292,5.6292,0.8,27.2507,31.7266,3.3102,4.0853,3.9547,,0.8924,6386.7823,1514.1113,1514.1113,357851.4123,84835.6561
301656.SZ,20251014,27.56,15.5663,15.5663,0.53,70.8145,55.2151,7.3836,4.0968,3.4393,,,240479.091,16688.169,16688.169,6627603.748,459925.9376
301658.SZ,20251014,33.25,13.002,13.002,0.87,52.9645,62.463,4.388,5.0581,5.8238,,0.3789,41237.1135,4123.7114,4123.7114,1371134.0239,137113.4041
301662.SZ,20251014,116.78,9.8683,9.8683,0.78,44.9643,47.2315,6.3704,4.469,4.8935,,0.8563,8000.0,1577.6325,1577.6325,934240.0,184235.9234
301665.SZ,20251014,29.08,3.3786,3.3786,0.81,49.2068,38.2283,3.935,3.089,2.7903,,2.0633,45000.0,3590.6289,3590.6289,1308600.0,104415.4884
301668.SZ,20251014,51.99,30.5289,30.5289,0.55,51.3896,47.7807,5.6359,6.5943,6.4969,,,11000.0,2304.8066,2304.8066,571890.0,119826.8951
301678.SZ,20251014,80.2,13.7619,13.7619,1.72,103.3088,110.4717,10.2686,22.8156,21.2954,,0.6234,23955.5467,4551.2773,4551.2773,1921234.8453,365012.4395
302132.SZ,20251014,86.73,3.5518,7.7594,0.92,2063.5115,246.2512,12.4543,130.2143,10.6976,0.0,0.7345,267209.1376,58606.9499,26826.8497,23175048.504,5082980.7648
600000.SH,20251014,12.77,0.46,1.2666,1.3,8.981,8.4667,0.5908,2.3804,2.3486,2.3181,3.0532,3182884.1478,3182884.1478,1155823.1526,40645430.5674,40645430.5674
600004.SH,20251014,9.54,0.7582,1.7715,1.01,24.3868,18.2364,1.2052,3.0414,2.9363,0.783,1.6457,236671.8283,236671.8283,101297.3731,2257849.242,2257849.242
600006.SH,20251014,7.57,2.2306,5.5916,0.67,519.166,248.278,1.8102,1.3843,1.4886,0.3976,0.0661,200000.0,200000.0,79785.462,1514000.0,1514000.0
600007.SH,20251014,20.28,0.3119,1.6117,1.17,16.1818,16.9212,2.2259,5.2217,5.3247,6.4103,5.4241,100728.2534,100728.2534,19492.2293,2042768.979,2042768.979
600008.SH,20251014,3.33,1.955,3.6456,1.3,6.9285,6.9025,1.1974,1.2192,1.2442,3.003,5.1051,734059.0677,734059.0677,393643.2234,2444416.6954,2444416.6954
600009.SH,20251014,31.59,0.488,0.9719,0.93,40.648,36.3397,1.873,6.3556,6.2101,0.6966,0.9496,248848.134,204627.9515,102740.5144,7861112.5531,6464196.9879
600010.SH,20251014,2.91,16.479,25.9305,3.52,498.0172,428.0826,2.5322,1.9355,2.0525,0.0,0.0687,4528861.9348,3138079.8287,1994274.3511,13178988.2303,9131812.3015
600011.SH,20251014,7.34,0.7622,1.9155,1.05,11.3684,9.6474,1.9956,0.4692,0.4826,2.7248,3.6785,1569809.3359,1099770.9919,437592.3252,11522400.5255,8072319.0805
600012.SH,20251014,14.48,1.5231,7.498,1.58,14.8237,13.5967,2.0728,3.4886,3.18,4.1506,4.1713,170859.1889,116560.0,23676.4279,2474041.0553,1687788.8
600015.SH,20251014,6.74,1.0856,3.2768,1.02,3.8758,4.0196,0.3509,1.1042,1.1373,5.6973,6.0089,1591492.8468,1538722.3983,509783.4834,10726661.7874,10370988.9645
600016.SH,20251014,4.02,1.7085,2.4919,1.06,5.4498,5.6408,0.3172,1.2914,1.2434,8.607,4.9254,4378241.8502,3546212.3213,2431451.2049,17600532.2378,14255773.5316
600017.SH,20251014,3.18,1.6767,3.3473,1.86,14.9349,16.8901,0.7046,1.1567,1.2198,2.044,2.7044,307565.3888,307565.3888,154068.5515,978057.9364,978057.9364
600018.SH,20251014,5.58,0.2586,2.1524,1.47,8.6871,8.9112,0.951,3.4082,3.4324,3.9789,3.4946,2328136.5262,2321457.7754,278896.4599,12991001.8162,12953734.3867
600019.SH,20251014,7.22,0.4416,1.2045,0.69,21.3622,20.4341,0.7839,0.4882,0.5069,4.2622,2.9985,2178208.4749,2178208.4749,798651.6922,15726665.1888,15726665.1888
600020.SH,20251014,4.39,0.8492,2.6677,1.46,11.2064,10.6354,0.8488,1.4157,1.3459,3.3941,3.8724,224737.1832,224737.1832,71537.6752,986596.2342,986596.2342
600021.SH,20251014,22.03,6.2349,14.5815,1.07,30.377,23.6503,3.0112,1.4544,1.4424,0.9064,1.269,282118.5445,282118.5445,120630.5206,6215071.5353,6215071.5353
600022.SH,20251014,1.63,1.6946,4.1029,1.06,,,0.9307,0.2124,0.2367,0.0,,1069884.9554,1069884.9554,441891.4279,1743912.4773,1743912.4773
600023.SH,20251014,5.23,0.7947,2.9636,1.02,9.0448,9.5563,0.951,0.7969,0.8418,4.7801,5.5449,1340873.2749,1340873.2749,359556.5748,7012767.2277,7012767.2277
600025.SH,20251014,9.8,0.1857,1.8567,0.89,21.2606,20.1908,2.9391,7.0896,6.795,1.8367,2.0408,1800000.0,1800000.0,180000.0,17640000.0,17640000.0
600026.SH,20251014,12.38,2.2373,6.1764,1.28,14.6319,17.9009,1.6095,2.541,2.542,4.6042,3.4733,477077.6395,347477.6395,125870.4041,5906221.177,4301773.177
600027.SH,20251014,5.24,0.9266,2.39,1.05,10.6697,9.5319,1.2655,0.5385,0.508,3.7753,3.6172,1161177.4184,851032.7533,329949.8863,6084569.6724,4459411.6273
600028.SH,20251014,5.42,0.1865,1.2518,1.24,13.0539,18.197,0.8041,0.2136,0.2259,6.3923,4.2064,12117761.3698,9484182.4851,1413378.1602,65678266.6243,51404269.0692
600029.SH,20251014,5.99,0.462,1.4378,0.76,,,3.2699,0.623,0.6177,0.0,,1812091.8309,1267334.9573,407245.2065,10854430.0671,7591336.3942
600030.SH,20251014,29.03,1.6056,2.1787,0.56,19.8234,17.3114,1.5837,6.7447,6.4557,2.463,1.7913,1482054.6829,1217655.0974,897394.4126,43024047.4446,35348527.4775
600031.SH,20251014,23.04,1.2273,1.8061,1.18,32.6753,25.6267,2.6572,2.5105,2.3364,0.9537,1.5518,847439.0037,847439.0037,575846.1263,19524994.6452,19524994.6452
600032.SH,20251014,7.56,0.4409,1.9902,1.43,32.0904,44.1398,1.4404,3.6642,3.7708,1.6667,0.6878,240467.5324,240467.5324,53267.5324,1817934.5449,1817934.5449
600033.SH,20251014,3.42,1.2467,2.8275,1.54,12.0212,11.8014,0.7645,3.1019,3.0934,4.9708,2.924,274440.0,274440.0,121003.1499,938584.8,938584.8
600035.SH,20251014,4.03,0.8593,1.8666,1.27,8.4529,8.9176,0.7426,1.479,1.3243,4.7146,4.2184,161011.5901,161011.5901,74122.5182,648876.7081,648876.7081
600036.SH,20251014,41.26,0.8405,1.4179,1.91,7.0124,7.0035,1.0289,3.0833,3.1107,4.7794,4.8473,2521984.5601,2062894.4429,1222783.368,104057082.9497,85115024.7141
600037.SH,20251014,7.75,1.103,1.7929,1.15,,,0.8518,4.661,4.9295,0.3484,0.3484,139177.7884,139177.7884,85620.9691,1078627.8601,1078627.8601
600038.SH,20251014,37.65,3.998,7.0692,3.19,55.5325,57.0963,1.7998,1.0371,0.9697,0.474,0.5418,81989.3213,66893.5221,37831.6611,3086897.9469,2518541.1071
600039.SH,20251014,8.43,0.6449,1.9987,0.88,10.1672,10.7888,1.5403,0.6836,0.6982,6.5848,4.9193,869559.0645,671556.6605,216691.4536,7330382.9137,5661222.648
600048.SH,20251014,7.88,1.577,2.6605,0.81,18.861,322.9696,0.4869,0.3027,0.3261,5.1574,2.1384,1197044.3418,1197044.3418,709550.0956,9432709.4134,9432709.4134
600050.SH,20251014,5.52,1.2223,2.969,1.07,19.112,18.4788,1.018,0.443,0.4397,2.6886,2.8636,3126442.5327,3076682.6127,1266637.6291,17257962.7805,16983288.0221
600051.SH,20251014,7.2,1.7395,2.4529,1.15,27.5742,31.3759,0.6651,1.2527,1.1532,1.6667,1.6667,31088.0,31088.0,22046.24,223833.6,223833.6
600052.SH,20251014,5.22,2.6404,4.3233,0.69,,,1.6173,9.8482,6.9743,0.9149,,84419.4741,84419.4741,51558.1371,440669.6548,440669.6548
600053.SH,20251014,16.84,1.1539,4.3591,1.0,,,2.8307,21.6234,30.6954,0.0,,43354.08,43354.08,11476.495,730082.7072,730082.7072
600054.SH,20251014,11.31,1.097,2.5983,0.62,26.1874,26.6177,1.7714,4.2717,4.0496,1.8479,1.5208,72937.944,51330.0,21670.425,824928.1466,580542.3
600055.SH,20251014,17.1,0.9264,1.6984,0.91,76.4046,97.0265,2.543,7.8868,7.2094,0.7602,0.7602,70306.1058,70306.1058,38348.1077,1202234.4092,1202234.4092
600056.SH,20251014,11.26,1.863,3.9436,1.03,31.4559,33.3994,1.4403,0.4932,0.5039,2.0598,0.9353,149587.9748,149535.1478,70639.8276,1684360.5962,1683765.7642
600057.SH,20251014,7.62,1.6719,3.6058,1.68,14.8711,12.6203,1.2885,0.0575,0.0575,3.231,3.2713,276896.3339,219251.0201,101661.7309,2109950.0643,1670692.7732
600058.SH,20251014,9.17,1.2885,3.4418,0.97,78.2264,53.818,1.9615,0.1462,0.1651,0.0,,107191.0711,107191.0711,40130.5789,982942.122,982942.122
600059.SH,20251014,10.04,3.1965,5.1989,3.37,44.5202,45.5105,1.5611,4.7265,4.7178,1.3944,0.7968,91154.2413,91154.2413,56045.8255,915188.5827,915188.5827
600060.SH,20251014,25.18,3.0211,5.7907,1.75,14.6287,13.3144,1.6602,0.5614,0.5449,3.1992,3.4948,130497.2254,130016.8721,67831.5518,3285920.1356,3273824.8395
600061.SH,20251014,7.86,1.0271,2.8467,0.72,18.653,15.9846,0.9558,24.6345,24.1632,1.4052,1.6158,639398.3207,639398.3207,230704.1926,5025670.8007,5025670.8007
600062.SH,20251014,19.13,1.0306,2.616,1.26,12.2082,12.7653,1.7999,1.7724,1.8026,1.8676,2.4625,103875.7509,103263.0823,40683.5199,1987143.1147,1975422.7644
600063.SH,20251014,6.56,4.6092,6.5375,1.01,36.7127,27.3635,1.6011,1.6903,1.6513,0.7945,0.9303,206910.6449,206910.6449,145879.3462,1357333.8305,1357333.8305
600064.SH,20251014,8.41,1.8365,2.814,1.01,8.4349,6.9843,0.7721,7.3665,5.0376,3.3294,3.5672,173033.9644,173033.9644,112925.6424,1455215.6406,1455215.6406
600066.SH,20251014,28.9,0.9297,1.5934,0.72,15.5442,14.6148,5.3031,1.7192,1.7287,6.9204,6.9204,221393.9223,221393.9223,129175.5584,6398284.3545,6398284.3545
600067.SH,20251014,3.4,3.3113,5.2608,1.82,,,0.8507,0.56,0.5462,0.0,6.3393,139166.8739,139166.8739,87594.6371,473167.3713,473167.3713
600071.SH,20251014,22.47,2.448,4.8281,0.85,470.5632,134.6772,12.7527,3.7635,3.8725,0.0,,28157.3889,28157.3889,14277.0761,632696.5286,632696.5286
600072.SH,20251014,12.2,1.4907,2.072,1.53,125.1862,,1.7642,2.1764,1.9688,0.2712,0.2465,150262.4316,108333.7316,77940.5069,1833201.6655,1321671.5255
600073.SH,20251014,7.09,2.2261,3.5783,0.7,30.7717,47.9192,1.2991,0.3024,0.2961,1.0296,0.9873,93772.9472,93772.9472,58336.4598,664850.1956,664850.1956
600075.SH,20251014,4.69,1.5052,2.6418,0.92,117.0094,150.5961,0.8968,0.7178,0.7211,0.0,0.4264,170736.3607,170736.3607,97282.4271,800753.5317,800753.5317
600076.SH,20251014,2.84,2.8263,4.6188,1.23,,,0.9876,6.341,7.8379,0.0,,134454.3367,134454.3367,82272.9282,381850.3162,381850.3162
600078.SH,20251014,9.92,1.1147,1.9151,0.39,,,3.8933,2.0006,1.91,0.3059,,67681.2861,66257.2861,38563.8247,671398.3581,657272.2781
600079.SH,20251014,20.97,1.1874,1.7861,0.99,25.7401,24.9234,1.8668,1.3457,1.3892,2.9091,1.526,163222.5965,154317.877,102591.0172,3422777.8486,3236045.8807
600080.SH,20251014,7.24,0.9693,1.2992,0.46,36.2207,37.8798,1.7367,4.616,4.6531,0.0,0.3915,37327.0285,37327.0285,27847.7933,270247.6863,270247.6863
600081.SH,20251014,12.49,0.6266,2.4833,0.71,75.6747,75.8391,1.5,1.0143,1.0466,0.5861,0.4003,55302.617,55302.617,13955.4119,690729.6863,690729.6863
600082.SH,20251014,4.47,4.3922,6.2515,1.44,301.3874,283.9739,1.6542,8.5541,8.768,0.1342,,64611.5826,63433.5412,44566.648,288813.7742,283547.9292
600084.SH,20251014,5.47,0.8885,2.0295,1.44,506.9506,345.4825,4.7488,38.0763,37.4477,0.0,,112372.683,112372.683,49197.4674,614678.576,614678.576
600085.SH,20251014,34.37,0.6526,1.3724,0.95,30.884,32.4905,3.5095,2.5346,2.5338,2.9095,1.4548,137147.0262,137147.0262,65216.1722,4713743.2905,4713743.2905
600088.SH,20251014,16.27,0.8504,1.9724,0.94,147.576,78.659,4.9983,5.6885,5.8299,0.1352,0.209,39770.64,39770.64,17146.9217,647068.3128,647068.3128
600089.SH,20251014,20.08,7.1419,8.7138,1.2,24.5383,23.6823,1.5307,1.0376,1.0318,0.9896,1.237,505279.2571,505279.2571,414129.9271,10146007.4826,10146007.4826
600094.SH,20251014,5.26,3.8729,5.8519,1.36,,,1.2193,2.9322,2.7013,0.5703,,232495.0045,212622.995,140716.9511,1222923.7237,1118396.9537
600095.SH,20251014,13.13,4.3375,14.0633,0.72,343.8851,211.5522,3.1434,85.7611,113.7478,0.2663,,285918.7743,285918.7743,88183.9293,3754113.5066,3754113.5066
600096.SH,20251014,28.93,3.0886,5.0105,1.15,9.8893,10.0397,2.371,0.857,0.9671,3.4566,5.5306,182299.0731,182299.0731,112373.6439,5273912.1848,5273912.1848
600097.SH,20251014,11.35,1.9041,3.8458,1.34,44.6901,23.8316,1.1909,1.181,1.0915,1.674,0.7048,24093.6559,24093.6559,11929.217,273462.9945,273462.9945
600098.SH,20251014,6.98,0.8728,3.2899,0.93,14.1321,11.0245,0.9024,0.507,0.5022,3.5822,3.8682,350630.6868,350586.4981,93012.056,2447402.1939,2447093.7567
600099.SH,20251014,10.48,1.6761,2.8949,1.09,124.6142,106.7141,4.317,2.1855,1.9207,0.2099,0.2863,21912.0,21912.0,12686.308,229637.76,229637.76
600100.SH,20251014,8.06,2.0077,2.9379,0.96,192.0365,,1.5917,1.6072,1.6704,0.0,,335029.7713,335029.7713,228955.7108,2700339.9567,2700339.9567
600101.SH,20251014,9.74,3.2434,4.7296,1.32,25.4934,26.9196,1.7795,1.8774,1.7633,0.7898,1.232,54786.2471,54786.2471,37570.2847,533618.0468,533618.0468
600103.SH,20251014,3.63,18.5311,26.1952,1.6,95.977,94.9057,2.0594,3.1281,3.4144,0.4623,0.3324,224082.6747,221232.9047,156504.7841,813420.1092,803075.4441
600104.SH,20251014,16.52,0.495,1.6296,0.86,113.961,179.8064,0.6464,0.3092,0.3008,2.2286,0.5294,1149527.7504,1149527.7504,349184.8225,18990198.4366,18990198.4366
600105.SH,20251014,15.08,21.948,29.7282,1.41,358.985,63.2368,6.7034,5.3627,4.8459,0.2274,0.5637,146199.4802,146199.4802,107937.6107,2204688.1614,2204688.1614
600106.SH,20251014,6.25,1.6452,2.2563,0.76,52.7555,43.1211,1.5495,73.4826,73.6126,0.768,0.576,132902.5062,132902.5062,96903.073,830640.6638,830640.6638
600107.SH,20251014,7.92,0.5978,0.763,0.52,,,6.0621,8.6531,11.2301,0.0,,36000.0,36000.0,28205.9362,285120.0,285120.0
600108.SH,20251014,3.1,3.1815,4.4239,1.33,62.8184,63.6734,1.4064,1.4398,1.4146,0.1774,0.1774,194691.5121,194691.5121,140015.2748,603543.6875,603543.6875
600109.SH,20251014,10.2,2.0487,3.2305,1.06,22.6718,16.2792,1.1014,5.6824,4.8244,1.3644,1.1672,371255.951,371255.951,235442.4905,3786810.7002,3786810.7002
600110.SH,20251014,6.52,2.812,4.0094,0.68,,,2.0088,2.1438,1.9154,0.0,,173518.0932,173518.0932,121698.6201,1131337.9677,1131337.9677
600111.SH,20251014,56.8,11.833,19.0946,1.6,204.4613,108.6321,8.826,6.2287,5.2864,0.1232,0.0616,361506.5842,361506.5842,224026.6051,20533573.9826,20533573.9826
600113.SH,20251014,54.8,1.8496,4.5778,0.83,171.3346,162.3686,9.4268,31.9443,31.0048,0.3287,0.2191,42117.666,41143.116,16623.7878,2308048.0968,2254642.7568
600114.SH,20251014,32.05,4.8298,6.3363,1.2,50.9713,43.2094,6.6145,3.9346,3.538,0.6092,0.9138,63138.3477,61638.3477,46983.7261,2023584.0438,1975509.0438
600115.SH,20251014,4.15,0.6155,1.3509,0.79,,,7.0376,0.7002,0.6866,0.0,,2229129.657,1711451.8793,779823.8447,9250888.0766,7102525.2991
600116.SH,20251014,6.66,0.575,1.2376,1.2,41.1187,99.0177,1.1559,1.2338,1.2731,2.2307,1.338,191214.2904,191214.2904,88844.6091,1273487.1741,1273487.1741
600117.SH,20251014,3.28,1.5054,3.512,1.25,,,2.4565,1.8675,1.8078,0.0,,325511.4857,325511.4857,139531.1068,1067677.6731,1067677.6731
600118.SH,20251014,37.88,4.4767,9.2231,1.17,1604.6678,,7.1066,8.6867,8.2257,0.1056,0.0264,118248.9135,118248.9135,57394.7959,4479268.8434,4479268.8434
600119.SH,20251014,8.21,1.6205,2.9918,0.49,,,24.1204,5.9117,12.291,0.0,,36527.037,36527.037,19785.1609,299886.9738,299886.9738
600120.SH,20251014,6.17,1.9387,3.8673,1.04,22.5056,17.3336,1.3239,2.8253,4.1199,0.9212,1.3342,341538.1492,341538.1492,171211.5538,2107290.3806,2107290.3806
600121.SH,20251014,4.49,9.9667,20.7238,3.31,19.3541,113.208,3.2588,1.301,1.4098,0.0,,121841.2038,121841.2038,58597.2758,547067.0051,547067.0051
600123.SH,20251014,6.71,3.9622,7.2666,3.01,13.7742,44.224,0.6228,0.8452,0.9626,11.2675,2.2355,147324.0021,147324.0021,80329.8021,988544.0541,988544.0541
600125.SH,20251014,6.26,1.751,2.5017,0.94,21.3988,17.1489,1.0831,0.6279,0.7139,1.7572,1.4377,130552.1874,130552.1874,91377.407,817256.6931,817256.6931
600126.SH,20251014,9.08,2.4066,6.3948,0.68,,,1.5898,0.4817,0.5128,0.5507,,337718.9083,337718.9083,127095.8671,3066487.6874,3066487.6874
600127.SH,20251014,6.86,2.8339,3.6025,1.59,1975.3642,569.9008,6.483,0.9515,1.0327,0.0,,64178.3218,64178.3218,50485.0967,440263.2875,440263.2875
600128.SH,20251014,10.57,2.411,3.2794,1.02,78.0637,64.9013,1.2274,0.3643,0.3459,0.9461,0.9461,24676.75,24676.75,18141.9029,260833.2475,260833.2475
600129.SH,20251014,22.38,3.5059,5.7577,2.33,463.0197,,3.5148,0.9963,1.2068,1.3538,,55141.8185,55141.8185,33575.8361,1234073.898,1234073.898
600130.SH,20251014,3.73,1.4129,1.698,0.74,547.3421,900.6282,2.8949,7.7577,6.2666,0.0,,75000.0,75000.0,62405.36,279750.0,279750.0
600131.SH,20251014,18.31,1.1321,2.7223,1.01,32.1873,30.6817,3.7014,3.0029,2.6927,1.1327,0.9352,119972.4419,119590.5149,49731.7834,2196695.4112,2189702.3278
600132.SH,20251014,53.92,0.6664,1.6661,1.29,23.4128,24.2013,16.1245,1.7819,1.7846,7.9748,4.451,48397.1198,48397.1198,19358.848,2609572.6996,2609572.6996
600133.SH,20251014,10.07,5.1521,6.1202,0.94,20.3312,21.6962,1.2282,3.1888,2.9628,1.4896,1.6385,106623.9875,106623.9875,89758.9822,1073703.5541,1073703.5541
600135.SH,20251014,7.25,1.0091,1.8578,0.91,,,1.6588,2.7013,2.9437,0.0,,55330.7099,55330.7099,30053.0656,401147.6468,401147.6468
600136.SH,20251014,1.79,0.4815,0.8013,1.12,,,14.894,8.5142,5.4659,0.0,,204082.5931,194308.9494,116755.336,365307.8416,347813.0194
600137.SH,20251014,18.52,1.2106,2.7442,0.69,76.9357,71.0194,3.374,4.7411,4.824,0.9719,1.0043,9721.7588,9721.7588,4288.6433,180046.973,180046.973
600138.SH,20251014,9.69,1.6024,2.0862,0.75,43.7146,45.33,1.1097,0.7044,0.6698,0.8772,0.7224,72384.0,72384.0,55598.0408,701400.96,701400.96
600141.SH,20251014,29.23,2.1888,3.4308,0.9,20.1377,21.1726,1.5241,1.1356,1.089,2.0527,3.4211,110325.6073,110325.6073,70385.5336,3224817.5014,3224817.5014
600143.SH,20251014,19.37,5.8249,7.2242,0.81,61.9326,49.5749,2.8035,0.844,0.7423,0.5229,0.5041,263661.2697,263482.6028,212444.5635,5107118.7941,5103658.0162
600148.SH,20251014,19.82,1.3249,2.7641,1.11,,23218.6763,5.9629,4.0633,3.9737,0.1514,,14151.645,14151.645,6783.42,280485.6039,280485.6039
600149.SH,20251014,5.32,2.0775,3.2111,1.17,23.8143,22.9409,8.5575,5.1053,5.1709,0.0,,38016.0,38016.0,24595.425,202245.12,202245.12
600150.SH,20251014,35.29,1.5585,2.2252,1.33,73.4835,51.5911,1.5854,3.3795,3.2039,0.3368,0.421,752562.1288,752562.1288,527073.8924,26557917.5254,26557917.5254
600151.SH,20251014,7.98,1.3909,2.2334,0.91,,,2.4473,2.1399,2.8022,0.0,,143425.2287,143425.2287,89318.9076,1144533.325,1144533.325
600152.SH,20251014,6.73,3.4024,5.2042,0.65,,,2.0666,2.3307,2.4001,0.0,,52907.9375,52907.9375,34590.6504,356070.4194,356070.4194
600153.SH,20251014,10.31,0.7938,1.4918,0.96,10.1481,11.5524,0.541,0.0426,0.0429,7.0343,6.9009,289953.8551,289953.8551,154285.0566,2989424.2461,2989424.2461
600155.SH,20251014,7.49,1.5255,1.8131,0.91,268.4558,178.1157,0.8348,4.9468,5.2148,0.0,,221354.2477,221354.2477,186243.8283,1657943.3153,1657943.3153
600156.SH,20251014,8.33,2.3371,3.9156,0.91,,,8.4407,4.3081,3.8033,0.0,0.12,40211.0702,40211.0702,24000.639,334958.2148,334958.2148
600157.SH,20251014,1.7,6.2027,7.6068,1.17,23.7674,74.6312,0.7973,1.308,1.5126,0.3295,0.3295,2181776.4145,2181776.4145,1779047.1763,3709019.9047,3709019.9047
600158.SH,20251014,9.13,2.3009,3.1885,1.08,139.5213,558.7771,3.3761,3.4793,3.89,0.2519,0.2158,95951.3067,95951.3067,69239.4885,876035.4302,876035.4302
600159.SH,20251014,2.94,4.8125,9.2018,0.82,,,1.4217,3.2445,3.3927,0.0,,83000.3232,83000.3232,43408.6677,244020.9502,244020.9502
600160.SH,20251014,36.39,2.1549,4.6426,1.09,50.1363,30.9318,5.1069,4.0161,3.8207,0.3023,0.632,269974.6081,269974.6081,125311.1586,9824375.9888,9824375.9888
600161.SH,20251014,19.18,0.6119,1.2268,1.07,24.4816,26.0545,3.3631,6.2876,6.0192,0.6517,1.3034,197737.1446,197737.1446,98625.1157,3792598.4334,3792598.4334
600162.SH,20251014,2.08,4.1667,12.9688,1.02,110.0112,,1.1691,1.8079,2.6318,7.6923,0.5258,326843.8122,326843.8122,105011.2242,679835.1294,679835.1294
600163.SH,20251014,5.18,0.8172,2.401,1.18,15.1387,15.8092,1.4221,5.6613,5.7408,1.3514,1.9884,190299.6143,190299.6143,64770.5089,985752.0021,985752.0021
600165.SH,20251014,3.6,0.991,1.3997,0.82,,,,7.14,5.5108,0.0,,68488.3775,68488.3775,48488.3775,246558.159,246558.159
600166.SH,20251014,2.72,2.2396,4.0419,1.3,267.3775,48.5873,1.4278,0.4515,0.3981,0.0,,791740.0367,791740.0367,438691.3605,2153532.8998,2153532.8998
600167.SH,20251014,8.76,2.39,8.0233,0.65,30.0788,28.0705,1.8241,5.6484,5.7328,3.6013,3.5911,226284.0463,226284.0463,67406.2721,1982248.2456,1982248.2456
600168.SH,20251014,5.05,1.3189,3.3038,1.6,56.8632,52.4105,0.9338,1.3291,1.2413,0.8769,0.5347,99339.7569,99339.7569,39657.1387,501665.7723,501665.7723
600169.SH,20251014,2.69,2.7112,5.4698,0.85,46.1743,44.5864,1.7029,0.9735,0.8683,0.0,,334710.317,333314.15,165212.0875,900370.7527,896615.0635
600170.SH,20251014,2.96,6.3961,11.6086,0.94,12.1338,12.8217,0.8426,0.0876,0.1014,2.027,2.027,888593.9744,888593.9744,489596.9199,2630238.1642,2630238.1642
600171.SH,20251014,35.31,4.383,5.8546,0.86,63.2869,62.8187,5.6596,8.8807,8.194,0.2832,0.4815,70892.3303,70892.3303,53072.3303,2503208.1829,2503208.1829
600172.SH,20251014,6.07,24.768,33.3583,2.05,,,7.2297,6.7272,6.4825,0.0,,144218.4476,127625.575,94759.9564,875405.9769,774687.2403
600173.SH,20251014,9.85,15.9395,39.7969,1.33,168.8572,409.4731,1.7991,1.911,1.5296,0.6011,,70050.6244,70041.6244,28053.1999,689998.6503,689910.0003
600176.SH,20251014,16.01,1.7546,3.2554,1.0,26.2148,20.2138,2.083,4.0421,3.7206,1.7177,1.4991,400313.6728,400313.6728,215765.7914,6409021.9015,6409021.9015
600177.SH,20251014,7.49,0.7629,1.7911,1.46,12.5131,13.2298,0.8189,2.4407,2.5484,9.3458,6.4085,462344.1902,462344.1902,196917.5821,3462957.9846,3462957.9846
600178.SH,20251014,13.27,2.3837,4.8582,1.14,1079.6507,376.4278,2.4273,1.3404,1.2078,0.0397,0.0575,46647.6161,46647.6161,22888.3161,619013.8656,619013.8656
600179.SH,20251014,3.65,1.1592,1.7683,1.16,25.3017,15.9541,1.3687,2.0459,1.8354,0.0,,423152.6979,374423.6495,245446.1602,1544507.3473,1366646.3207
600180.SH,20251014,4.69,3.0012,8.1886,1.85,76.5305,,0.6449,0.1618,0.1917,2.4327,1.0577,108662.7464,108662.7464,39825.5628,509628.2806,509628.2806
600182.SH,20251014,15.25,0.9988,0.9988,0.63,29.7489,36.7061,4.8803,1.1107,1.0864,1.7705,5.9672,34000.0,17000.0,17000.0,518500.0,259250.0
600183.SH,20251014,56.42,2.5091,5.0722,1.33,78.8298,61.3872,9.6448,6.7224,5.8475,0.7763,1.7725,242926.293,239450.1544,118447.9962,13705901.4511,13509777.7112
600184.SH,20251014,18.07,3.0538,7.1926,1.25,,,3.1212,8.1185,7.3048,0.2754,,58272.7468,50876.0826,21601.006,1052988.5347,919330.8126
600185.SH,20251014,6.1,2.4902,4.5237,0.97,,,13.3581,2.1791,2.2445,0.0,,188500.5795,188500.5795,103766.6015,1149853.535,1149853.535
600186.SH,20251014,5.88,3.4922,4.3344,1.24,52.0452,40.075,5.824,3.984,3.4618,0.0,,179310.7141,178671.0441,143953.4246,1054346.9989,1050585.7393
600187.SH,20251014,2.86,1.3475,1.7563,0.98,105.9087,229.8332,1.4486,25.762,27.0385,0.0,,161378.1103,161378.1103,123813.1403,461541.3955,461541.3955
600188.SH,20251014,14.36,1.7747,6.8768,2.07,9.9922,12.5242,2.4908,1.036,1.1425,9.5871,5.0139,1003748.0544,592391.1084,152876.8213,14413822.0612,8506736.3166
600189.SH,20251014,7.17,1.4773,2.5913,1.27,835.0064,574.0826,4.1532,4.2808,4.0017,0.0,,71519.7812,71519.7812,40773.6949,512796.8312,512796.8312
600191.SH,20251014,7.68,1.204,2.5798,1.01,146.365,164.7283,2.2658,7.2223,7.6427,0.0,,48493.2,48493.2,22632.5707,372427.776,372427.776
600192.SH,20251014,9.5,3.2781,5.4207,1.07,,,3.9522,2.5049,2.5767,0.0,,44174.8,44174.8,26714.0716,419660.6,419660.6
600193.SH,20251014,4.11,1.3748,1.7618,0.87,,,19.4536,20.8097,37.2812,0.0,,42537.3,42537.3,33193.2682,174828.303,174828.303
600195.SH,20251014,7.35,1.1748,2.3974,1.55,105.8827,83.5404,1.3465,1.2473,1.1856,1.619,0.3129,102114.826,102114.826,50037.0567,750543.9711,750543.9711
600196.SH,20251014,28.16,1.1794,2.0336,0.93,27.1489,23.1592,1.6153,1.8311,1.8744,0.9588,1.1257,267042.9325,211848.8825,122859.787,7519928.9792,5965664.5312
600197.SH,20251014,15.55,2.2438,3.9698,2.63,25.7452,29.3685,1.9143,3.34,3.7858,2.5018,2.8939,47317.4717,47317.4717,26744.859,735786.6849,735786.6849
600198.SH,20251014,8.0,1.1769,2.4846,1.07,373.8863,1221.7596,43.3461,11.0663,11.1784,0.0,,130360.3541,130194.9804,61670.072,1042882.8328,1041559.8432
600199.SH,20251014,10.42,1.9403,2.6616,1.55,,,3.2669,7.4085,9.2366,0.0,,65779.6824,65779.6824,47953.974,685424.2906,685424.2906
600200.SH,20251014,0.99,3.4584,4.1805,0.54,9.9849,436.8465,0.3988,0.4403,0.6843,0.0,,71087.948,71087.948,58808.3718,70377.0685,70377.0685
600201.SH,20251014,10.6,5.6148,6.459,1.06,108.1296,253.482,2.2164,9.3867,9.3284,0.7583,0.2805,111174.7826,111174.7826,96644.0,1178452.6956,1178452.6956
600202.SH,20251014,5.94,2.1196,3.2129,1.19,309.5687,,2.7675,1.6184,1.8255,0.1684,0.3367,38334.0672,38334.0672,25289.1287,227704.3592,227704.3592
600203.SH,20251014,13.19,4.5833,6.1962,1.01,,,4.6919,0.7351,0.7336,0.0,0.1516,59298.8082,59298.8082,43862.868,782151.2802,782151.2802
600206.SH,20251014,23.93,17.0394,25.4649,1.97,137.1661,85.4925,5.1194,2.215,2.3278,0.5767,0.4555,84655.3332,84655.3332,56645.4964,2025802.1235,2025802.1235
600207.SH,20251014,5.39,3.1555,6.9343,1.22,,,2.3154,1.353,1.6433,0.0,,108931.2554,108931.2554,49570.4638,587139.4666,587139.4666
600208.SH,20251014,4.52,3.6685,8.5482,3.34,37.8644,,0.9252,2.333,8.4096,0.0,,850894.08,850797.6337,365122.1371,3846041.2416,3845605.3043
600210.SH,20251014,7.22,2.1597,2.947,0.96,13.5394,11.8112,1.7729,1.0295,0.9763,3.4626,4.1551,151673.6158,151673.6158,111152.8382,1095083.5061,1095083.5061
600211.SH,20251014,48.24,2.3918,5.2888,1.1,14.7901,15.6194,4.0103,5.5398,5.4696,3.1798,3.8785,32231.9196,32231.9196,14576.6768,1554867.8015,1554867.8015
600212.SH,20251014,8.44,4.3524,5.0405,1.25,422.9378,433.9744,11.5114,5.8558,4.9322,0.0,,70426.7213,51481.7213,44453.6728,594401.5278,434505.7278
600215.SH,20251014,7.85,7.9003,11.2625,1.78,56.4091,,1.765,1.972,2.7864,1.2795,0.1911,46299.538,45688.288,32049.1173,363451.3733,358653.0608
600216.SH,20251014,14.41,1.1026,1.7574,0.94,11.9406,9.1257,1.2757,1.4781,1.4912,1.0409,2.542,96163.775,96163.3475,60331.3541,1385719.9978,1385713.8375
600217.SH,20251014,4.25,0.9446,1.5036,0.95,313.4968,,2.2861,1.7506,1.9674,0.7294,0.7294,165765.3673,165765.3673,104134.5446,704502.811,704502.811
600218.SH,20251014,9.19,1.8893,2.8764,1.02,48.0279,45.7263,1.2363,1.0079,0.9592,0.7617,0.6529,43559.9919,43559.9919,28611.6243,400316.3256,400316.3256
600219.SH,20251014,4.11,2.9548,5.4499,1.17,9.8825,9.0633,0.9314,1.4258,1.3605,4.8892,4.126,1161367.0848,1161367.0848,629664.9162,4773218.7185,4773218.7185
600221.SH,20251014,1.63,1.6328,2.1648,1.28,,,27.4883,1.0798,1.0581,0.0,,4321563.2535,3287267.6656,2479344.848,7044148.1032,5358246.2949
600222.SH,20251014,6.64,3.999,5.1987,1.23,75.4197,88.0985,2.3811,1.9628,2.1449,0.4076,0.1456,57388.6283,57388.6283,44144.5115,381060.4919,381060.4919
600223.SH,20251014,7.71,0.6306,1.3793,0.96,32.1845,34.9525,1.8878,1.968,2.0375,1.9455,1.4267,101656.8775,101656.8775,46478.3575,783774.5255,783774.5255
600226.SH,20251014,4.62,4.1446,6.713,0.91,72.5331,68.7628,3.8703,10.2963,8.6336,0.0,,297438.1224,297438.1224,183637.1575,1374164.1255,1374164.1255
600227.SH,20251014,2.39,1.6745,2.027,1.02,,,1.6136,1.6958,1.6524,0.0,,168872.7685,127759.9803,105540.0845,403605.9167,305346.3529
600228.SH,20251014,5.63,1.9298,2.7637,0.82,,,5.7719,9.6283,8.0099,0.0,,41701.2377,41603.7177,29050.1353,234777.9683,234228.9307
600229.SH,20251014,6.63,0.3784,0.994,0.88,51.6232,,1.3801,1.8008,2.0553,4.0724,1.0558,66070.7784,66070.7784,25148.1503,438049.2608,438049.2608
600230.SH,20251014,12.28,1.6635,3.0812,0.93,183.2627,231.2482,1.271,1.0024,1.0674,1.1297,0.171,41396.1015,41396.1015,22349.3591,508344.1264,508344.1264
600231.SH,20251014,2.23,2.2536,7.5857,2.24,,,1.2729,0.3515,0.4162,0.0,,285217.7822,281919.7822,83754.3949,636035.6543,628681.1143
600232.SH,20251014,6.39,2.3686,4.7611,1.01,104.253,,2.5266,1.7816,1.8987,3.9124,3.1299,36471.8544,36471.8544,18144.5093,233055.1496,233055.1496
600233.SH,20251014,17.66,0.4699,1.0219,0.76,15.0641,15.6775,1.893,0.8756,0.8354,1.9797,2.0371,342253.9846,342253.9846,157377.8802,6044205.368,6044205.368
600234.SH,20251014,12.0,9.3713,17.6991,4.28,78.8017,45.0544,6.4054,8.411,6.6639,0.0,,26252.0973,26252.0973,13899.8888,315025.1676,315025.1676
600235.SH,20251014,7.27,3.8206,5.9971,0.73,35.4709,66.0897,1.6917,1.7506,1.9997,0.8253,0.2338,35130.0,35130.0,22380.0,255395.1,255395.1
600236.SH,20251014,7.12,0.2571,1.9597,0.71,24.5781,27.596,3.3806,5.8471,6.2898,2.8792,2.8792,788237.7802,788237.7802,103402.6809,5612252.995,5612252.995
600237.SH,20251014,7.18,3.2831,4.3012,1.17,47.3022,42.0757,2.3838,3.5158,3.2893,0.0,,63070.9155,62167.6155,47451.8898,452849.1733,446363.4793
600238.SH,20251014,5.89,1.0462,1.286,0.92,,,28.5126,15.0673,18.4818,0.0,,44820.0,44527.158,36223.5725,263989.8,262264.9606
600239.SH,20251014,2.6,2.7669,4.5397,0.87,,,3.2613,2.164,2.182,0.0,,160568.6909,160568.6909,97863.6334,417478.5963,417478.5963
600241.SH,20251014,8.17,1.565,3.0468,0.72,124.0499,170.6629,2.0534,5.9979,5.994,0.0,,29430.2115,29430.2115,15116.8642,240444.828,240444.828
600246.SH,20251014,12.59,7.7066,11.6758,1.04,,,4.5163,48.0901,53.281,0.0,,189041.2476,189041.2476,124777.3546,2380029.3073,2380029.3073
600248.SH,20251014,3.92,0.7384,2.3097,1.25,4.953,6.0348,0.5306,0.097,0.1036,5.14,3.5809,373973.5286,370573.9286,118466.4071,1465976.2321,1452649.8001
600249.SH,20251014,5.95,2.0621,3.227,0.94,40.352,41.1728,1.513,3.1076,3.0922,0.5042,0.5042,55000.0,55000.0,35146.6244,327250.0,327250.0
600250.SH,20251014,10.39,2.325,4.9489,0.9,70.7069,124.2603,5.2696,4.1564,4.3804,0.0,,31059.3879,31059.3879,14592.0166,322707.0403,322707.0403
600251.SH,20251014,9.05,1.9641,3.5419,0.91,34.3691,34.8008,1.8763,1.8204,2.1339,5.0829,1.989,77699.3583,77699.3583,43085.8715,703179.1926,703179.1926
600252.SH,20251014,2.74,1.3416,1.9237,0.84,,,1.577,3.8554,3.7885,0.3894,,319522.837,318416.307,222056.6268,875492.5734,872460.6812
600255.SH,20251014,4.07,9.5104,10.6233,1.42,117.8905,153.2375,5.0682,1.8571,1.7191,0.0,,180614.6955,180614.6955,161693.6655,735101.8107,735101.8107
600256.SH,20251014,5.35,2.3146,3.5975,1.16,11.5493,14.4952,1.4432,0.9384,0.9787,13.2971,11.6262,639200.2964,639200.2964,411254.7151,3419721.5857,3419721.5857
600257.SH,20251014,5.4,3.6132,5.025,1.43,,,3.2687,2.488,2.671,0.0,,48123.7188,48123.7188,34603.4266,259868.0815,259868.0815
600258.SH,20251014,14.6,1.3969,2.6257,1.0,20.2185,19.2718,1.3943,2.1032,2.1229,1.5068,2.4658,111660.3126,111660.3126,59405.9451,1630240.564,1630240.564
600259.SH,20251014,61.8,10.0076,16.2603,1.68,,275.0842,6.0482,1.6506,2.05,0.0,,33643.591,33643.591,20706.3393,2079173.9238,2079173.9238
600261.SH,20251014,3.64,1.8871,3.5376,0.84,23.9366,21.4594,1.4128,1.5301,1.7101,3.5714,3.8462,133505.2966,133505.2966,71216.9134,485959.2796,485959.2796
600262.SH,20251014,23.25,2.7991,4.7868,0.84,22.0922,19.3934,2.3557,1.3543,1.2191,1.0796,1.3591,17000.0,17000.0,9940.8501,395250.0,395250.0
600265.SH,20251014,20.81,1.0093,2.8276,0.88,,,27.7741,6.0424,7.8064,0.0,,12980.0,12980.0,4633.1947,270113.8,270113.8
600266.SH,20251014,5.44,2.3526,4.3175,0.84,,,0.5844,0.4438,0.3564,1.8382,0.9191,207574.3507,207574.3507,113108.0246,1129204.4678,1129204.4678
600267.SH,20251014,10.27,1.3818,2.2229,1.17,20.4799,26.4771,1.4751,1.1907,1.1899,0.0,1.9933,119884.8196,119818.8946,74479.9943,1231217.0973,1230540.0475
600268.SH,20251014,12.42,11.6179,25.2772,1.88,37.0419,28.29,3.7336,1.3972,1.2754,0.6041,1.1275,101587.0778,101074.2795,46455.7316,1261711.5063,1255342.5514
600269.SH,20251014,4.9,1.1765,2.5783,1.52,8.9459,8.0822,0.602,1.912,1.9575,3.2653,3.4694,233540.7014,233540.7014,106564.7107,1144349.4369,1144349.4369
600271.SH,20251014,8.27,0.9494,1.792,1.13,960.4228,,1.1188,1.8443,2.3292,0.399,0.0484,185288.4638,185288.4638,98160.8244,1532335.5956,1532335.5956
600272.SH,20251014,12.63,1.2663,2.284,0.94,94.7823,210.0746,4.2778,3.0325,2.8908,0.3462,0.3109,26265.1945,16000.0,8871.0217,331729.4065,202080.0
600273.SH,20251014,8.51,1.2112,2.0012,1.04,11.4581,10.9059,1.1527,1.2615,1.2107,4.7333,4.6159,135687.9522,135687.9522,82122.7107,1154704.4732,1154704.4732
600276.SH,20251014,64.27,1.102,1.808,1.15,67.3197,57.9986,7.2962,15.2431,14.1507,0.3107,0.3108,663719.9874,637900.2274,388806.5783,42657283.5902,40997847.615
600278.SH,20251014,7.43,0.8674,2.2828,0.9,30.1369,32.1631,0.8619,0.1839,0.1883,2.5125,2.2485,87714.3737,87191.5557,33132.4668,651717.7966,647833.2589
600279.SH,20251014,5.41,1.697,4.9108,3.03,12.1381,13.2166,0.9593,1.467,1.4414,0.8318,0.7394,118686.6283,118686.6283,41013.9003,642094.6591,642094.6591
600280.SH,20251014,3.35,2.0529,4.7746,1.32,,,5.7204,1.6448,1.7667,0.0,,112833.4788,112833.4788,48514.7372,377992.154,377992.154
600281.SH,20251014,6.4,5.8445,10.3402,1.59,,,22.923,8.5097,8.8714,0.0,,51440.2025,51440.2025,29074.8686,329217.296,329217.296
600282.SH,20251014,5.34,0.7582,2.0358,0.82,14.5622,13.2187,1.2564,0.5326,0.5768,6.5543,3.8127,616509.1011,616509.1011,229601.355,3292158.5999,3292158.5999
600283.SH,20251014,9.53,0.6091,1.4544,1.09,24.8308,22.6495,1.7652,2.3017,2.2661,1.3209,2.6233,56082.4898,54416.7189,22788.482,534466.1278,518591.3311
600284.SH,20251014,8.62,5.3449,8.484,1.7,14.0952,14.9338,1.0619,0.4435,0.5273,4.4316,3.0974,97025.6,97025.6,61126.3687,836360.672,836360.672
600285.SH,20251014,22.71,1.268,1.6158,1.04,17.8246,16.4296,4.2001,3.6789,3.4865,3.5029,3.963,56711.5486,56586.5486,44404.7588,1287919.2687,1285080.5187
600287.SH,20251014,5.44,1.1999,2.5451,1.04,48.8014,52.3048,1.0798,0.7349,0.7969,0.0,,43884.7974,43679.6074,20592.4619,238733.2979,237617.0643
600288.SH,20251014,14.05,3.4254,3.6552,1.03,,,3.3501,3.4814,3.3772,0.0854,,43680.0,43680.0,40934.0,613704.0,613704.0
600289.SH,20251014,6.29,0.6235,0.9058,0.56,,,3.4236,12.3939,15.2254,0.0,,63105.2069,56592.2684,38956.2787,396931.7514,355965.3682
600292.SH,20251014,12.69,1.3097,2.7468,0.85,275.526,,1.9172,2.0982,2.1723,0.2206,,78081.689,78081.689,37230.0764,990856.6334,990856.6334
600293.SH,20251014,3.07,3.06,4.2732,1.87,283.4879,,2.0737,2.0548,2.3905,0.0,,116014.5046,116014.5046,83077.3945,356164.5291,356164.5291
600295.SH,20251014,10.99,1.2058,5.2265,1.84,16.6538,16.8204,1.5156,1.0829,1.147,7.2793,5.4595,279877.6254,197557.6254,45577.9458,3075855.1031,2171158.3031
600298.SH,20251014,41.54,1.5944,2.596,1.24,27.2233,25.1669,3.2072,2.3728,2.2648,1.1893,1.3241,86805.8471,85715.0471,52644.2726,3605914.8885,3560603.0565
600299.SH,20251014,9.51,0.2851,2.023,0.87,21.1777,19.0775,1.5149,1.6418,1.5195,0.6309,1.8927,268190.1273,268190.1273,37798.485,2550488.1106,2550488.1106
600300.SH,20251014,3.41,2.3882,3.4568,1.66,13.4125,14.4819,1.6218,1.5082,1.6059,1.9062,3.7537,161714.218,161714.218,111721.418,551445.4834,551445.4834
600301.SH,20251014,32.0,7.9421,10.9289,0.83,30.7753,29.3007,4.6199,4.3711,3.9196,0.0,,63256.7479,27533.5681,20008.7623,2024215.9328,881074.1792
600302.SH,20251014,7.25,4.4775,7.8237,1.65,,,3.9876,5.6202,6.3328,0.0,,34600.9804,34600.9804,19801.8356,250857.1079,250857.1079
600303.SH,20251014,3.9,5.184,6.1677,0.7,,,2.2237,1.8069,1.579,0.0,,68360.4211,67560.4211,56784.441,266605.6423,263485.6423
600305.SH,20251014,8.06,1.06,1.784,1.11,70.0331,61.8171,2.6809,4.0613,3.8494,0.8657,1.2407,110647.1528,110298.8228,65537.4335,891816.0516,889008.5118
600307.SH,20251014,1.72,1.3262,3.2186,1.14,,,1.5642,0.3092,0.3272,0.0,,626335.7424,626335.7424,258083.7496,1077297.4769,1077297.4769
600308.SH,20251014,3.68,1.0091,1.6737,1.04,154.3635,,0.6082,0.4279,0.4319,1.2776,0.2133,151687.0176,151687.0176,91451.4353,558208.2248,558208.2248
600309.SH,20251014,64.77,0.9785,1.8593,0.96,15.5574,18.464,2.0428,1.1136,1.1527,3.3215,1.1304,313047.1626,313047.1626,164752.5792,20276064.7216,20276064.7216
600310.SH,20251014,3.98,1.3194,2.692,1.52,92.6134,,2.0192,1.4837,1.5989,0.7538,0.7538,146571.0722,146571.0722,71835.2412,583352.8674,583352.8674
600312.SH,20251014,17.5,3.7199,6.3504,1.11,23.2084,20.5701,2.1476,1.9148,1.8189,2.0,1.6514,135692.1309,135692.1309,79485.2086,2374612.2908,2374612.2908
600313.SH,20251014,6.52,3.7419,6.214,1.76,150.4875,129.0096,3.5745,1.2684,1.0844,0.0,,108219.8663,108219.8663,65166.6375,705593.5283,705593.5283
600315.SH,20251014,26.59,1.5272,3.1894,1.66,,,2.5645,3.1477,3.0627,0.9817,0.1128,67222.598,67222.598,32188.2402,1787448.8808,1787448.8808
600316.SH,20251014,37.29,1.7756,3.4248,0.71,681.5457,666.2086,5.0099,5.0916,4.9404,0.0402,0.0456,71711.4512,71711.4512,37180.2292,2674120.0152,2674120.0152
600318.SH,20251014,9.7,4.7354,6.1982,1.22,159.594,135.3676,4.6264,15.8468,15.1008,0.0,0.2062,51272.7632,51272.7632,39172.7725,497345.803,497345.803
600319.SH,20251014,8.19,1.6317,3.011,0.92,,,7.0514,3.4878,3.5373,0.0,,38770.9384,38770.9384,21010.7241,317533.9855,317533.9855
600320.SH,20251014,4.59,1.7096,3.1494,1.02,45.3246,42.3168,1.5639,0.7018,0.6984,1.0893,1.1983,526835.3501,332199.7661,180323.2242,2418174.257,1524796.9264
600322.SH,20251014,2.59,6.0612,7.964,1.07,,,,1.0561,1.2243,0.0,,110570.0,110570.0,84151.356,286376.3,286376.3
600323.SH,20251014,27.8,0.689,1.2716,0.98,13.6226,12.9997,1.6447,1.907,1.9169,1.7266,2.8777,81534.7146,81534.7146,44176.6026,2266665.0659,2266665.0659
600325.SH,20251014,5.27,1.7914,2.4921,0.7,15.2463,,0.7527,0.2418,0.1977,7.0209,2.344,275215.2116,275215.2116,197830.6853,1450384.1651,1450384.1651
600326.SH,20251014,12.83,7.4072,9.6848,1.16,,,4.5344,5.4614,5.083,0.0,,133584.8577,133584.8577,102169.2365,1713893.7243,1713893.7243
600327.SH,20251014,4.72,0.9948,1.7991,0.98,95.7001,,1.2319,1.1465,1.1785,1.2554,0.6277,88477.9518,88477.9518,48922.7146,417615.9325,417615.9325
600328.SH,20251014,7.93,1.191,2.1925,0.95,22.4133,88.9443,0.9688,0.9019,0.9283,3.4692,1.5522,146630.9533,146630.9533,79652.9346,1162783.4597,1162783.4597
600329.SH,20251014,43.67,1.004,2.3602,1.11,15.0852,9.6107,3.8281,4.6026,5.612,2.9314,2.9311,77009.4356,56708.9356,24123.3828,3363002.0527,2476479.2177
600330.SH,20251014,10.32,5.297,6.5312,0.85,143.4695,203.765,1.5867,4.1448,4.1237,0.77,0.2103,123343.4416,123343.4416,100035.6343,1272904.3173,1272904.3173
600331.SH,20251014,10.21,2.2283,3.1321,0.79,746.8993,,8.5557,7.9109,7.7982,0.0,,264160.0,203200.0,144568.5195,2697073.6,2074672.0
600332.SH,20251014,25.72,0.8799,1.8365,1.22,14.7471,14.923,1.1268,0.5576,0.5518,4.4673,3.1104,162579.0949,140589.0949,67358.5846,4181534.3208,3615951.5208
600333.SH,20251014,6.7,12.173,29.5109,3.31,,,2.167,1.7708,1.8216,0.0,,60903.0684,60903.0684,25121.9808,408050.5583,408050.5583
600335.SH,20251014,6.0,0.8976,2.8677,0.88,22.8679,25.1455,0.7834,0.2136,0.2254,0.5,1.8333,149578.8692,149578.8692,46818.041,897473.2152,897473.2152
600336.SH,20251014,7.03,2.2955,3.7416,0.95,,,2.2658,0.7178,0.7737,0.4267,0.2845,79801.4769,79801.4769,48959.7544,561004.3826,561004.3826
600337.SH,20251014,2.31,5.0739,9.4461,0.95,,,1.2521,0.9779,1.0176,0.0,0.5188,143699.8137,143699.8137,77187.1513,331946.5696,331946.5696
600338.SH,20251014,13.64,9.3327,10.1417,1.12,54.3093,30.9834,3.0093,7.606,6.14,0.0,0.4032,91421.0168,91421.0168,84128.0672,1246982.6692,1246982.6692
600339.SH,20251014,3.62,1.045,3.7588,0.73,31.8055,34.9593,0.7567,0.2352,0.2249,1.1326,1.326,558314.7471,558314.7471,155218.0662,2021099.3845,2021099.3845
600340.SH,20251014,2.13,2.497,4.0209,1.23,,,,0.3508,0.4016,0.0,,391372.0342,389335.5062,241775.7667,833622.4328,829284.6282
600343.SH,20251014,14.89,2.3435,4.1689,1.03,,,6.8261,10.2682,10.8355,0.0,,63820.6348,63820.6348,35876.5744,950289.2522,950289.2522
600345.SH,20251014,25.72,2.4926,3.9341,0.94,49.671,60.1876,2.439,9.1786,9.0173,0.311,0.2138,32961.2132,21155.9297,13404.0182,847762.4035,544130.5119
600346.SH,20251014,16.85,0.2932,1.1135,0.74,16.8393,19.521,1.8941,0.502,0.5211,3.2641,3.1454,703909.9786,703909.9786,185385.0616,11860883.1394,11860883.1394
600348.SH,20251014,7.71,2.0625,4.6374,1.42,12.502,16.2796,1.0196,1.1099,1.1541,9.3126,4.0078,360750.0,360750.0,160447.8633,2781382.5,2781382.5
600350.SH,20251014,9.04,0.3919,2.9634,1.54,13.6742,13.4076,1.5172,1.5338,1.6129,4.6516,4.646,483457.0825,483457.0825,63933.0459,4370452.0258,4370452.0258
600351.SH,20251014,6.74,2.5332,2.9276,1.41,19.4406,19.8811,1.6853,1.7565,1.9809,2.2891,4.451,70000.0046,70000.0046,60570.0046,471800.031,471800.031
600352.SH,20251014,10.08,0.7466,0.9963,1.11,16.1522,15.9508,0.9697,2.0646,2.1247,4.4643,4.4643,325333.186,325333.186,243794.564,3279358.5149,3279358.5149
600353.SH,20251014,19.16,12.3085,21.2026,1.65,155.1808,144.4647,8.6815,10.0238,10.0008,0.2091,0.3132,82997.6239,82881.1159,48113.8997,1590234.4739,1588002.1806
600354.SH,20251014,6.56,9.3982,12.4596,2.58,69.4192,47.474,4.9028,2.9953,2.6974,0.0,,52780.208,52780.208,39811.7645,346238.1645,346238.1645
600355.SH,20251014,3.37,1.9051,2.2369,0.56,,,14.7994,11.6378,10.4826,0.0,,49208.92,49208.92,41908.92,165834.0604,165834.0604
600356.SH,20251014,9.52,1.3661,2.0288,0.71,24.5547,18.3954,1.0804,1.0254,0.9717,1.437,1.2605,29873.1378,29873.1378,20115.4355,284392.2719,284392.2719
600358.SH,20251014,5.5,1.4517,2.0533,1.04,,,44.9231,7.6143,7.7405,0.0,,50493.666,50493.666,35700.7,277715.163,277715.163
600359.SH,20251014,7.01,2.7857,4.6675,1.33,84.0175,,3.9475,4.677,5.217,0.0,,38151.282,38151.282,22769.7245,267440.4868,267440.4868
600360.SH,20251014,8.1,1.8347,2.3618,1.0,60.8953,46.5411,2.2756,3.7803,3.4948,0.1432,0.4938,96029.5304,96029.5304,74596.8648,777839.1962,777839.1962
600361.SH,20251014,4.28,3.3793,3.3793,1.08,15.9111,20.4381,1.4838,0.1986,0.1976,1.7885,1.8879,375607.2163,146926.1844,146926.1844,1607598.8858,628844.0692
600362.SH,20251014,38.58,6.6824,15.9439,1.27,19.1882,17.7648,1.673,0.2565,0.2646,1.5474,1.8053,346272.9405,207524.7405,86976.8295,13359210.0445,8006304.4885
600363.SH,20251014,66.88,6.4463,8.1484,1.53,125.7558,109.9396,6.9078,9.7703,9.4632,0.1125,0.0807,45351.445,45351.445,35877.8358,3033104.6416,3033104.6416
600365.SH,20251014,3.16,1.0663,1.3342,0.94,,,4.2273,1.6402,1.6854,0.0,,45128.0,42728.0,34147.8092,142604.48,135020.48
600366.SH,20251014,15.61,10.3549,15.1577,1.33,180.4387,104.3692,2.8826,3.403,3.3745,0.3211,0.3137,109904.1051,106304.2036,72621.1715,1715603.0806,1659408.6182
600367.SH,20251014,17.36,4.9964,7.4166,0.7,66.479,41.1328,2.4221,2.6953,2.649,0.1152,0.288,34113.0902,32197.3182,21690.5846,592203.2459,558945.444
600368.SH,20251014,4.25,1.4264,2.8705,1.35,9.7976,10.3453,0.9807,3.7526,3.7048,1.9367,3.0824,160965.3858,160965.3858,79986.519,684102.8897,684102.8897
600369.SH,20251014,4.72,0.6227,1.1841,0.83,44.8458,40.0934,1.2218,12.2249,10.8978,1.1653,1.8008,664510.9124,664510.9124,349465.4207,3136491.5065,3136491.5065
600370.SH,20251014,2.09,1.1047,5.9033,0.6,,,1.5994,0.3374,0.3619,0.0,,389667.1117,389667.1117,72921.5534,814404.2635,814404.2635
600371.SH,20251014,9.45,9.0245,17.6109,2.48,52.5357,75.715,4.9835,8.066,9.0661,2.1164,1.5873,29257.8,29257.8,14992.7865,276486.21,276486.21
600372.SH,20251014,12.62,0.8462,1.8915,0.95,58.6772,78.3514,1.6086,2.5573,2.5895,0.9984,0.5547,483889.663,483889.663,216483.9724,6106687.5471,6106687.5471
600373.SH,20251014,10.52,1.1082,2.523,0.85,19.3262,34.0939,0.8182,1.5462,1.8742,7.3357,3.8788,136750.5119,134735.8719,59181.7687,1438615.3852,1417421.3724
600375.SH,20251014,8.26,9.6691,13.0344,1.16,84.215,39.235,3.9808,3.1359,2.5602,0.0,,160307.1367,108768.576,80685.6857,1324136.9491,898428.4378
600376.SH,20251014,5.98,11.6576,24.6232,1.0,,,1.9617,0.6371,0.461,0.0,,257956.5242,257956.5242,122126.6904,1542580.0147,1542580.0147
600377.SH,20251014,13.41,0.3973,3.2106,1.49,13.6568,14.6159,1.6829,2.9121,2.9834,3.5048,3.654,503774.75,380218.3001,47054.5099,6755619.3975,5098727.4043
600378.SH,20251014,30.17,1.2992,2.8888,1.19,36.9325,29.3079,2.2352,2.7867,2.1305,0.8103,0.948,128999.962,107256.5363,48236.724,3891928.8535,3235929.7002
600379.SH,20251014,13.36,3.8213,6.8471,1.44,48.8217,54.0348,5.6989,3.0129,3.5168,0.8009,0.8193,33020.1564,33020.1564,18428.448,441149.2895,441149.2895
600380.SH,20251014,12.11,1.0557,2.0683,1.19,15.978,15.8805,1.5127,1.4184,1.4496,1.5227,1.6515,182945.3386,182945.3386,93379.9733,2215468.0504,2215468.0504
600381.SH,20251014,4.65,0.8528,1.4652,0.74,,,2.6404,10.1006,10.632,0.0,,58706.0741,58706.0741,34168.2758,272983.2446,272983.2446
600382.SH,20251014,7.63,15.4365,25.3354,5.64,962.0255,58.2984,1.9433,12.3257,9.0277,2.3958,1.2236,69440.8089,69440.8089,42309.202,529833.3719,529833.3719
600383.SH,20251014,4.29,2.1743,3.4861,0.67,,,0.3502,0.2573,0.2774,0.4592,,451458.3572,451458.3572,281581.6135,1936756.3524,1936756.3524
600386.SH,20251014,4.45,1.3624,3.0275,0.78,173.2633,211.4936,2.0191,0.7943,0.8324,0.4494,0.2247,80640.0,80640.0,36288.0,358848.0,358848.0
600388.SH,20251014,15.0,1.052,1.4814,0.63,22.9415,22.5583,1.8519,1.9014,1.8992,1.1271,1.8667,127004.6293,127004.6293,90191.0379,1905069.4395,1905069.4395
600389.SH,20251014,26.53,2.8849,4.0611,1.45,50.9144,29.1397,2.8484,2.1035,2.0316,0.7539,1.1308,43065.0,43065.0,30592.1859,1142514.45,1142514.45
600390.SH,20251014,6.01,1.4348,2.8938,1.24,53.4778,203.0062,0.637,30.6273,30.8648,2.5458,,449806.5459,449806.5459,223024.9462,2703337.3409,2703337.3409
600391.SH,20251014,28.78,4.5606,7.128,0.88,138.1134,149.1272,5.473,2.4675,2.6798,0.0,,33012.9367,33012.9367,21122.2062,950112.3182,950112.3182
600392.SH,20251014,25.0,11.1412,15.1046,1.25,211.4933,67.1458,4.1914,3.8537,3.6181,0.28,0.48,175282.657,175282.657,129288.376,4382066.425,4382066.425
600395.SH,20251014,5.66,1.3142,2.8091,1.18,116.6472,196.6336,1.1631,1.3652,1.2143,4.947,0.7067,214662.4894,214662.4894,100426.127,1214989.69,1214989.69
600396.SH,20251014,3.26,1.5373,3.4234,1.14,56.6659,95.0906,3.3525,1.0779,1.1073,0.0,,147270.6817,147270.6817,66132.6238,480102.4223,480102.4223
600397.SH,20251014,7.88,9.2754,15.2917,2.84,,,,1.4435,1.7472,0.0,,98995.9882,98995.9882,60047.3792,780088.387,780088.387
600398.SH,20251014,6.55,0.8696,2.165,1.19,14.5734,14.9612,1.7739,1.5011,1.4872,12.0611,2.7481,480277.0296,480277.0296,192919.4365,3145814.5439,3145814.5439
600399.SH,20251014,5.32,1.8464,2.6375,1.14,93.9404,,1.7377,1.2366,1.3066,1.0526,0.3366,197210.0,197210.0,138058.9056,1049157.2,1049157.2
600400.SH,20251014,2.97,10.6386,28.5418,1.66,,,2.7895,3.4738,3.8983,0.6736,,229137.1852,229137.1852,85408.0243,680537.44,680537.44
600403.SH,20251014,4.95,3.8498,24.8322,1.25,,,2.4424,2.4003,2.7842,0.0,,239081.2402,239081.2402,37065.1791,1183452.139,1183452.139
600405.SH,20251014,5.7,3.5708,3.9757,1.05,,,12.8715,5.9807,7.0649,0.0,,61282.9588,61011.9397,54798.0782,349312.8652,347768.0563
600406.SH,20251014,23.53,0.9768,2.28,0.97,24.8347,24.0662,3.973,3.2916,3.0708,2.8617,2.463,803208.8259,799632.4758,342576.632,18899503.6734,18815352.1556
600408.SH,20251014,2.48,5.4312,7.9364,1.3,,,1.7565,0.374,0.4654,0.0,,100680.0,100680.0,68899.2884,249686.4,249686.4
600409.SH,20251014,5.56,1.2201,2.2394,1.0,23.0004,46.9195,0.8295,0.5373,0.5692,1.4928,1.3129,206434.9448,206434.9448,112473.3154,1147778.2931,1147778.2931
600410.SH,20251014,18.68,11.7525,11.7525,1.01,849.1218,49.8515,4.5183,4.7961,4.6758,0.0,0.0353,109649.4683,109649.4683,109649.4683,2048252.0678,2048252.0678
600415.SH,20251014,19.04,1.8776,4.587,1.81,33.9686,31.4803,5.1199,6.6344,6.2579,1.0506,1.7332,548364.5926,548286.0526,224432.9306,10440861.8431,10439366.4415
600416.SH,20251014,15.55,3.2602,5.4076,0.73,92.1785,84.8052,2.3784,4.8814,4.768,0.0,,147578.2384,132540.6445,79908.5747,2294841.6071,2061007.022
600418.SH,20251014,49.69,1.9765,2.7541,0.76,,,10.2481,2.5768,2.7011,0.0423,,218400.9791,218400.9791,156739.4789,10852344.6515,10852344.6515
600419.SH,20251014,10.4,1.8865,3.0134,1.02,75.157,66.0079,1.4249,1.1701,1.1903,1.3072,0.2018,31551.0787,31551.0787,19752.1953,328131.2185,328131.2185
600420.SH,20251014,10.71,0.9295,2.1187,1.04,13.2555,13.8486,1.0633,1.3133,1.4575,1.8674,2.8011,134117.2692,134117.2692,58835.2257,1436395.9531,1436395.9531
600421.SH,20251014,7.37,1.3449,2.8955,1.04,,,305.8886,12.3032,11.2293,0.0,,19560.0,19560.0,9085.2748,144157.2,144157.2
600422.SH,20251014,14.03,0.8937,1.3957,1.07,16.3874,17.2142,2.0318,1.2641,1.2954,1.4258,2.1383,75697.5757,75697.5757,48468.1411,1062036.9871,1062036.9871
600423.SH,20251014,3.72,1.7459,2.5856,1.1,98.463,165.3865,5.3506,18.0185,18.6372,0.0,,79869.5026,79869.5026,53930.8512,297114.5497,297114.5497
600425.SH,20251014,4.79,5.2383,7.3894,0.89,21.7337,30.961,1.2141,1.7759,1.9029,2.0877,2.0877,160470.3707,137879.0086,97742.244,768653.0757,660440.4512
600426.SH,20251014,25.5,1.0186,1.501,1.24,13.8734,16.6734,1.6937,1.5819,1.64,3.5295,2.3517,212321.9998,211945.6552,143839.5178,5414210.9949,5404614.2076
600428.SH,20251014,7.0,2.108,4.5257,1.29,12.5491,11.8125,1.1875,1.1446,0.9568,2.7717,3.9857,274392.0395,244528.5583,113896.7274,1920744.2765,1711699.9081
600429.SH,20251014,4.77,0.7022,2.6121,0.92,131.3362,65.7393,1.387,1.0266,1.109,1.0273,0.2516,150917.6043,149755.7426,40256.6929,719876.9725,714334.8922
600433.SH,20251014,3.27,1.6007,2.9662,1.14,31.1534,139.4285,1.2767,0.7542,0.7593,0.0,1.8349,175027.9233,175027.9233,94450.9404,572341.3092,572341.3092
600435.SH,20251014,15.09,2.9525,4.7919,0.88,386.2966,91.4176,7.8512,8.2999,5.4854,0.2635,0.1323,151132.7873,151132.7873,93118.8303,2280593.7604,2280593.7604
600436.SH,20251014,195.0,0.3747,0.7643,1.03,39.5186,43.6089,8.5376,10.9055,11.1876,1.7795,1.6513,60331.721,60331.721,29579.4567,11764685.595,11764685.595
600438.SH,20251014,23.12,4.4403,8.1081,2.9,,,2.479,1.1314,1.1734,3.8969,,450198.9837,450198.9837,246545.535,10408600.5031,10408600.5031
600439.SH,20251014,2.8,1.5095,2.2769,0.92,,,1.2046,2.5581,2.5093,0.3571,,113198.544,113198.544,75044.7223,316955.9232,316955.9232
600444.SH,20251014,19.34,8.0744,14.5927,1.3,70.5142,56.7117,3.9085,3.6963,3.6026,0.5171,0.5688,14642.1932,14642.1932,8101.736,283180.0165,283180.0165
600446.SH,20251014,17.59,2.413,3.2432,0.93,,,4.49,3.5279,4.6592,0.3393,,94126.7479,94126.7479,70031.0338,1655689.4956,1655689.4956
600448.SH,20251014,3.48,5.8395,7.1769,1.13,,,1.8714,0.7469,0.7185,0.0,,62981.9662,62981.9662,51245.5192,219177.2424,219177.2424
600449.SH,20251014,13.32,1.0883,2.1353,0.99,26.383,21.6227,0.8738,0.736,0.9218,1.8769,1.5766,47818.1042,47818.1042,24370.5938,636937.1479,636937.1479
600452.SH,20251014,9.47,1.5554,2.6655,0.83,28.2843,29.9935,2.7223,4.6689,4.7556,1.6217,1.4784,153654.1654,153654.1654,89659.9591,1455104.9463,1455104.9463
600455.SH,20251014,25.84,1.9949,2.5126,0.87,49.1732,43.8243,5.1216,5.6242,5.4831,0.0,,6245.8,6245.8,4958.9938,161391.472,161391.472
600456.SH,20251014,32.97,3.1572,6.2395,1.27,27.3265,41.5616,2.2575,2.3664,2.6726,1.0616,1.1829,47777.7539,47777.7539,24175.8588,1575232.5461,1575232.5461
600458.SH,20251014,16.26,5.4898,10.6621,1.42,34.0353,28.7738,1.9739,0.755,0.7332,1.0075,1.1761,93118.05,80974.9272,41692.7855,1514099.493,1316652.3163
600459.SH,20251014,17.39,6.4124,10.4953,1.29,22.8013,22.5181,1.8277,0.2781,0.2511,1.0943,1.3818,75980.7126,75383.9558,46058.3239,1321304.5921,1310926.9914
600460.SH,20251014,32.5,6.6093,9.6662,1.29,245.9766,106.1292,4.3966,4.8198,4.4031,0.0,0.1231,166407.1845,166407.1845,113780.4915,5408233.4963,5408233.4963
600461.SH,20251014,9.13,1.2976,2.3666,1.46,9.8526,9.8186,1.3431,1.4252,1.4713,4.6201,5.0821,128415.5178,128415.5178,70411.7799,1172433.6775,1172433.6775
600463.SH,20251014,11.05,1.4919,3.7215,0.87,,,3.5616,6.8807,5.7229,0.0,,30000.0,30000.0,12026.1881,331500.0,331500.0
600467.SH,20251014,2.41,2.728,4.4908,1.11,81.0775,85.7355,1.03,2.4865,2.6194,0.4232,0.3701,146099.4304,146099.4304,88752.3314,352099.6273,352099.6273
600468.SH,20251014,7.46,11.9969,27.2657,0.83,,,4.0903,4.1357,3.8899,0.4424,,108773.5321,108773.5321,47860.3509,811450.5495,811450.5495
600469.SH,20251014,6.24,1.8868,4.6036,1.67,16.2017,29.7169,1.3388,0.6785,0.6432,4.6474,2.5641,72945.0871,72945.0871,29896.8215,455177.3435,455177.3435
600470.SH,20251014,5.94,5.3165,7.1356,1.82,123.0685,,1.8388,0.4956,0.4882,0.0,,52160.0,52160.0,38862.8256,309830.4,309830.4
600475.SH,20251014,16.88,6.044,19.2133,2.58,22.9118,27.2388,1.8745,1.7707,2.0764,2.6392,2.6442,95596.5729,94288.5729,29660.5809,1613670.1506,1591591.1106
600476.SH,20251014,17.33,2.2727,3.7463,1.2,211.59,188.2662,20.2116,4.3675,3.9803,0.0,,16107.0,16107.0,9771.228,279134.31,279134.31
600477.SH,20251014,2.74,1.9547,3.195,1.19,38.42,47.476,1.288,0.8168,0.8269,3.0892,2.544,236896.615,236896.615,144934.7486,649096.7251,649096.7251
600478.SH,20251014,6.21,3.2762,4.5995,1.03,132.3617,92.7386,3.6549,2.6263,2.4159,0.2415,,166554.0916,166554.0916,118634.0779,1034300.9088,1034300.9088
600479.SH,20251014,10.45,1.1935,1.6699,1.03,18.9524,18.1651,1.8045,1.2049,1.2412,3.3932,3.445,41850.7117,41850.7117,29912.5981,437339.9373,437339.9373
600480.SH,20251014,12.6,2.7055,4.8954,1.2,23.4986,22.3468,2.0163,0.8176,0.8038,2.1373,2.6252,122236.0477,120416.1985,66548.6265,1540174.201,1517244.1011
600481.SH,20251014,6.34,8.831,16.3331,3.21,,,2.9772,0.9112,1.1372,1.8896,,187377.1378,187377.1378,101311.5526,1187971.0537,1187971.0537
600482.SH,20251014,22.91,1.1028,2.1323,1.06,37.1191,28.14,1.2995,0.9987,0.9475,0.59,0.9484,225350.9214,225350.9214,116544.4681,5162789.6093,5162789.6093
600483.SH,20251014,9.87,1.7318,5.0114,1.12,9.8237,9.3284,1.072,1.8842,1.9232,2.9156,3.8804,278013.78,278013.78,96070.3356,2743996.0086,2743996.0086
600486.SH,20251014,68.7,1.024,1.7517,1.37,23.1689,22.3732,2.5266,2.669,2.5389,1.2851,1.3392,40539.8884,40398.8654,23616.2781,2785090.3331,2775402.053
600487.SH,20251014,20.83,4.7234,6.549,0.96,18.5574,18.5314,1.7174,0.8566,0.7854,0.7072,1.0941,246673.4657,244518.1125,176355.6767,5138208.2905,5093312.2834
600488.SH,20251014,4.11,0.6434,1.4661,1.22,33.6278,110.168,1.4938,1.3957,1.4946,2.1208,2.3844,109188.668,109188.668,47915.0231,448765.4255,448765.4255
600489.SH,20251014,24.76,3.9944,7.3747,1.45,35.4459,27.6663,4.2443,1.8308,1.6648,1.6236,1.567,484731.2564,484731.2564,262549.579,12001945.9085,12001945.9085
600490.SH,20251014,8.31,11.3737,15.3943,1.27,,198.9654,2.9386,3.5829,2.8417,0.0,,221288.7079,199262.1386,147219.7928,1838909.1626,1655868.3718
600491.SH,20251014,3.45,2.4899,3.6675,1.38,,,0.5206,0.5788,0.7734,0.0,,152975.7955,152975.7955,103857.2015,527766.4945,527766.4945
600493.SH,20251014,6.7,2.4079,3.5949,1.12,34.2724,33.0805,1.6329,1.9606,2.0378,1.4925,0.8761,27200.0,27200.0,18218.6406,182240.0,182240.0
600495.SH,20251014,5.13,1.4067,2.0416,1.05,268.5937,109.0966,1.903,4.7184,4.1526,0.2339,0.2729,120819.0886,120819.0886,83248.4978,619801.9245,619801.9245
600496.SH,20251014,3.84,2.2792,3.2421,1.31,14.9353,12.9899,0.8517,0.4133,0.3683,1.5625,2.0833,199012.4549,199012.4549,139905.5823,764207.8268,764207.8268
600497.SH,20251014,6.93,5.3665,9.0277,1.09,27.0213,26.4187,2.1643,1.8577,1.7861,2.0406,1.8812,504038.0483,504038.0483,299625.7602,3492983.6747,3492983.6747
600498.SH,20251014,25.24,4.9887,8.5576,1.12,46.3063,42.1382,2.1958,1.1398,1.2604,0.4663,0.6516,128921.2644,118478.1938,69068.4197,3253972.7135,2990389.6115
600499.SH,20251014,11.64,0.9622,1.6764,0.87,22.1838,17.213,1.8575,1.7717,1.4596,2.7907,1.6645,191785.6391,191785.6391,110077.5451,2232384.8391,2232384.8391
600500.SH,20251014,4.22,0.6485,1.4198,0.86,,,1.277,0.2861,0.2945,0.0,,358852.3593,358672.2753,163817.1275,1514356.9562,1513597.0018
600501.SH,20251014,24.7,4.1503,7.6543,0.77,,,6.0298,4.3663,4.6468,0.2451,,42782.42,42770.22,23190.8428,1056725.774,1056424.434
600502.SH,20251014,4.7,1.3058,1.9826,1.14,5.9989,6.2794,0.7374,0.0836,0.0865,5.5319,5.7447,171653.3938,171653.3938,113056.5144,806770.9509,806770.9509
600503.SH,20251014,3.27,3.6824,3.9645,0.9,,,1.4676,14.8517,15.6684,0.1223,,160229.0,160229.0,148827.0,523948.83,523948.83
600505.SH,20251014,13.82,3.8044,8.6163,1.18,607.452,135.9557,4.1598,3.4648,3.3514,0.0868,0.1447,36456.75,36456.75,16096.8977,503832.285,503832.285
600506.SH,20251014,19.6,3.4872,4.5815,0.86,119.9064,89.0417,8.1096,1.6265,1.583,0.0,,19201.8934,14770.6873,11242.8858,376357.1106,289505.4711
600507.SH,20251014,5.47,1.028,1.8764,0.98,51.0521,25.8177,1.3131,0.5869,0.6608,1.8423,0.5902,231318.789,231318.789,126733.9177,1265313.7758,1265313.7758
600508.SH,20251014,12.68,1.6363,4.3737,2.02,12.8062,20.3926,0.7166,0.9658,1.1269,4.8107,2.2871,72271.8,72271.8,27038.8767,916406.424,916406.424
600509.SH,20251014,9.3,8.2438,12.4151,0.99,51.4493,53.4695,1.66,1.3787,1.4547,1.7021,0.5914,137439.7407,137439.7407,91262.1667,1278189.5885,1278189.5885
600510.SH,20251014,7.89,1.568,3.9191,1.0,67.4601,66.6665,0.7675,1.6919,1.5787,1.5843,0.5196,103202.5457,103202.5457,41290.4959,814268.0856,814268.0856
600511.SH,20251014,28.89,0.9535,1.7462,1.26,10.8981,11.1888,1.2475,0.4308,0.4235,2.956,2.7691,75450.2998,55334.6424,30215.7901,2179759.1612,1598617.8189
600512.SH,20251014,2.52,2.0742,2.5346,1.05,154.4784,159.0392,0.6417,1.0803,1.1066,0.7962,0.7937,159381.0979,158740.5163,129907.8469,401640.3667,400026.1011
600513.SH,20251014,19.0,4.5903,7.6372,1.38,64.4447,,4.0777,2.5104,2.3383,0.7895,0.4684,28545.627,28545.627,17157.1454,542366.913,542366.913
600515.SH,20251014,4.14,1.5779,2.6315,1.17,103.1638,159.4531,2.0117,10.8285,10.6823,0.0,0.1208,1142530.9602,917601.2508,550231.8395,4730078.1752,3798869.1783
600516.SH,20251014,5.39,2.1364,3.4639,1.12,116.6529,316.9595,1.3449,5.6043,6.7591,0.5859,0.3481,402597.0368,402597.0368,248307.6847,2169998.0284,2169998.0284
600517.SH,20251014,5.86,0.6089,2.9849,1.03,21.2863,18.5657,1.5142,4.5007,4.2795,1.7747,1.587,571843.5744,571843.5744,116657.3593,3351003.346,3351003.346
600518.SH,20251014,2.02,1.4401,1.9302,1.03,3258.1607,2875.4665,4.0692,5.3832,5.2784,0.0,,1382889.669,1382235.2188,1031293.84,2793437.1314,2792115.142
600519.SH,20251014,1451.02,0.5324,1.223,1.45,21.0728,20.2041,7.8104,10.6324,10.1878,3.7856,3.5591,125227.0215,125227.0215,54514.113,181706912.7369,181706912.7369
600520.SH,20251014,27.74,2.9079,3.7347,1.16,200.9421,278.7556,11.4575,13.9796,14.1905,0.0,,15843.0,15843.0,12335.6667,439484.82,439484.82
600521.SH,20251014,19.23,2.5641,4.2471,1.19,25.7307,36.9176,3.0967,3.0157,3.2222,1.0066,1.294,149725.1442,149725.1442,90395.4617,2879214.523,2879214.523
600522.SH,20251014,17.94,4.4367,5.7382,0.85,21.5751,20.784,1.721,1.2741,1.2187,1.2263,1.663,341294.9652,341294.9652,263883.1769,6122831.6757,6122831.6757
600523.SH,20251014,14.55,1.5666,3.2182,1.0,33.1133,30.7709,1.8972,2.4714,2.3536,0.8385,0.9072,40431.132,40404.462,19668.17,588272.9706,587884.9221
600525.SH,20251014,3.29,1.4958,2.1446,0.74,,,1.1609,0.551,0.5532,0.0,,131878.0152,131878.0152,91981.1744,433878.67,433878.67
600526.SH,20251014,5.36,2.2899,3.4129,1.15,19.7535,18.5273,1.0877,1.1106,1.0787,0.0,1.8678,88870.284,72069.0073,48354.7375,476344.7222,386289.8791
600527.SH,20251014,2.34,7.0553,10.8345,1.11,106.4374,121.5422,1.9667,7.4935,7.399,2.1368,2.118,173176.0902,173176.0902,112770.0795,405232.0511,405232.0511
600528.SH,20251014,8.55,1.373,3.1227,1.28,10.7312,12.4658,0.7746,0.6549,0.6639,1.1848,1.2117,222155.1588,222155.1588,97674.5924,1899426.6077,1899426.6077
600529.SH,20251014,21.35,1.0498,1.3041,1.13,15.0247,16.8876,1.7757,2.7644,2.8837,3.2787,2.8103,66361.4113,66361.4113,53423.3133,1416816.1313,1416816.1313
600530.SH,20251014,8.19,1.5451,3.5078,0.66,208.2123,215.1936,19.907,19.5171,20.0878,0.0,0.1441,77492.0,77492.0,34133.9031,634659.48,634659.48
600531.SH,20251014,14.25,15.5205,24.4412,1.59,19.2484,17.8417,2.7186,0.3949,0.362,1.1227,1.5789,109031.3807,109031.3807,69236.1938,1553697.175,1553697.175
600533.SH,20251014,2.73,2.6824,4.7531,1.13,,,0.855,1.3537,0.5739,0.0,,105000.0,105000.0,59256.032,286650.0,286650.0
600535.SH,20251014,15.97,0.9049,1.8176,0.88,24.9673,22.3398,1.9276,2.8075,2.8354,4.1327,1.6907,149395.0005,149395.0005,74378.1968,2385838.158,2385838.158
600536.SH,20251014,55.55,13.4976,21.2371,2.99,,,15.0277,9.9792,9.5073,0.0,,93378.6584,84365.5895,53619.7835,5187184.4741,4686508.4967
600537.SH,20251014,4.1,14.5708,15.9154,2.44,,,16.9721,1.3953,1.9649,0.0,,118371.5018,118371.5018,108371.5018,485323.1574,485323.1574
600538.SH,20251014,5.67,2.0228,2.2457,0.83,,,3.8622,8.7298,9.3625,0.0,,52419.8348,52419.8348,47218.0463,297220.4633,297220.4633
600539.SH,20251014,10.55,1.915,3.1899,0.96,,,7.5272,5.0544,5.0221,0.0,,23000.0,23000.0,13807.7796,242650.0,242650.0
600540.SH,20251014,4.93,5.3439,10.4327,1.66,,,5.85,1.7515,0.7584,0.0,,58137.696,58137.696,29779.4219,286618.8413,286618.8413
600543.SH,20251014,5.97,2.6905,4.251,1.17,,,2.4649,5.8402,6.6594,0.0,,32112.0,32112.0,20323.8083,191708.64,191708.64
600545.SH,20251014,3.13,6.5104,12.0625,1.48,,,1.7126,1.3899,1.4277,0.0,,178791.2222,178791.2222,96497.6549,559616.5255,559616.5255
600546.SH,20251014,10.68,4.5721,10.8621,3.21,9.3338,12.9679,1.3281,0.7162,0.8414,6.0861,6.4607,198245.614,198245.614,83444.9858,2117263.1575,2117263.1575
600547.SH,20251014,42.89,2.4684,5.6058,1.29,66.9885,45.1803,6.5376,2.3961,2.1144,0.5129,0.5316,460992.9525,361444.3347,159157.4453,19771987.7327,15502347.5153
600548.SH,20251014,10.15,0.3406,2.1159,1.19,22.4962,19.3521,1.124,2.7861,2.7382,4.338,2.4039,253785.6127,171442.5983,27593.7696,2575923.9689,1740142.3727
600549.SH,20251014,32.47,6.1903,9.8309,1.34,29.8327,30.6195,3.2258,1.4646,1.3852,1.1004,1.8602,158758.5826,155393.198,97847.5624,5154891.177,5045617.1391
600550.SH,20251014,8.75,3.1349,7.3503,1.25,167.2843,108.2129,23.7834,3.3992,2.7433,0.0,,184152.848,184152.848,78540.2094,1611337.42,1611337.42
600551.SH,20251014,8.7,1.0279,2.7115,1.54,14.7649,13.5037,1.0184,0.7081,0.775,5.2545,4.5977,67805.5239,67805.5239,25703.9459,589908.0579,589908.0579
600552.SH,20251014,11.78,3.5199,4.9772,0.96,79.3921,74.1694,2.6659,2.2738,2.045,0.4244,0.4244,94460.6894,94460.6894,66803.3558,1112746.9211,1112746.9211
600556.SH,20251014,5.61,6.6048,10.8081,0.7,196.9666,236.9434,2.6327,2.494,2.5965,0.2763,0.1533,180774.7642,180774.7642,110470.798,1014146.4272,1014146.4272
600557.SH,20251014,14.99,1.6551,2.8467,0.9,21.6574,31.5717,1.8224,2.1774,2.5878,2.5457,,56615.8806,56615.8806,32916.6344,848672.0502,848672.0502
600558.SH,20251014,5.49,5.4028,8.109,1.9,31.7969,26.9343,2.1197,1.3839,1.385,1.0018,2.7322,89760.4831,89760.4831,59805.0432,492785.0522,492785.0522
600559.SH,20251014,17.19,2.1513,2.8794,1.56,19.9778,19.5678,3.0286,2.935,2.9286,2.6178,3.1995,91474.7444,90950.9444,67951.5412,1572450.8562,1563446.7342
600560.SH,20251014,16.39,1.1362,2.0707,0.79,69.6763,65.6353,3.8605,4.9573,5.6137,0.4332,0.4332,22364.55,22364.55,12271.9776,366554.9745,366554.9745
600561.SH,20251014,6.77,2.4922,4.1366,0.46,174.578,152.1743,2.0901,1.231,1.2435,0.0,,28447.68,28447.68,17138.7147,192590.7936,192590.7936
600562.SH,20251014,32.45,1.9953,5.8317,0.91,63.9896,63.589,6.5338,11.8509,11.311,0.4468,0.4838,124185.784,124185.784,42490.8042,4029828.6908,4029828.6908
600563.SH,20251014,121.01,1.8882,3.2887,1.14,26.2003,24.166,5.0343,5.7059,5.2829,1.6528,1.6528,22500.0,22500.0,12917.9776,2722725.0,2722725.0
600566.SH,20251014,25.03,0.4687,1.2155,0.8,9.1028,12.0171,1.7453,2.8744,3.4235,5.1969,8.3381,92066.066,91737.896,35378.3142,2304413.632,2296199.5369
600567.SH,20251014,1.82,2.421,3.3276,1.13,,,0.6808,0.3621,0.3673,0.4358,,581547.6687,581547.6687,423099.1022,1058416.757,1058416.757
600568.SH,20251014,1.82,1.3168,2.1468,1.1,,,2.1014,6.9565,6.3357,0.0,,199286.9681,166906.7279,102374.4773,362702.2819,303770.2448
600569.SH,20251014,2.3,1.2153,3.7807,1.01,,,2.4443,0.2229,0.2402,0.0,,287242.1386,287242.1386,92331.4083,660656.9188,660656.9188
600570.SH,20251014,32.8,2.1639,2.7315,0.79,59.57,48.7855,7.0317,9.4433,10.0698,0.3956,0.304,189473.4207,189473.4207,150099.112,6214728.199,6214728.199
600571.SH,20251014,16.33,2.4819,3.1035,0.93,105.5105,97.7983,6.7715,3.871,3.7071,1.5922,0.2878,46631.8309,45775.1703,36606.1545,761497.7986,747508.531
600572.SH,20251014,4.42,1.0848,1.7434,1.26,17.9304,18.7937,1.7097,1.713,1.737,4.5136,3.3887,252493.0371,251818.8518,156696.8522,1116019.224,1113039.325
600573.SH,20251014,11.51,1.0142,2.0316,1.13,44.3852,39.4853,2.1846,4.447,4.4225,0.5213,0.695,25000.0,25000.0,12480.5422,287750.0,287750.0
600575.SH,20251014,3.43,0.9404,2.5606,1.4,15.5396,18.2502,1.1132,0.444,0.4771,3.4985,,388626.1065,388626.1065,142729.1911,1332987.5453,1332987.5453
600576.SH,20251014,7.41,1.8212,2.7114,0.99,53.321,43.7205,2.6893,9.043,7.8541,0.0,,105454.844,66039.0083,44355.8125,781420.394,489349.0515
600577.SH,20251014,10.67,9.3376,12.6657,1.14,40.825,39.5965,3.927,1.0273,0.9634,1.5468,0.7498,214918.2634,214918.2634,158445.3515,2293177.8705,2293177.8705
600578.SH,20251014,4.39,0.6835,3.3376,0.94,17.0553,10.6545,1.3021,0.8296,0.811,2.3918,2.7335,669462.1015,669462.1015,137100.4264,2938938.6256,2938938.6256
600579.SH,20251014,8.53,1.3538,3.6845,0.94,,,2.5554,0.438,0.7304,0.0,,49360.0759,49360.0759,18136.0669,421041.4474,421041.4474
600580.SH,20251014,43.69,8.5488,13.9785,0.97,86.0832,72.8197,6.5246,4.2007,4.1871,0.1902,0.2852,156211.7511,156211.7511,95533.9973,6824891.4056,6824891.4056
600581.SH,20251014,4.62,4.6472,9.2985,0.97,,,,0.3794,0.3926,0.0,,153289.787,153289.787,76610.8606,708198.8159,708198.8159
600582.SH,20251014,6.07,1.047,2.6745,1.05,9.5821,7.9265,0.9956,0.8229,0.8442,4.6129,5.2224,413858.8892,413858.8892,162018.4906,2512123.4574,2512123.4574
600583.SH,20251014,5.41,1.4512,3.2529,1.37,11.0667,11.5939,0.9032,0.7985,0.8591,2.7172,3.7153,442135.48,442135.48,197245.4091,2391952.9468,2391952.9468
600584.SH,20251014,40.79,7.6724,9.9035,0.82,45.3475,49.9564,2.6232,2.0297,1.8677,0.2452,0.3677,178941.457,178941.457,138629.1648,7299022.031,7299022.031
600585.SH,20251014,23.9,0.7598,1.4676,0.89,16.4568,14.494,0.6743,1.3913,1.4599,3.9944,3.9749,529930.2579,399970.2579,207083.2565,12665333.1638,9559289.1638
600586.SH,20251014,5.0,1.9984,2.9514,1.53,117.1814,,1.2725,1.0984,1.338,2.0,0.2958,141733.77,141733.77,95970.2422,708668.85,708668.85
600587.SH,20251014,16.65,2.7293,3.8501,1.5,14.6053,17.0322,1.2738,1.008,1.0495,2.31,1.5015,60667.7919,60436.2036,42842.5509,1010118.7351,1006262.7899
600588.SH,20251014,15.32,3.4143,6.5269,0.93,,,6.9351,5.7194,5.8631,0.0,,341699.7409,341699.7409,178747.6627,5234840.0306,5234840.0306
600589.SH,20251014,7.02,3.347,3.9636,0.92,,124.9753,14.1432,25.711,25.6628,0.0,,148466.989,147846.989,124846.989,1042238.2628,1037885.8628
600590.SH,20251014,9.79,4.3631,6.7202,1.5,,,2.5698,1.9168,1.8698,0.0,,85286.975,84356.9523,54768.4677,834959.4853,825854.563
600592.SH,20251014,25.29,5.8273,9.3764,1.47,80.6365,80.3836,4.0582,5.6863,6.2873,0.5022,0.5733,39955.3571,39955.3571,24831.9771,1010470.9811,1010470.9811
600593.SH,20251014,36.18,6.0793,13.0999,2.02,,,35.2239,9.2233,9.504,0.0,,12880.0,12880.0,5977.2255,465998.4,465998.4
600594.SH,20251014,4.15,1.3921,1.8178,1.12,,,1.3306,1.5117,1.6441,1.5904,,79192.74,79192.74,60646.9764,328649.871,328649.871
600595.SH,20251014,5.59,5.3858,8.8428,2.69,31.8384,23.151,1.3832,0.9843,1.0028,0.0,,400790.5114,400790.5114,244103.6615,2240418.9587,2240418.9587
600596.SH,20251014,10.5,1.4402,2.0125,0.91,275.6588,,1.1403,0.9663,0.9955,0.9524,0.9524,134959.7049,134959.7049,96581.7198,1417076.9015,1417076.9015
600597.SH,20251014,8.55,0.9431,1.9503,0.98,16.323,17.8879,1.2066,0.4855,0.4903,2.5731,1.8713,137847.3763,137845.5363,66659.4767,1178595.0674,1178579.3354
600598.SH,20251014,14.97,3.1188,8.6978,1.96,24.4772,24.458,3.399,4.9847,5.0647,2.9392,3.674,177767.9909,177767.9909,63741.7788,2661186.8238,2661186.8238
600599.SH,20251014,7.76,0.9131,2.3745,0.71,,,11.742,3.9775,5.0219,0.0,,16600.0,16600.0,6383.1536,128816.0,128816.0
600600.SH,20251014,67.71,0.9069,2.1156,1.15,21.2589,20.047,3.0828,2.8742,2.8368,2.9538,3.2492,136419.6788,70912.5943,30399.3888,9236976.4515,4801491.7601
600601.SH,20251014,9.69,4.8839,7.8958,0.7,160.8943,147.7565,9.1432,11.8945,10.2417,0.0,,427374.2887,417029.3287,257950.4071,4141256.8575,4041014.1951
600602.SH,20251014,19.65,2.1081,3.762,0.97,132.7848,145.7397,5.6332,4.7797,4.5823,0.2188,0.229,136767.3455,107430.299,60201.6978,2687478.3391,2111005.3754
600603.SH,20251014,8.58,0.8064,1.8851,0.88,20.1196,20.2583,1.4137,2.7398,3.0468,0.0,,119332.9151,119332.9151,51048.6002,1023876.4116,1023876.4116
600604.SH,20251014,6.29,4.3712,10.9278,1.04,385.9394,483.7429,1.8816,4.5644,4.3109,0.0,0.159,187330.4804,140745.4804,56298.9292,1178308.7217,885289.0717
600605.SH,20251014,31.26,1.2834,2.8,1.03,67.8046,191.7379,4.5541,47.2331,50.7358,1.9194,0.4479,20628.2429,20628.2429,9455.5154,644838.8731,644838.8731
600606.SH,20251014,1.82,1.3138,4.7357,1.47,,,0.4216,0.1063,0.1164,0.0,,1405421.8314,1405421.8314,389885.2311,2557867.7331,2557867.7331
600608.SH,20251014,3.84,0.6095,0.7518,1.21,,,33.3546,73.3063,139.4571,0.0,,32886.1441,31837.1441,25809.9759,126282.7933,122254.6333
600609.SH,20251014,4.81,1.3973,1.9569,1.02,16.4319,21.8953,4.1903,1.4372,1.4774,0.0,,130455.8558,130455.8558,93150.9024,627492.6664,627492.6664
600610.SH,20251014,11.42,3.1269,4.9387,0.84,,297.0766,114.0327,11.1251,11.8076,0.0,,107127.4605,70872.6705,44872.6705,1223395.5989,809365.8971
600611.SH,20251014,6.06,2.2807,3.2707,0.98,67.7176,81.5863,1.4145,5.3965,6.359,0.8251,0.8251,236412.2864,156331.6364,109013.029,1432658.4556,947369.7166
600612.SH,20251014,50.38,1.2213,3.9951,1.32,13.5166,14.921,2.0841,0.464,0.5251,3.8706,4.0691,52311.7764,31710.963,9693.7837,2635467.295,1597598.3159
600613.SH,20251014,6.15,1.0727,2.1003,0.55,46.0097,49.4964,1.4205,1.6031,1.7293,1.626,2.439,53407.1628,47931.9978,24481.0662,328454.0512,294781.7865
600615.SH,20251014,12.77,1.3701,1.9587,0.75,329.0188,180.0958,3.9005,15.2586,6.3991,0.0653,0.0653,22562.461,22514.941,15748.459,288122.627,287515.7966
600616.SH,20251014,5.5,1.9685,3.1007,1.5,638.6526,258.6598,1.9118,6.3685,6.614,0.9091,0.9091,66900.495,66900.495,42471.3015,367952.7225,367952.7225
600617.SH,20251014,3.36,5.989,15.2414,3.83,,,1.8742,0.4015,0.4057,3.0825,,192919.1776,177554.2689,69769.0395,648208.4367,596582.3435
600618.SH,20251014,11.12,3.2324,11.4851,2.16,16.3315,14.8739,1.4439,1.5711,1.634,1.7986,1.8885,115639.9976,74983.9976,21103.4329,1285916.7733,833822.0533
600619.SH,20251014,22.0,6.2474,9.7486,0.7,697.6245,374.8126,3.8615,1.2596,1.1694,0.0457,0.0591,107334.4406,78917.4798,50574.145,2361357.6932,1736184.5556
600620.SH,20251014,6.16,1.2019,3.0544,0.81,131.8659,87.2332,2.9186,12.3729,10.1173,0.1623,0.2435,68667.7113,68667.7113,27020.6059,422993.1016,422993.1016
600621.SH,20251014,16.42,1.527,3.4129,0.64,47.6752,39.7016,2.015,1492.7189,14.8217,0.8465,0.475,106089.9292,106089.9292,47468.3404,1741996.6375,1741996.6375
600622.SH,20251014,2.81,3.7239,6.6799,1.34,,,1.3499,2.3183,2.4229,0.0,,149968.5402,149968.5402,83604.4347,421411.598,421411.598
600623.SH,20251014,8.94,1.1852,3.4353,0.98,20.8405,19.2715,0.853,0.4251,0.4105,1.4608,2.0227,212283.128,187184.1976,64579.4244,1897811.1643,1673426.7265
600624.SH,20251014,4.96,3.5717,5.0361,0.7,,,5.2991,5.2215,5.1652,0.0,,67934.6942,67934.6942,48180.1806,336956.0832,336956.0832
600626.SH,20251014,4.59,4.0474,7.6336,0.95,105.2998,,1.9085,0.5127,0.5518,0.0,,132074.4667,110797.871,58746.4337,606221.8022,508562.2279
600628.SH,20251014,7.36,1.063,1.9067,1.06,67.9839,69.0341,1.1257,4.2505,4.2979,0.4076,0.5435,64687.5384,64687.5384,36065.7964,476100.2826,476100.2826
600629.SH,20251014,30.77,10.2178,20.8502,1.25,76.2613,87.4979,5.6524,3.5203,3.7983,0.4551,0.3965,97033.8659,95311.705,46708.4201,2985732.0537,2932741.1629
600630.SH,20251014,9.32,6.5651,9.3898,0.77,99.0131,195.3155,5.1972,2.2367,2.2734,0.1288,0.4077,42486.1597,42486.1597,29705.04,395971.0084,395971.0084
600633.SH,20251014,13.85,1.802,3.5199,0.78,34.3339,23.6809,1.7486,5.6714,5.669,1.5855,1.7329,126807.4472,126807.4472,64920.0636,1756283.1437,1756283.1437
600635.SH,20251014,6.91,19.4228,26.545,1.45,87.5034,45.9478,2.2926,3.2651,3.379,0.5065,0.521,295243.4675,241879.1675,176981.5081,2040132.3604,1671385.0474
600636.SH,20251014,8.06,0.7806,1.3246,1.07,,,1.7412,12.4947,10.706,0.4963,0.6203,43863.6802,43863.6802,25849.6552,353541.2624,353541.2624
600637.SH,20251014,9.26,2.4903,4.6718,0.65,46.554,52.787,1.0465,4.0441,4.0075,1.9438,2.4838,336189.9817,336189.9817,179206.9386,3113119.2305,3113119.2305
600638.SH,20251014,6.08,2.6767,4.2761,0.57,50.108,25.3288,0.8952,1.401,1.3855,0.4605,0.6086,67339.6786,67339.6786,42152.1523,409425.2459,409425.2459
600639.SH,20251014,11.06,1.0269,2.9482,0.84,12.3897,14.6123,0.8764,4.5559,5.5589,5.1537,2.9177,112241.2893,85023.6703,29615.5246,1241388.6597,940361.7935
600640.SH,20251014,13.41,2.5074,8.1889,0.63,702.8708,613.475,2.6865,4.989,5.2212,0.0149,0.0671,79569.594,79569.594,24363.2395,1067028.2555,1067028.2555
600641.SH,20251014,22.23,7.2019,10.5646,0.87,192.375,94.3982,2.53,35.5813,19.1661,0.2202,0.1905,93062.992,93062.992,63441.5199,2068790.3122,2068790.3122
600642.SH,20251014,8.09,0.5338,1.5366,1.28,10.038,10.3384,1.1156,1.3367,1.3701,4.9446,5.5624,489407.9376,489381.3156,170006.852,3959310.2152,3959094.8432
600643.SH,20251014,5.58,1.4253,2.8516,1.32,,,0.7461,6.9633,7.0356,0.359,,159317.0778,159035.1716,79489.5418,888989.2941,887416.2575
600644.SH,20251014,11.57,5.8965,12.1261,1.41,296.4379,315.2304,3.2669,2.0939,2.0738,0.0,,57832.0818,57832.0818,28121.5169,669117.1864,669117.1864
600645.SH,20251014,24.7,2.2847,2.9663,1.27,115.1778,158.4691,3.1662,7.2904,7.7081,0.0,,46794.889,46777.0165,36027.7493,1155833.7583,1155392.3076
600648.SH,20251014,11.16,0.5173,1.6374,1.16,15.9513,16.6366,1.0048,2.137,2.0918,2.9622,3.1362,135991.2218,93479.1624,29534.8208,1517662.0353,1043227.4524
600649.SH,20251014,4.74,1.0974,2.3316,0.81,48.911,23.8496,0.5694,1.2586,0.8072,1.2658,0.8439,250450.0768,250450.0768,117882.9225,1187133.364,1187133.364
600650.SH,20251014,15.88,1.8046,4.0831,1.15,44.5445,51.4178,2.0492,4.7919,5.1143,0.5227,0.6927,55161.0107,39056.0075,17261.2122,875956.8499,620209.3991
600651.SH,20251014,8.65,3.2265,9.2646,1.16,549.3651,449.9765,8.7429,11.0366,11.1024,0.0,,250702.8015,250702.8015,87310.8184,2168579.233,2168579.233
600653.SH,20251014,2.1,2.8164,3.8322,1.22,105.8946,224.4293,5.373,0.9747,0.9587,0.0,,194638.0317,194638.0317,143048.5612,408739.8666,408739.8666
600654.SH,20251014,3.23,1.5819,2.4489,1.12,464.0066,,5.502,3.0465,2.8246,0.0,,287732.0101,231622.4287,149622.9224,929374.3926,748140.4447
600655.SH,20251014,5.85,0.6487,1.3996,1.81,181.7916,,0.6493,0.4853,0.592,3.2435,3.23,389245.8273,388984.6273,180296.8711,2277088.0897,2275560.0697
600657.SH,20251014,3.93,1.2145,4.5105,1.07,,,0.5563,1.396,1.5407,0.0,,285187.8595,285187.8595,76789.1751,1120788.2878,1120788.2878
600658.SH,20251014,5.48,2.5737,4.9125,0.83,,,1.084,2.9031,4.4042,0.0,,111858.5045,111858.5045,58603.2353,612984.6047,612984.6047
600660.SH,20251014,66.64,1.1668,1.6472,1.63,23.1947,19.7537,5.2223,4.4307,4.1057,1.9508,4.0516,260974.3532,200298.6332,141881.6828,17391330.8972,13347900.9164
600661.SH,20251014,10.01,1.041,1.6375,0.89,,,49.4724,2.3328,2.2123,0.0,,28654.883,28654.883,18216.675,286835.3788,286835.3788
600662.SH,20251014,5.27,0.5249,1.8651,1.12,11.0763,10.8755,2.4532,0.5395,0.5012,2.4668,4.5541,228349.6485,227008.0651,63881.8516,1203402.6476,1196332.5031
600663.SH,20251014,8.69,0.3835,1.5076,0.94,29.0064,24.7471,1.7562,2.9865,2.6278,1.9613,1.7243,503515.3679,315568.3662,80278.0984,4375548.5471,2742289.1023
600664.SH,20251014,3.61,0.933,1.7466,1.17,14.4579,16.6772,1.6207,0.5621,0.5627,0.0,,251850.9876,251850.9876,134527.2853,909182.0652,909182.0652
600665.SH,20251014,3.37,1.8733,4.4094,0.95,,,1.0585,0.2711,0.2608,0.0,,86412.2521,86412.2521,36712.1583,291209.2896,291209.2896
600666.SH,20251014,3.42,3.3099,3.9069,1.06,,,10.4974,25.8254,24.4767,0.0,,276351.2843,241975.2935,204997.1095,945121.3923,827555.5038
600667.SH,20251014,8.3,8.3027,12.4885,1.11,26.4055,28.621,2.0308,0.4936,0.5076,1.2739,1.1526,209154.2178,209154.2178,139051.571,1735980.0077,1735980.0077
600668.SH,20251014,11.88,1.9304,2.3022,1.08,45.4241,7.2347,0.8571,1.7053,1.7417,0.7015,0.7015,41290.0594,41290.0594,34622.367,490525.9057,490525.9057
600671.SH,20251014,18.63,4.9702,8.7625,1.24,148.8106,51.5689,36.2235,10.4408,8.681,0.0,,12177.8885,12172.0533,6904.1073,226874.0628,226765.353
600673.SH,20251014,21.53,1.5019,3.0731,0.82,172.7941,85.1233,6.8611,5.3115,4.8681,1.5396,,300955.5059,300155.7927,146692.7457,6479572.042,6462354.2168
600674.SH,20251014,14.99,0.7793,2.3035,1.44,16.21,15.6582,1.7142,45.414,42.5495,2.6684,2.6684,487460.6828,487460.6828,164907.7767,7307035.6352,7307035.6352
600675.SH,20251014,2.94,0.8796,3.1446,1.09,,31.968,1.1966,2.5544,1.414,0.9524,,604613.5331,604613.5331,169128.0739,1777563.7873,1777563.7873
600676.SH,20251014,6.24,2.3029,4.2915,0.66,,,1.2587,1.4466,1.3876,0.0,,102849.2944,102849.2944,55189.9254,641779.5971,641779.5971
600678.SH,20251014,9.46,4.2041,5.2884,1.24,,180.6085,12.0821,9.2544,6.8159,0.0,,34899.0,34899.0,27743.6516,330144.54,330144.54
600679.SH,20251014,12.42,1.1805,2.9446,0.92,,,3.0698,2.9196,2.8056,0.1932,0.1932,51529.4257,34369.4257,13778.6625,639995.4672,426868.2672
600681.SH,20251014,3.99,1.3219,2.7428,1.13,16.77,14.9586,1.5353,1.0509,1.0189,5.5138,5.8897,134085.481,133980.8772,64573.1285,535001.0692,534583.7
600682.SH,20251014,7.44,2.1212,3.8903,1.59,43.5305,43.2932,0.5674,1.4949,1.5036,0.4011,0.2139,134613.2221,116506.0275,63525.3202,1001522.3724,866804.8446
600683.SH,20251014,4.14,1.7124,3.8726,0.88,,,83.4173,2.1649,2.4257,0.0,,74077.7597,74077.7597,32755.457,306681.9252,306681.9252
600684.SH,20251014,5.63,3.438,4.9896,0.73,308.5178,116.3759,10.0199,3.0837,2.9337,0.0,,85346.0723,85346.0723,58805.122,480498.387,480498.387
600685.SH,20251014,27.52,2.3083,5.5753,1.45,103.1104,51.4,2.1984,2.0049,1.866,0.0836,0.298,141350.6378,82143.5181,34009.7481,3889969.5523,2260589.6181
600686.SH,20251014,13.19,7.2001,13.0909,0.99,59.9573,45.5619,2.9963,0.4118,0.4019,0.2654,0.6065,71704.7417,71704.7417,39437.9871,945785.543,945785.543
600688.SH,20251014,2.76,0.6443,2.5298,1.03,91.9356,,1.1972,0.3339,0.3501,0.0,0.7246,1054261.75,732881.35,186665.85,2909762.43,2022752.526
600689.SH,20251014,13.6,2.3841,3.6271,0.89,148.1538,144.6392,5.82,2.2725,1.9453,0.0,0.1103,20099.1343,15220.4143,10004.52,273348.2265,206997.6345
600690.SH,20251014,25.42,1.0634,1.8388,1.26,12.7234,11.7153,2.0754,0.8338,0.7771,3.1221,3.7598,938046.3334,625450.1095,361716.1889,23845137.795,15898941.7835
600691.SH,20251014,2.97,1.5736,3.1691,0.63,,,1.8792,0.6477,0.6496,0.0,,237598.1952,237558.5952,117961.2106,705666.6397,705549.0277
600692.SH,20251014,7.72,3.2646,3.5065,0.88,427.2274,,2.9182,4.1128,4.4943,0.2591,,35176.4064,25501.0517,23742.2313,271561.8574,196868.1191
600693.SH,20251014,5.94,2.8291,7.6563,1.22,118.8138,114.3989,1.4691,2.8456,2.8441,1.5152,1.3468,86984.6246,86895.2782,32109.3183,516688.6701,516157.9525
600694.SH,20251014,17.59,1.3127,2.1605,1.09,10.4353,11.6306,0.6972,0.8802,0.9135,4.6523,5.1682,34776.7828,34435.7828,20922.4964,611723.6095,605725.4195
600696.SH,20251014,5.74,1.3864,4.1994,1.18,,,5.7914,6.747,15.7782,0.0,,33446.9431,33446.9431,11042.1947,191985.4534,191985.4534
600697.SH,20251014,13.05,5.0065,6.6869,1.11,,,0.9062,0.2961,0.2956,0.8429,0.7663,15908.8075,15537.6015,11633.0019,207609.9379,202765.6996
600698.SH,20251014,10.72,8.9683,17.2269,1.8,2782.2871,2756.0429,14.873,26.4871,24.406,0.0,,106863.7732,83034.5271,43227.7691,1145579.6487,890130.1305
600699.SH,20251014,29.73,4.122,6.6528,0.83,43.201,40.2327,3.0177,0.7428,0.7017,0.881,0.8677,139567.0563,135505.3644,83956.4503,4149328.5838,4028574.4836
600702.SH,20251014,61.85,5.3992,7.7435,2.42,59.5218,103.8374,2.9281,3.8419,4.2988,3.4579,0.6872,33275.8879,33261.8879,23192.3111,2058113.6666,2057247.7666
600703.SH,20251014,14.71,3.266,5.525,1.06,290.2493,299.4976,2.0703,4.5566,4.2144,0.1973,0.1282,498901.8727,498901.8727,294915.2979,7338846.5474,7338846.5474
600704.SH,20251014,5.98,1.7977,3.2004,0.91,10.0434,8.722,0.787,0.0516,0.0521,3.5262,3.5117,517117.989,517117.989,290463.8419,3092365.5742,3092365.5742
600706.SH,20251014,10.08,5.4184,9.3306,0.77,,61.4926,3.9824,2.0516,2.5337,0.0,,25505.9785,25403.0185,14751.9064,257100.2633,256062.4265
600707.SH,20251014,5.91,0.6918,1.9148,1.12,17.1045,27.34,0.9654,1.8182,1.8841,0.0,,358838.9732,358766.9732,129621.5326,2120738.3316,2120312.8116
600708.SH,20251014,3.66,2.2068,4.6515,1.54,,,0.8645,1.4686,1.5373,0.1366,,222863.6743,222527.7771,105573.6866,815681.0479,814451.6642
600710.SH,20251014,10.59,2.2226,5.7904,1.41,12.0507,11.308,1.7811,0.1181,0.1189,3.1161,3.4844,130674.9434,130674.9434,50158.035,1383847.6506,1383847.6506
600711.SH,20251014,10.42,9.7994,11.9433,0.89,16.0588,16.5964,1.9775,1.2516,1.1452,0.2466,0.9597,309061.1551,309061.1551,253581.1654,3220417.2361,3220417.2361
600712.SH,20251014,6.66,2.1627,3.0421,0.9,,,4.6308,5.8772,5.9415,0.0,,54465.536,53864.8371,38293.6826,362740.4698,358739.8151
600713.SH,20251014,5.01,1.189,2.7124,0.92,11.4921,11.9105,0.9663,0.1221,0.1205,3.1946,3.3925,130892.9289,128690.4499,56413.9782,655773.5738,644739.154
600714.SH,20251014,12.32,4.2431,7.1348,1.22,101.399,58.8811,4.5951,10.3497,9.7943,0.8117,1.0146,28817.6273,28817.6273,17137.856,355033.1683,355033.1683
600715.SH,20251014,2.62,2.3951,3.313,0.96,,,9.4806,26.7982,29.5187,0.0,,405985.35,266237.2241,192477.9433,1063681.617,697541.5271
600716.SH,20251014,3.82,1.286,2.6859,0.88,,,0.7191,4.2296,3.4392,0.0,,93606.059,93606.059,44817.7047,357575.1454,357575.1454
600717.SH,20251014,4.81,1.7676,4.132,2.1,14.0094,15.806,0.7085,1.1533,1.1293,2.1206,2.1622,289400.1038,289400.1038,123802.7519,1392014.4993,1392014.4993
600718.SH,20251014,10.62,3.1892,4.136,0.9,200.8414,601.9692,1.3599,1.0954,1.0596,1.2171,1.4084,119232.9218,119232.9218,91938.6113,1266253.6295,1266253.6295
600719.SH,20251014,6.3,3.3693,5.0216,2.28,,,6.9757,4.0554,4.2304,0.0,,40459.96,40459.96,27146.5816,254897.748,254897.748
600720.SH,20251014,7.69,1.1327,1.5043,1.45,10.0762,10.4826,1.1711,1.4191,1.4899,4.2927,2.9779,229459.5565,100904.9771,75982.8987,1764543.9895,775959.2739
600721.SH,20251014,8.92,3.9293,5.21,0.91,82.6963,77.4278,4.3606,8.8921,8.7607,0.0,,38454.7635,38454.7635,29002.2548,343016.4904,343016.4904
600722.SH,20251014,6.43,2.4913,5.6675,0.83,83.1285,82.4504,3.569,8.7603,8.8202,0.0,,68031.9676,68031.9676,29905.6699,437445.5517,437445.5517
600724.SH,20251014,5.33,1.6695,7.2487,1.45,36.7133,37.086,2.7515,4.5299,4.9915,2.8143,2.6266,144524.1071,144494.2664,33279.4209,770313.4908,770154.4399
600725.SH,20251014,3.63,2.4181,3.4662,1.67,,,15.8074,5.898,6.4807,0.0,,123247.0,123247.0,85981.0643,447386.61,447386.61
600726.SH,20251014,2.55,1.6167,4.2433,1.56,121.8173,,4.7428,1.1109,1.1763,0.0,,790733.621,274734.4834,104676.1352,2016370.7336,700572.9327
600727.SH,20251014,7.5,1.0272,1.562,0.97,15.1905,20.5735,1.2247,0.6899,0.7196,1.3333,1.3333,52858.3135,52852.3135,34755.3948,396437.3513,396392.3513
600728.SH,20251014,6.67,3.312,3.9353,0.73,,66.9748,1.8293,1.7896,1.4382,0.2776,,213259.9261,213259.9261,179484.5557,1422443.7071,1422443.7071
600729.SH,20251014,27.19,2.4819,2.6042,1.41,9.1101,8.6986,1.5656,0.6988,0.7393,4.989,5.0098,44047.5577,19248.2844,18343.9301,1197653.0939,523360.8528
600730.SH,20251014,8.08,3.0553,3.8204,0.59,96.9188,210.2874,2.6321,31.4773,37.058,0.0,0.1238,58665.6002,58665.6002,46917.3018,474018.0496,474018.0496
600731.SH,20251014,7.39,2.3149,3.0273,1.02,15.5579,13.4191,1.2924,1.6711,1.7234,2.7064,2.7064,55874.2416,55798.2665,42667.5816,412910.6454,412349.1894
600732.SH,20251014,16.66,5.1881,7.6695,1.8,,,5.2649,3.162,2.4428,0.0,,211724.9923,158531.7243,107239.5301,3527338.3717,2641138.5268
600733.SH,20251014,7.68,2.187,3.3386,0.85,,,13.3603,2.9496,2.1099,0.0,,557350.3169,488509.6921,319999.6899,4280450.4338,3751754.4353
600734.SH,20251014,3.61,1.3899,1.9018,0.78,1390.8868,,22.9658,25.4742,20.6231,0.0,,217830.3106,217785.3106,159166.2916,786367.4213,786204.9713
600735.SH,20251014,4.35,16.6956,29.6064,8.96,,,1.5314,1.1396,1.3184,0.8736,,42877.8219,42545.1827,23991.9475,186518.5253,185071.5447
600736.SH,20251014,5.97,2.7389,4.8729,0.96,52.622,42.0007,0.938,0.9415,1.4948,0.4523,0.3015,115129.2907,115129.2907,64709.8013,687321.8655,687321.8655
600737.SH,20251014,15.89,2.6619,5.4026,1.25,19.8362,26.23,3.1382,1.0458,1.1596,5.2234,3.8389,213884.8228,213884.8228,105381.5155,3398629.8343,3398629.8343
600738.SH,20251014,4.99,1.2267,2.4427,1.12,52.363,47.8199,1.8994,5.7041,5.9945,0.7742,0.2903,76133.5236,76066.6196,38200.0334,379906.2828,379572.4318
600739.SH,20251014,12.52,1.3978,2.4972,0.83,91.3927,40.9504,0.6373,1.6965,1.7032,0.7949,0.159,152970.9816,152970.9816,85622.0134,1915196.6896,1915196.6896
600740.SH,20251014,4.14,1.5548,3.6117,1.28,40.3134,6943.4288,0.6972,1.413,1.5627,1.2077,0.4831,256212.1154,256212.1154,110300.67,1060718.1578,1060718.1578
600741.SH,20251014,19.65,0.8764,2.1026,0.98,9.2593,9.2307,0.988,0.3669,0.3515,3.8168,4.0712,315272.3984,315272.3984,131406.0855,6195102.6286,6195102.6286
600742.SH,20251014,9.67,1.7983,3.1419,1.18,14.124,14.0587,0.8612,0.3659,0.3663,2.5853,6.515,74305.788,74305.788,42529.1558,718536.97,718536.97
600743.SH,20251014,2.1,1.4283,3.1205,1.4,,,7.616,1.0643,2.5068,0.0,,234610.0874,234610.0874,107388.2435,492681.1835,492681.1835
600744.SH,20251014,7.11,10.78,24.1094,2.53,,162.2861,11.3343,1.7298,1.6186,0.0,,203112.4274,203112.4274,90817.3794,1444129.3588,1444129.3588
600745.SH,20251014,37.65,0.7918,1.1223,0.25,,,1.4157,0.6367,0.7171,0.3304,,124462.2083,124462.2083,87802.714,4686002.1425,4686002.1425
600746.SH,20251014,7.18,0.4355,1.7544,1.3,39.4145,42.4544,1.5436,1.3097,1.3167,0.0,0.6867,116784.2884,116608.2347,28942.9346,838511.1907,837247.1251
600748.SH,20251014,4.77,1.3178,3.1109,0.59,,,0.8544,3.5281,3.2624,0.4403,,184456.2892,184456.2892,78138.9791,879856.4995,879856.4995
600749.SH,20251014,18.13,4.7448,8.6772,0.91,246.5936,192.6687,3.9383,19.2813,19.4059,0.0,,22696.5517,22696.5517,12410.6759,411488.4823,411488.4823
600750.SH,20251014,21.7,1.0645,1.8894,1.34,17.4823,16.7678,3.7975,3.1067,3.1288,5.4799,5.53,63499.6022,62729.2416,35343.658,1377941.3677,1361224.5427
600751.SH,20251014,4.69,2.9745,5.8688,0.86,109.2507,133.2866,1.7987,12.1756,10.681,0.0,,289933.7783,257318.9052,130418.0367,1359789.4202,1206825.6654
600753.SH,20251014,7.01,0.6196,1.0971,0.72,,,400.6978,3.9368,3.1534,0.0,,23030.7175,23030.7175,13006.883,161445.3297,161445.3297
600754.SH,20251014,22.22,0.8813,1.8805,0.63,26.0343,54.6332,1.5353,1.6866,1.7316,2.7983,1.7065,106741.8804,90716.4423,42515.7198,2371804.5825,2015719.3479
600755.SH,20251014,6.29,1.6333,2.6771,1.08,21.4902,43.3503,0.6853,0.0379,0.0432,8.1968,5.3197,213762.1097,213215.8487,130086.1436,1344563.67,1341127.6883
600756.SH,20251014,15.33,3.5426,4.3786,0.97,364.5942,,2.2844,2.6574,2.8677,0.2283,,32409.8753,32409.8753,26221.7753,496843.3883,496843.3883
600757.SH,20251014,8.68,1.3853,3.1711,1.24,11.1466,9.5899,1.0841,1.4896,1.4949,4.6083,4.7235,121365.0273,121349.7103,53012.2899,1053448.437,1053315.4854
600758.SH,20251014,4.06,3.2684,6.5763,1.94,26.5529,26.2019,0.9558,0.9713,1.0167,0.4926,1.2808,132201.7394,132074.3394,65640.7549,536739.062,536221.818
600759.SH,20251014,2.32,3.418,4.2361,1.12,19.7409,22.4748,1.1058,3.7784,4.2339,0.0,,414900.928,414368.578,334347.5725,962570.153,961335.101
600760.SH,20251014,67.72,1.43,4.6249,0.83,56.5688,65.9308,8.9011,4.4819,5.3568,0.5741,0.5741,283509.4714,274818.5991,84970.8824,19199261.4032,18610715.5311
600761.SH,20251014,20.86,2.6845,4.1837,1.85,14.0796,14.1566,1.7496,1.0724,1.0493,2.5487,2.8763,89069.2761,89069.2761,57150.5319,1857985.0994,1857985.0994
600763.SH,20251014,43.44,1.1707,1.7709,0.83,38.7499,37.8925,4.6815,6.7612,6.6733,0.716,1.0359,44728.9117,44728.9117,29569.9918,1943023.9242,1943023.9242
600764.SH,20251014,32.57,2.0409,5.4662,1.6,101.5147,93.6287,2.8229,7.2942,6.8064,0.6171,0.3961,71062.9386,71062.9386,26532.0591,2314519.9102,2314519.9102
600765.SH,20251014,16.33,1.0766,1.6556,0.79,40.2166,62.9016,1.7997,2.4845,2.4194,1.5611,0.7516,157549.2153,156443.8153,101733.68,2572778.6858,2554727.5038
600768.SH,20251014,12.43,2.5044,3.9911,0.85,1063.8453,131.9001,4.3659,1.592,1.1923,0.0,1.2068,13374.72,13374.72,8392.7118,166247.7696,166247.7696
600769.SH,20251014,14.4,10.8625,13.5915,1.0,421.4196,279.5048,46.0416,71.3016,71.2565,0.0,,37497.72,37497.72,29968.6023,539967.168,539967.168
600770.SH,20251014,5.76,2.4909,4.4777,1.02,247.8158,107.8773,2.2247,21.5233,18.2775,0.0,,130000.0,130000.0,72317.4821,748800.0,748800.0
600771.SH,20251014,18.99,1.1449,1.3495,0.91,124.8497,101.3601,5.645,7.6103,6.9312,0.0,,48949.1141,48949.1141,41525.7673,929543.6768,929543.6768
600773.SH,20251014,11.01,1.3662,2.3217,0.98,834.8258,206.4226,2.1882,8.8564,5.9021,0.0908,0.0908,95158.6865,95158.6865,55996.916,1047697.1384,1047697.1384
600774.SH,20251014,9.45,1.5172,3.6428,0.83,,,1.6774,2.372,2.6245,0.0,,29503.2402,29484.2131,12280.2818,278805.6199,278625.8138
600775.SH,20251014,11.26,2.2586,3.4561,0.94,,,3.3536,3.889,4.2203,0.0,,91383.8529,67183.8529,43905.6474,1028982.1837,756490.1837
600776.SH,20251014,12.27,2.1254,4.9513,0.99,102.0969,79.2231,4.3446,5.325,5.9338,0.4971,0.4971,125600.0064,95600.0064,41038.4512,1541112.0785,1173012.0785
600777.SH,20251014,4.31,0.5664,3.1044,1.2,14.3989,16.0853,1.2534,3.5051,3.6747,0.0,,680049.5825,636615.2391,116156.4858,2931013.7006,2743811.6805
600778.SH,20251014,6.58,2.8716,4.6674,0.82,645.3287,277.8396,8.9104,1.2805,1.3423,0.0,,31149.1352,31121.4882,19147.8301,204961.3096,204779.3924
600779.SH,20251014,42.98,0.8406,2.2889,1.43,15.6245,17.4025,4.3533,4.0165,4.1939,2.1213,2.2436,48750.3198,48750.3198,17903.6978,2095288.745,2095288.745
600780.SH,20251014,5.93,1.3319,3.2347,1.34,13.2614,11.8189,0.8465,0.6278,0.6111,3.0354,,114650.2523,114650.2523,47208.4052,679875.9961,679875.9961
600782.SH,20251014,4.13,1.7908,3.3601,1.21,400.9648,59.9215,0.5017,0.3144,0.3471,3.5899,0.2421,318254.2149,314565.2149,167653.3152,1314389.9075,1299154.3375
600783.SH,20251014,14.19,3.9281,12.6055,1.06,65.2273,73.8134,2.32,125.7972,123.6573,0.7752,0.4933,74435.9294,74435.9294,23195.3326,1056245.8382,1056245.8382
600784.SH,20251014,6.45,1.4391,2.2437,1.37,14.4589,17.243,1.3475,1.2899,1.307,0.9302,1.0233,67565.2277,67565.2277,43334.9276,435795.7187,435795.7187
600785.SH,20251014,12.9,4.1277,7.1317,1.19,21.573,21.9348,1.2775,0.4759,0.4784,1.5504,1.938,22563.128,22563.128,13059.2086,291064.3512,291064.3512
600787.SH,20251014,5.94,1.8743,3.6306,1.45,31.986,29.2658,0.9296,0.2041,0.2074,2.1655,1.1811,217007.9582,217007.9582,112027.9336,1289027.2717,1289027.2717
600789.SH,20251014,9.93,2.2643,2.9721,1.27,22.6139,44.2894,2.2625,1.4317,1.4611,1.1062,1.3293,89866.9632,89866.9632,68466.4905,892378.9446,892378.9446
600790.SH,20251014,4.02,1.328,2.1727,1.58,41.8399,45.5853,0.9077,6.2049,5.9407,2.3045,2.7654,146579.0928,146579.0928,89591.6846,589247.9531,589247.9531
600791.SH,20251014,4.85,1.6177,2.9584,1.04,,,4.6301,0.4024,0.4788,0.0,,45288.0,45231.3696,24733.0051,219646.8,219372.1426
600792.SH,20251014,4.05,3.1337,9.1765,1.71,,,1.572,0.6735,0.7929,1.7037,,110992.36,105986.8113,36194.3684,449519.058,429246.5858
600793.SH,20251014,24.06,4.3472,9.458,1.24,,,17.3729,1.9022,1.5586,0.0,,17690.4002,17690.4002,8131.0982,425631.0288,425631.0288
600794.SH,20251014,4.3,2.287,3.5757,1.91,24.601,43.8933,1.9715,5.7348,6.6122,2.907,1.6279,120015.2157,120015.2157,76763.4369,516065.4275,516065.4275
600795.SH,20251014,5.16,0.7382,1.6667,1.11,9.3614,13.5312,1.5868,0.5136,0.5382,3.1008,3.876,1783561.9082,1783561.9082,789997.4544,9203179.4463,9203179.4463
600796.SH,20251014,5.92,2.6921,4.0019,0.58,32.0629,27.7499,1.5175,2.9011,3.0442,0.5236,0.5236,86658.5766,31147.7889,20953.2286,513018.7735,184394.9103
600797.SH,20251014,10.59,5.2162,5.6087,0.68,,,3.2598,3.2821,3.188,0.3777,,102752.637,102752.637,95560.637,1088150.4258,1088150.4258
600798.SH,20251014,4.37,20.3551,36.9322,3.75,238.3109,4141.4385,1.3526,2.1677,2.0676,0.6865,0.4577,120653.4201,120653.4201,66497.8734,527255.4458,527255.4458
600800.SH,20251014,4.02,1.5479,2.4934,0.61,,,3.1649,0.9329,1.0527,0.0,,111004.5216,110973.0216,68890.6014,446238.1768,446111.5468
600801.SH,20251014,19.99,2.4374,5.9049,1.01,17.1996,14.9,1.3631,1.2146,1.2214,2.6513,2.3012,207899.5649,134427.5649,55488.1709,4155912.3024,2687207.0224
600802.SH,20251014,5.72,2.2869,3.2112,0.51,,,2.1571,1.5104,1.4609,0.0,,45824.84,45824.84,32635.2693,262118.0848,262118.0848
600803.SH,20251014,18.56,0.3663,1.3498,1.14,12.7932,13.1501,2.4855,0.4232,0.4263,4.879,5.5388,309708.7607,307636.759,83482.9532,5748194.5986,5709738.247
600805.SH,20251014,5.17,2.3413,3.6505,0.93,161.4148,145.1576,1.0049,1.4507,1.6588,0.0,0.9671,85089.4494,85027.5368,54534.3055,439912.4534,439592.3653
600807.SH,20251014,3.08,2.1983,2.8469,1.01,,,40.5382,7.3209,8.4168,0.0,,88463.4731,78701.8464,60771.1637,272467.4971,242401.6869
600808.SH,20251014,4.06,2.0459,5.4652,0.78,,,1.3108,0.3821,0.4066,0.0,,770068.1186,596775.1186,223407.4037,3126476.5615,2422906.9815
600809.SH,20251014,191.83,0.5671,1.7627,1.19,19.1152,18.9678,6.5245,6.4987,6.2862,2.2781,3.159,121996.4222,121996.4222,39250.8902,23402573.6706,23402573.6706
600810.SH,20251014,11.18,4.5855,12.1229,0.6,343.4669,,1.6658,0.8245,0.8464,1.227,0.4232,103008.5981,102025.9981,38591.4494,1151636.1268,1140650.6588
600812.SH,20251014,5.96,1.0545,2.3434,1.11,80.5226,57.2854,1.8704,1.0361,1.0315,0.1678,0.5034,171573.037,171573.037,77203.1554,1022575.3005,1022575.3005
600814.SH,20251014,7.44,0.6958,2.1027,1.11,22.1022,27.1608,1.5228,3.1204,3.2188,1.9221,1.8415,73507.8598,72949.2148,24140.5732,546898.4769,542742.1581
600815.SH,20251014,2.74,1.6576,3.5796,1.7,718.2089,1172.7343,3.1846,7.1138,8.1688,0.0,,177409.448,177409.448,82152.3585,486101.8875,486101.8875
600816.SH,20251014,3.01,1.4033,2.2326,0.76,557.3754,511.6801,2.1006,6325.2473,,0.0,,984444.8254,546913.7919,343759.4815,2963178.9245,1646210.5136
600817.SH,20251014,11.63,0.6564,2.2446,0.84,27.3137,23.6275,2.7217,1.6328,1.5594,4.1034,3.2696,53330.4346,52924.4346,15476.7432,620232.9544,615511.1744
600818.SH,20251014,10.04,1.5562,1.72,0.56,,,5.6572,3.3064,3.1292,0.0,0.0996,32144.791,23795.791,21529.961,322733.7016,238909.7416
600819.SH,20251014,8.22,2.0303,6.0858,0.45,66.1534,54.9267,2.1923,1.3636,1.3963,0.438,0.8029,93491.6069,74741.6067,24935.1835,768501.0087,614376.0071
600820.SH,20251014,6.53,1.0865,1.8073,1.06,7.2266,7.3795,0.6696,0.2983,0.3269,5.0536,4.9005,314409.6094,314409.6094,189018.5421,2053094.7494,2053094.7494
600821.SH,20251014,5.92,2.3843,3.4269,1.11,14.7297,15.6617,1.2389,3.2733,3.2384,2.9118,3.3277,199726.3453,199726.3453,138962.2939,1182379.9642,1182379.9642
600822.SH,20251014,10.94,2.1319,5.3598,0.93,107.3649,141.8135,4.4463,1.2013,1.8234,0.0,,49597.2914,39614.7908,15757.1946,542594.3679,433385.8114
600824.SH,20251014,4.25,1.256,2.0817,1.11,126.8019,264.6789,1.8533,5.2317,6.3416,0.4,0.4235,105402.7073,105402.7073,63593.0544,447961.506,447961.506
600825.SH,20251014,6.55,1.0554,2.1757,0.94,169.1626,158.3956,2.7696,4.7785,4.7288,0.1985,0.1832,104488.785,104488.785,50686.785,684401.5418,684401.5418
600826.SH,20251014,10.27,1.2715,3.4244,1.0,24.6185,26.8282,1.8117,4.5963,4.7011,2.4926,2.6843,73553.3549,73553.3549,27311.2947,755392.9548,755392.9548
600827.SH,20251014,9.04,0.7802,1.7798,1.16,10.29,10.0428,0.8043,0.5828,0.6262,1.3274,2.9314,178416.8117,160444.992,70337.9552,1612887.9778,1450422.7277
600828.SH,20251014,4.01,1.1274,8.3425,1.23,186.9685,,0.9889,2.5574,2.8875,0.6733,,173198.2546,173136.0181,23397.9684,694525.0009,694275.4326
600829.SH,20251014,8.0,0.7849,3.1176,1.27,21.752,30.792,1.5706,0.4617,0.4543,1.8,,57988.8597,57988.8597,14599.4243,463910.8776,463910.8776
600830.SH,20251014,9.72,2.0455,2.9852,1.04,83.0518,74.7691,1.9998,13.1741,11.3237,0.1543,0.1543,45432.2747,45432.2747,31131.0133,441601.7101,441601.7101
600831.SH,20251014,4.84,1.8003,2.5428,0.92,,,2.0089,2.2248,2.5759,0.0,,71094.6992,71094.6992,50335.6344,344098.3441,344098.3441
600833.SH,20251014,13.14,1.7468,3.1731,0.61,17.977,61.9785,2.6515,1.5306,1.4522,0.9513,1.6743,22308.6347,22308.6347,12281.1613,293135.46,293135.46
600834.SH,20251014,8.85,1.6409,3.9476,1.26,81.5311,84.5781,2.4636,7.2111,6.2718,0.8023,0.4294,47738.1905,47738.1905,19843.8106,422482.9859,422482.9859
600835.SH,20251014,25.37,1.6802,4.4095,0.9,27.6816,28.7582,1.8831,1.2545,1.295,2.5227,1.6555,102273.9308,80650.43,30731.3059,2594689.6244,2046101.4091
600838.SH,20251014,8.36,1.003,1.488,0.83,79.7347,79.6251,2.1923,36.151,36.3452,0.5622,0.3828,40088.1981,40088.1981,27021.328,335137.3361,335137.3361
600839.SH,20251014,10.02,2.8826,3.7546,1.0,65.7474,50.061,3.0939,0.4461,0.4244,0.499,0.499,461624.4222,461495.8631,354314.5069,4625476.7104,4624188.5483
600841.SH,20251014,6.13,1.0155,3.2302,0.68,,,2.6487,1.3154,1.5235,0.0,,138782.1784,104302.4484,32790.941,850734.7536,639374.0087
600843.SH,20251014,13.73,21.3054,27.4772,3.04,,,3.2946,2.2198,2.2763,0.3556,,71316.648,46922.273,36382.7372,979177.577,644242.8083
600844.SH,20251014,2.96,1.5,2.1025,0.99,,,19.2295,3.9081,3.5659,0.0,,101652.424,82273.0634,58695.4202,300891.175,243528.2677
600845.SH,20251014,23.45,1.1805,3.615,1.01,29.7154,40.87,6.4681,4.9339,5.7952,3.5762,2.5742,287077.8802,213374.0521,69678.6847,6731976.2907,5003621.5217
600846.SH,20251014,14.47,1.5173,2.8706,0.62,22.2621,28.3234,2.2056,2.1664,2.3423,1.3822,1.3724,62476.1516,62476.1516,33023.1624,904029.9137,904029.9137
600847.SH,20251014,11.2,1.5855,2.8914,0.7,,,3.2457,2.971,3.1062,0.0,,15328.74,15328.74,8405.6171,171681.888,171681.888
600848.SH,20251014,12.46,2.3591,7.3563,1.25,28.6621,28.117,1.672,2.8308,2.8846,1.6051,1.6051,252248.7004,239391.2273,76770.3939,3143018.807,2982814.6922
600850.SH,20251014,27.71,3.7089,6.3561,1.5,34.2347,35.9173,3.9903,1.7606,1.7062,1.6466,1.2741,68019.8741,68019.8741,39690.92,1884830.7113,1884830.7113
600851.SH,20251014,6.61,0.7072,1.3884,0.95,52.8594,50.9291,1.8078,10.0249,10.4713,0.9834,0.6051,120705.6692,73820.611,37600.7099,797864.4734,487954.2387
600853.SH,20251014,4.14,1.8888,3.3828,0.88,10.1658,10.1467,1.2944,0.2295,0.2283,0.846,0.9662,101403.1746,101144.1846,56475.1816,419809.1428,418736.9242
600854.SH,20251014,5.25,2.0942,3.0888,1.15,20.4534,20.6486,1.1231,29.6495,28.8136,2.6667,2.2857,51945.8538,51945.8538,35218.3425,272715.7325,272715.7325
600855.SH,20251014,14.23,2.3549,4.2883,0.97,,,4.2926,5.7497,6.4744,0.0,,46854.2728,46763.9728,25680.324,666736.3019,665451.3329
600857.SH,20251014,16.39,5.3992,8.2166,0.95,,180.9928,4.2561,4.4439,5.943,0.5186,,22431.9919,22431.9919,14740.2798,367660.3472,367660.3472
600858.SH,20251014,5.56,2.048,3.5547,1.06,42.7419,49.6955,1.0556,0.5336,0.5362,0.5396,0.9532,52006.6589,51754.8029,29817.2485,289157.0235,287756.7041
600859.SH,20251014,13.98,1.6131,2.4137,1.01,58.503,277.7412,0.803,1.3817,1.4688,1.4392,0.5722,112393.1424,112382.8064,75105.1668,1571256.1308,1571111.6335
600860.SH,20251014,11.84,1.9776,4.4503,1.04,866.951,,6.0479,3.9313,4.1016,0.0,,54748.5988,44226.5988,19653.0936,648223.4098,523642.9298
600861.SH,20251014,19.14,1.0737,1.8891,1.7,13.6913,9.2552,1.559,0.2518,0.2471,2.5287,3.652,56611.2718,36657.4848,20835.2552,1083539.7423,701624.2591
600862.SH,20251014,23.35,1.2299,2.2169,1.11,28.2191,28.1843,4.4283,6.4129,6.1691,0.955,1.0664,139304.9107,139304.9107,77282.6466,3252769.6648,3252769.6648
600863.SH,20251014,4.28,1.2634,2.7014,1.38,12.0139,13.2101,1.6816,1.2531,1.3084,4.3224,5.1402,652688.7811,652688.7811,305250.0385,2793507.9831,2793507.9831
600864.SH,20251014,7.46,2.397,4.472,0.86,45.3165,25.5099,1.1863,8.9449,9.2384,0.0,0.6702,208057.052,208057.052,111515.5528,1552105.6079,1552105.6079
600865.SH,20251014,9.22,1.1758,3.125,0.83,26.1301,25.0789,1.488,17.8418,19.1018,2.4946,1.9523,37624.0316,37624.0316,14157.0489,346893.5714,346893.5714
600866.SH,20251014,7.86,2.8204,4.1088,0.91,13.8463,10.2565,1.6061,0.7534,0.7678,4.8346,4.8346,166147.2616,125576.9324,86200.8499,1305917.4762,987034.6887
600867.SH,20251014,8.57,1.0491,1.7797,0.97,,41.3901,2.7422,8.3526,6.3506,2.9517,2.8947,195854.2829,195854.2829,115450.5687,1678471.2045,1678471.2045
600868.SH,20251014,3.33,10.2236,11.0095,2.35,,,3.2624,17.6912,20.9931,0.0,,189814.8679,189814.8679,176264.8506,632083.5101,632083.5101
600869.SH,20251014,7.87,4.198,9.0878,0.79,,,3.9705,0.6694,0.63,0.8895,,221935.2746,221935.2746,102520.5637,1746630.6111,1746630.6111
600871.SH,20251014,2.1,0.8881,4.2675,1.12,63.0295,59.2359,4.279,0.4909,0.4895,0.0,,1895704.5833,1354701.2351,281911.5987,3980979.6249,2844872.5937
600872.SH,20251014,18.54,1.2835,1.6116,1.22,16.1718,18.0496,2.5979,2.617,2.8699,2.1241,2.2536,77899.1206,77098.795,61403.8158,1444249.6959,1429411.6593
600873.SH,20251014,10.9,1.0697,1.5976,1.33,11.1538,10.0727,2.1097,1.2193,1.2371,5.5532,5.5592,280424.165,280424.165,187768.5843,3056623.3985,3056623.3985
600874.SH,20251014,6.16,1.4916,3.5647,1.42,11.9842,11.2721,0.9801,2.0039,2.0208,2.6948,2.7597,157041.8085,123041.8085,51485.2899,967377.5404,757937.5404
600875.SH,20251014,20.99,5.4121,10.555,1.3,24.8421,23.115,1.6733,1.0583,0.9905,2.0606,1.92,345836.0326,202357.906,103760.6597,7259098.3243,4247492.4469
600876.SH,20251014,10.8,1.3951,3.625,1.52,,,1.9543,1.5178,2.1202,0.0,,64567.4963,39567.4963,15227.474,697328.96,427328.96
600877.SH,20251014,13.83,2.1482,3.66,1.1,238.5198,423.1192,6.631,15.6771,16.3306,0.0,,118405.9492,118405.9492,69495.3439,1637554.2774,1637554.2774
600879.SH,20251014,11.63,2.4074,3.1841,0.99,70.0172,81.2496,1.8514,2.6869,3.0968,0.4127,0.4299,329929.9334,329929.9334,249448.9061,3837085.1254,3837085.1254
600880.SH,20251014,4.78,1.3983,2.1713,1.15,277.7447,269.9574,1.7187,9.6447,7.9976,0.2092,0.2092,109333.2092,109303.0175,70389.7562,522612.74,522468.4237
600881.SH,20251014,1.91,3.7462,4.4254,1.49,,,3.2931,0.8557,0.8431,0.0,,323215.0988,323215.0988,273605.4,617340.8387,617340.8387
600882.SH,20251014,26.04,3.633,7.6858,2.76,116.8959,78.2145,2.9121,2.742,2.4201,0.0,,51005.3647,51005.3647,24110.0793,1328179.6968,1328179.6968
600883.SH,20251014,8.22,1.2833,2.3595,0.97,26.8966,41.5031,1.9993,45.4538,35.4887,0.6083,0.7299,23608.8,23608.8,12840.1475,194064.336,194064.336
600884.SH,20251014,13.42,8.2095,9.0607,0.92,,,1.3813,1.616,1.5309,1.449,,224941.2863,175723.6492,159215.2145,3018712.0621,2358211.3723
600885.SH,20251014,25.98,2.1214,2.92,1.28,23.2519,21.6612,3.9481,2.6892,2.492,1.207,1.4159,145974.7248,145974.7248,106053.0956,3792423.3503,3792423.3503
600886.SH,20251014,14.26,0.9187,2.945,1.79,17.1825,17.0521,1.7951,1.9742,2.0233,3.2313,3.2013,800449.4262,745417.9797,232532.2636,11414408.8176,10629660.3905
600887.SH,20251014,27.69,0.9291,1.016,1.01,20.7207,21.5643,3.2861,1.5178,1.491,4.3616,4.4059,632536.0667,629392.9721,575539.3895,17514923.6869,17427891.3974
600888.SH,20251014,8.45,4.3168,7.7275,0.94,9.8578,12.431,1.0672,1.6202,1.5373,1.3928,3.1953,140371.2011,140371.2011,78414.8266,1186136.6493,1186136.6493
600889.SH,20251014,16.43,3.2847,6.1926,0.76,,,17.9423,9.0853,11.9117,0.0,,36634.601,36634.601,19431.8937,601906.4944,601906.4944
600892.SH,20251014,4.04,5.349,8.3278,1.09,,,52.9605,13.5486,11.4495,0.0,,55946.4188,55931.9536,35925.55,226023.532,225965.0925
600893.SH,20251014,42.51,1.7719,3.6119,1.14,131.7164,317.1104,2.8506,2.3666,2.6091,0.3764,0.2282,266559.4238,266512.4758,130745.0597,11331441.1057,11329445.3463
600894.SH,20251014,10.06,0.4806,1.1357,0.79,10.5559,10.7066,1.0728,1.1801,1.1963,13.0207,13.6026,85167.8362,84314.4445,35678.2516,856788.4322,848203.3117
600895.SH,20251014,46.94,7.3425,14.9102,0.8,73.9962,66.9821,5.5044,36.6538,29.5295,0.5156,0.4261,154868.955,154868.955,76265.295,7269548.7477,7269548.7477
600897.SH,20251014,14.56,0.4744,1.4825,0.93,14.0811,13.9917,1.3633,3.2263,3.1175,1.7857,2.1978,41693.4,41693.4,13343.4,607055.904,607055.904
600900.SH,20251014,27.99,0.5693,1.1742,1.5,21.0753,20.031,3.3162,8.1057,7.9284,2.9296,3.3691,2446821.7716,2400725.6503,1163907.2421,68486541.3871,67196310.9519
600901.SH,20251014,5.8,1.2975,3.281,1.98,11.4165,10.9346,1.3922,6.3651,5.9271,4.1623,4.6552,579237.9763,579045.2431,228992.358,3359580.2625,3358462.41
600903.SH,20251014,7.1,2.1077,6.6569,2.25,130.6048,,2.6923,1.2223,1.1927,0.507,0.7082,115000.9408,115000.9408,36411.6049,816506.6797,816506.6797
600905.SH,20251014,4.33,0.6235,1.329,0.99,20.2546,21.023,1.3974,4.1654,4.2112,1.8035,1.5473,2858765.0142,2858765.0142,1341252.7291,12378452.5115,12378452.5115
600906.SH,20251014,7.25,1.4827,2.3864,0.95,34.2678,28.6758,1.9618,9.6265,9.0825,1.3793,1.3793,324500.0,212423.495,131977.61,2352625.0,1540070.3388
600908.SH,20251014,6.05,1.3268,1.7394,2.04,5.8957,5.7754,0.6042,2.8097,2.7583,3.3058,3.6364,219468.1695,199931.2665,152508.0708,1327782.4255,1209584.1623
600909.SH,20251014,6.42,1.4167,2.6829,1.16,20.2186,16.6265,1.3177,6.611,5.5737,1.564,1.5576,467840.0246,467840.0246,247044.851,3003532.9579,3003532.9579
600916.SH,20251014,8.68,4.9885,10.2781,1.65,17.8184,26.8545,2.0305,0.2412,0.2585,5.1843,4.0323,168000.0,168000.0,81540.0,1458240.0,1458240.0
600917.SH,20251014,6.0,1.0983,2.4386,2.25,24.4737,27.5588,1.6427,0.9217,0.8993,1.8958,1.435,156103.976,156103.976,70306.0631,936623.856,936623.856
600918.SH,20251014,7.07,0.8633,1.248,0.75,52.2103,39.2329,1.3008,4.4931,4.4286,0.5696,0.356,692166.3256,392584.7319,271556.7526,4893615.922,2775574.0545
600919.SH,20251014,10.72,1.8778,2.6012,2.16,6.178,5.8987,0.8012,2.4343,2.3405,4.3843,4.8565,1835132.4463,1835132.4463,1324741.9932,19672619.8243,19672619.8243
600925.SH,20251014,4.88,1.2579,1.6903,1.6,24.268,62.9644,2.1985,2.3704,2.5804,4.3033,2.5,688888.8889,160604.8586,119518.344,3361777.7778,783751.71
600926.SH,20251014,16.09,1.2601,1.859,1.46,6.868,6.2545,0.9069,3.0389,2.9804,4.547,3.6433,724900.2548,724900.2548,491383.3604,11663645.0997,11663645.0997
600927.SH,20251014,14.77,0.4095,2.6712,0.83,37.3821,49.1242,1.6718,0.9891,1.4162,0.8869,0.8125,145555.5556,145555.5556,22312.2187,2149855.5562,2149855.5562
600928.SH,20251014,4.02,1.0464,3.9191,1.56,6.9831,6.6832,0.5188,2.1815,1.8282,1.393,2.4876,444444.4445,442335.4066,118102.3627,1786666.6669,1778188.3345
600929.SH,20251014,5.99,1.5658,4.1396,1.31,32.3464,215.1543,1.298,1.8228,2.1135,3.3765,1.4524,164071.165,163962.5498,62017.8479,982786.2784,982135.6733
600930.SH,20251014,6.43,4.6648,4.6648,1.34,30.3727,30.2588,2.4628,7.8964,7.3063,,,4171428.5714,250517.5252,250517.5252,26822285.7141,1610827.687
600933.SH,20251014,19.74,2.9816,6.2752,1.44,21.6464,19.1349,2.2319,3.0146,2.9278,1.3937,1.4532,103024.1514,97737.5767,46438.7014,2033696.7486,1929339.7641
600935.SH,20251014,2.47,0.733,3.1101,1.27,,,1.4848,1.7361,1.7889,0.1185,,359473.8056,350740.1812,82668.2138,887900.2998,866328.2476
600936.SH,20251014,3.57,0.6156,0.9376,0.95,,,19.2872,4.3896,4.4685,0.0,,167102.6239,167102.6239,109713.4757,596556.3673,596556.3673
600938.SH,20251014,26.52,1.3627,1.7622,0.84,9.1383,9.8678,1.6636,2.9976,3.1407,4.8148,4.8325,4752995.3984,299000.0,231223.0465,126049437.9656,7929480.0
600939.SH,20251014,3.38,1.1509,4.6148,2.22,,,0.8158,0.2358,0.247,0.2959,,190180.6844,190180.6844,47431.5663,642810.7133,642810.7133
600941.SH,20251014,107.6,1.7914,1.8796,1.24,16.8171,16.3407,1.7362,2.2359,2.2423,4.2414,4.4555,2162664.0591,90276.7867,86040.0867,232702652.7592,9713782.2489
600955.SH,20251014,14.36,0.41,0.8939,1.02,139.5689,,0.9378,0.8294,0.8223,0.383,0.2076,55000.0,55000.0,25226.3,789800.0,789800.0
600956.SH,20251014,8.01,0.5853,4.751,1.15,20.1437,20.3577,1.5754,1.5762,1.6728,2.6717,2.6217,420569.3073,234808.8677,28924.7424,3368760.1515,1880819.0303
600958.SH,20251014,11.38,1.9336,3.0191,0.77,28.8614,20.5644,1.2112,5.0386,5.193,1.9679,1.5276,849664.5292,746948.2864,478386.8038,9669182.3423,8500271.4992
600959.SH,20251014,3.54,1.1336,2.3903,1.29,48.4451,42.3273,0.7825,2.2184,2.1724,0.5932,0.6215,500071.7686,500071.7686,237158.5939,1770254.0608,1770254.0608
600960.SH,20251014,5.56,12.2995,22.2646,1.61,,,1.462,1.2501,1.4635,0.0,,95051.5518,95051.5518,52508.6638,528486.628,528486.628
600961.SH,20251014,16.7,6.667,10.7382,1.16,22.7796,17.8984,5.2562,0.9068,0.8488,0.0,,107287.2703,75181.2398,46677.3173,1791697.414,1255526.7047
600962.SH,20251014,21.18,1.7125,3.0892,1.2,189.8427,104.3543,5.9105,2.7949,2.4431,0.0,,26221.0,26221.0,14535.4531,555360.78,555360.78
600963.SH,20251014,4.52,1.2662,2.2453,1.2,47.6467,22.286,0.9922,0.9766,0.8783,0.0,0.6668,175756.7854,175756.7854,99114.3753,794420.67,794420.67
600965.SH,20251014,4.92,0.9606,2.4984,1.05,77.9131,71.2335,1.8671,3.9431,3.6827,0.9959,0.7724,81870.0955,81870.0955,31478.4226,402800.8699,402800.8699
600966.SH,20251014,5.04,0.948,1.8529,0.9,38.3214,49.9844,0.9825,0.3559,0.3503,0.5399,0.5221,133684.4288,133684.4288,68397.8451,673769.5212,673769.5212
600967.SH,20251014,20.58,6.5275,15.2073,1.55,70.1149,66.6025,2.9772,3.5768,3.2637,1.5895,0.7143,170179.4667,170179.4667,73047.2168,3502293.4247,3502293.4247
600968.SH,20251014,3.96,0.5137,2.7995,1.08,11.0102,10.4051,1.4574,0.7665,0.7527,2.7778,3.4091,1016510.4199,1016510.4199,186510.4199,4025381.2628,4025381.2628
600969.SH,20251014,7.34,1.321,2.0778,1.15,,,0.7525,0.6329,0.6293,0.0,,37005.0484,37005.0484,23527.0749,271617.0553,271617.0553
600970.SH,20251014,9.33,1.7571,3.6671,1.51,8.2,8.1406,1.1403,0.5303,0.5215,4.3203,4.8565,262181.9524,225185.6839,107897.7455,2446157.6159,2100982.4308
600971.SH,20251014,7.08,1.8155,4.0309,1.81,7.9257,46.1065,0.7128,1.2185,1.5571,12.0056,6.6384,120000.4884,120000.4884,54046.5995,849603.4579,849603.4579
600973.SH,20251014,5.58,2.9166,5.2811,0.88,,,2.1602,0.1651,0.1557,0.0,,137136.6248,137136.6248,75738.3015,765222.3664,765222.3664
600975.SH,20251014,6.41,2.8267,3.9791,1.2,203.7195,24.1624,2.6035,1.137,1.068,0.0,,124966.174,101695.6114,72242.5788,801033.1753,651868.8691
600976.SH,20251014,39.73,0.9187,1.2666,1.03,16.8274,17.7452,2.4205,1.7388,1.8468,3.0204,2.2653,15339.86,15329.86,11118.5986,609452.6378,609055.3378
600977.SH,20251014,13.46,2.0922,6.4105,0.65,178.9149,,2.31,5.4933,6.0275,0.5275,0.3418,186700.0,186700.0,60931.75,2512982.0,2512982.0
600979.SH,20251014,4.86,1.6822,2.6014,0.99,26.0112,31.8276,1.3439,1.9074,1.9102,1.1111,1.1728,126165.6994,123225.979,79682.7,613165.2991,598878.2579
600980.SH,20251014,26.86,16.3703,31.5277,3.12,48.0416,45.7902,3.5844,4.2792,4.0278,0.3053,0.5398,18926.3526,18779.4816,9750.9394,508361.8308,504416.8758
600981.SH,20251014,2.86,0.9789,3.0037,1.01,218.5029,13.639,1.2506,0.1183,0.1139,0.0,0.3497,224243.3192,224243.3192,73084.2181,641335.8929,641335.8929
600982.SH,20251014,4.65,1.7079,3.4784,1.2,18.2373,17.2551,1.2067,1.2251,1.2977,3.2258,3.2258,111762.7485,111762.7485,54876.7377,519696.7805,519696.7805
600983.SH,20251014,10.4,0.4362,2.1529,1.02,39.501,20.6312,2.985,2.1842,1.895,0.7529,2.7885,76643.9,76643.9,15529.6791,797096.56,797096.56
600984.SH,20251014,3.81,1.5568,2.557,0.95,,,1.25,1.7565,1.893,0.0,,125704.3925,125704.3925,76534.8182,478933.7354,478933.7354
600985.SH,20251014,13.15,1.233,3.1982,1.3,7.2942,11.9983,0.8556,0.5388,0.7211,7.6046,5.7034,269325.8709,269325.8709,103832.6564,3541635.2023,3541635.2023
600986.SH,20251014,7.72,3.0688,3.6734,1.14,72.7804,55.3992,2.2039,1.4907,1.5047,0.6427,0.6427,148737.4062,148737.4062,124255.0413,1148252.7759,1148252.7759
600987.SH,20251014,7.35,1.8054,3.8829,1.88,10.4251,10.1924,1.1952,0.6543,0.6632,4.2016,5.4422,102081.8873,102081.8873,47464.009,750301.8717,750301.8717
600988.SH,20251014,30.58,7.1056,8.3145,1.3,32.9384,26.8957,5.0071,6.4387,5.7529,0.162,0.5232,190041.1178,166391.1378,142198.5632,5811457.3823,5088240.9939
600989.SH,20251014,17.4,0.6087,2.0599,0.81,20.1336,14.5819,2.9904,3.8687,3.2798,1.6095,3.9522,733336.0,733336.0,216714.873,12760046.4,12760046.4
600990.SH,20251014,29.4,4.5938,8.5386,1.1,,,4.3753,4.9712,4.8622,0.0,,27107.5062,26901.2696,14473.0042,796960.6823,790897.3262
600992.SH,20251014,13.82,1.233,1.6109,0.8,,,2.3941,1.5789,1.6395,0.3907,0.0868,24509.0,24509.0,18760.0182,338714.38,338714.38
600993.SH,20251014,28.21,2.4099,3.6812,1.38,23.0263,21.7375,2.936,3.2618,3.2433,1.4179,2.1978,43105.3891,43030.7016,28169.398,1216003.0265,1213896.0921
600995.SH,20251014,12.63,0.8966,4.1009,0.9,35.8333,30.2885,1.8511,6.5381,6.1502,1.0637,0.9386,319600.5805,319600.5805,69872.1636,4036555.3317,4036555.3317
600996.SH,20251014,9.19,2.3926,4.5167,0.78,,,4.4192,7.1781,8.6594,0.0,,124679.9854,124679.9854,66047.039,1145809.0658,1145809.0658
600997.SH,20251014,7.19,1.1382,3.7049,1.37,13.9952,16.4366,0.7996,0.5391,0.5902,4.7761,3.6161,158779.9851,158779.9851,48778.1263,1141628.0929,1141628.0929
600998.SH,20251014,4.91,0.6941,1.4999,1.15,9.8742,9.0185,0.9523,0.1631,0.159,3.947,4.0281,504247.0234,504247.0234,233333.4865,2475852.8849,2475852.8849
600999.SH,20251014,17.2,1.4267,3.5106,0.64,14.4023,13.8192,1.3068,7.1599,6.8563,2.0523,2.8837,869652.6806,742200.5272,301633.7568,14958026.1063,12765849.0678
601000.SH,20251014,3.95,0.872,2.0002,1.72,11.8292,13.3005,1.1435,4.0891,4.3839,5.0633,5.0633,592592.8614,592592.8614,258337.505,2340741.8025,2340741.8025
601001.SH,20251014,15.49,4.9204,11.5653,2.32,9.2326,11.5344,1.4151,1.7246,1.9036,5.1001,4.8741,167370.0,167370.0,71206.7492,2592561.3,2592561.3
601002.SH,20251014,5.29,0.9901,1.8001,1.0,38.7962,18.3899,1.2022,2.1306,1.906,1.8949,1.8904,95444.072,95444.072,52497.1293,504899.1409,504899.1409
601003.SH,20251014,5.34,0.9235,5.4361,1.06,,,1.5648,0.1951,0.2043,0.0,,256279.32,256279.32,43538.1917,1368531.5688,1368531.5688
601005.SH,20251014,1.54,2.567,3.8352,1.07,,,0.8266,0.5004,0.54,0.0,,885176.3767,831363.6567,556462.7464,1363171.6201,1280300.0313
601006.SH,20251014,5.92,0.6576,1.2884,0.96,13.1947,16.3597,0.7402,1.5982,1.5838,7.7877,4.3433,2014717.7716,2014717.7716,1028360.1661,11927129.2079,11927129.2079
601007.SH,20251014,7.23,1.9677,3.4829,1.01,84.7803,84.6304,1.7997,1.5076,1.5522,1.6598,0.9682,39000.0,39000.0,22033.2082,281970.0,281970.0
601008.SH,20251014,6.38,12.843,31.1421,3.78,41.5206,52.4211,1.9441,3.0075,3.0792,0.7837,0.9404,124063.8006,124063.8006,51163.7271,791527.0478,791527.0478
601009.SH,20251014,11.54,0.7097,1.1642,1.07,7.0713,6.7294,0.8013,2.838,2.7157,6.4915,4.2435,1236356.7245,1236356.7245,753648.9063,14267556.6007,14267556.6007
601010.SH,20251014,2.68,1.5425,2.1872,1.08,31.1314,39.8808,1.1515,2.6193,2.8344,3.1654,3.8029,184800.0,184800.0,130327.5433,495264.0,495264.0
601011.SH,20251014,3.96,6.332,9.2152,2.32,,,1.3068,5.8769,9.0658,0.0,,191566.4539,191566.4539,131629.9649,758603.1574,758603.1574
601012.SH,20251014,19.28,7.3494,9.961,3.07,,,2.5274,1.7692,1.9008,0.8811,,757806.013,757805.2584,559121.8783,14610499.9306,14610485.382
601015.SH,20251014,3.82,3.1255,7.5931,1.81,,,1.3175,0.5351,0.6467,0.0,,204249.7639,204249.7639,84073.5415,780234.0981,780234.0981
601016.SH,20251014,3.24,2.0144,3.6038,0.94,15.6887,19.1962,1.2021,4.151,4.3219,2.6064,2.2957,644037.9197,593383.2878,331677.8982,2086682.8598,1922561.8525
601018.SH,20251014,3.81,0.9337,5.9208,1.81,15.1345,14.0885,0.9382,2.5824,2.5406,2.3885,2.8346,1945438.8399,1945438.8399,306805.4656,7412121.98,7412121.98
601019.SH,20251014,7.76,0.7689,3.7543,1.48,12.7513,13.6601,1.092,1.3819,1.5015,7.2165,4.768,208690.0,208690.0,42738.5758,1619434.4,1619434.4
601020.SH,20251014,31.36,13.7256,18.1163,2.24,101.5074,78.8133,7.1362,15.9336,14.0969,0.0888,0.1276,81996.4698,81996.4698,62123.6518,2571409.2929,2571409.2929
601021.SH,20251014,52.19,0.4292,0.9723,0.65,22.4639,24.5359,2.913,2.553,2.4993,1.3392,1.5631,97833.3423,97833.3423,43190.234,5105922.1346,5105922.1346
601022.SH,20251014,10.52,22.0691,22.0691,2.35,24.8616,21.0297,2.3455,2.6115,2.3915,1.1027,2.0342,130863.3334,24863.3334,24863.3334,1376682.2674,261562.2674
601033.SH,20251014,16.02,2.506,2.506,1.37,17.5706,16.7672,1.3837,3.8299,3.6085,3.2459,3.7453,90000.0,24000.0,24000.0,1441800.0,384480.0
601038.SH,20251014,12.79,0.6338,2.5312,1.11,15.5868,18.291,1.887,1.2072,1.3035,2.4973,2.8768,112364.5275,73170.5275,18321.9422,1437142.3067,935851.0467
601058.SH,20251014,14.11,0.793,1.0732,0.83,11.4198,12.3979,2.3136,1.4589,1.3552,2.2679,3.7562,328810.0259,328810.0259,242962.6184,4639509.4654,4639509.4654
601059.SH,20251014,19.24,4.8872,4.8872,0.82,45.7146,35.1523,3.0936,18.9562,16.7148,0.4314,0.3326,324300.0,69160.0,69160.0,6239532.0,1330638.4
601061.SH,20251014,10.35,8.9374,8.9374,1.1,22.6583,19.6557,2.2521,0.3895,0.3913,1.4493,1.6232,490000.0,50115.3847,50115.3847,5071500.0,518694.2316
601065.SH,20251014,8.4,1.2757,1.6738,1.32,11.7128,15.9565,1.232,2.0128,2.2358,4.1667,2.619,64277.6079,41625.6079,31727.1701,539931.9064,349655.1064
601066.SH,20251014,26.45,0.2887,1.7988,0.8,28.4035,23.1195,2.5694,9.7102,9.1836,1.2854,0.9641,775669.4797,649567.1035,104246.0291,20516457.7381,17181049.8876
601068.SH,20251014,5.11,1.0298,8.9081,1.34,69.03,91.0008,5.2653,0.6361,0.6641,0.0,,298783.6267,255959.0667,29590.6667,1526784.3324,1307950.8308
601069.SH,20251014,34.0,8.492,16.6808,1.65,106.9719,82.1791,6.4289,4.4243,3.4207,0.0,0.1481,91099.9123,88718.8443,45165.4591,3097397.0182,3016440.7062
601077.SH,20251014,7.16,1.8598,3.1308,1.79,7.0631,6.8602,0.6215,2.8773,2.8704,4.0293,4.2542,1135700.0,883770.0254,524981.4387,8131612.0,6327793.3819
601083.SH,20251014,11.83,9.0864,9.0864,2.59,14.9998,10.2208,1.7019,2.5645,2.2955,3.3559,3.3643,129412.0,19412.0,19412.0,1530943.96,229643.96
601086.SH,20251014,11.55,5.8413,22.5315,1.93,132.6068,163.7098,4.9523,10.16,10.7606,1.5493,0.6867,66600.0,66600.0,17266.0,769230.0,769230.0
601088.SH,20251014,40.65,0.2882,1.7744,1.3,13.7658,15.0099,2.0115,2.3869,2.6188,5.5597,5.5597,1986851.9955,1649103.7955,267832.8759,80765533.6171,67036069.2871
601089.SH,20251014,21.96,0.7622,2.8684,0.87,21.5702,22.6236,2.9461,3.0592,3.0784,2.2293,2.2199,48000.0,48000.0,12754.2997,1054080.0,1054080.0
601096.SH,20251014,4.42,2.1683,4.4144,1.26,51.3819,36.1118,2.6292,1.1662,1.1936,0.5731,0.905,267515.5088,164297.6541,80700.7764,1182418.5489,726195.6311
601098.SH,20251014,12.39,0.9305,2.6354,1.31,16.2402,13.7901,1.4101,1.667,1.7397,5.2462,4.4391,179600.0,179600.0,63411.652,2225244.0,2225244.0
601099.SH,20251014,4.49,3.4203,3.8394,0.78,139.0821,112.3405,3.1161,23.1965,21.9738,0.0,,681631.637,681631.637,607227.6395,3060526.0501,3060526.0501
601100.SH,20251014,92.05,1.0328,3.0337,0.94,49.1977,46.5742,7.5347,13.1445,12.6874,0.7605,0.7605,134082.0992,134082.0992,45644.6322,12342257.2314,12342257.2314
601101.SH,20251014,7.63,1.6487,4.4932,1.58,10.5996,17.5561,0.9222,1.2024,1.2488,4.5872,6.0026,143999.7926,143999.7926,52838.4382,1098718.4175,1098718.4175
601106.SH,20251014,3.1,1.1948,2.9778,1.08,,,4.0083,1.2793,1.6884,0.0,,685778.2927,685778.2927,275153.0356,2125912.7074,2125912.7074
601107.SH,20251014,5.74,1.011,4.7295,1.94,12.0317,10.984,1.0726,1.694,1.9247,4.1812,5.0523,305806.0,216274.0,46233.7162,1755326.44,1241412.76
601108.SH,20251014,8.44,0.8845,1.3085,0.75,16.7509,15.7028,1.0997,6.2353,6.3017,1.7772,1.8843,464376.2406,464376.2406,313898.395,3919335.4707,3919335.4707
601111.SH,20251014,7.73,0.4228,1.0152,0.65,,182.3855,3.163,0.8091,0.8031,0.0,,1744842.1,1163810.9474,484749.5627,13487629.433,8996258.6234
601113.SH,20251014,4.42,4.9087,7.9541,0.95,9.9862,10.1946,1.2392,0.6489,0.8895,0.0,,110415.2226,110415.2226,68139.9924,488035.2839,488035.2839
601116.SH,20251014,15.95,12.0056,35.1531,1.59,61.2903,55.9351,2.7363,2.254,2.2393,1.2539,1.2539,54767.84,54767.84,18704.5426,873547.048,873547.048
601117.SH,20251014,7.66,1.3378,2.3648,0.9,8.2242,7.8611,0.727,0.2517,0.252,2.3246,2.4282,610687.7362,606958.0762,343357.2087,4677868.0593,4649298.8637
601118.SH,20251014,5.4,1.1844,3.3488,1.36,223.5142,103.246,2.3714,0.4652,0.4334,0.387,0.2019,427942.7797,427942.7797,151352.5773,2310891.0104,2310891.0104
601121.SH,20251014,7.12,5.1666,5.5798,0.73,41.1862,58.6962,1.8439,4.7627,4.2701,2.3455,0.5267,80000.0,38000.0,35185.6605,569600.0,270560.0
601126.SH,20251014,22.62,10.9398,18.3885,1.75,26.3399,24.5373,4.2012,2.7117,2.5152,2.6493,3.183,83326.8,81951.62,48755.1834,1884852.216,1853745.6444
601127.SH,20251014,159.53,2.286,4.8217,0.55,43.8233,35.8801,9.7369,1.7949,1.8281,0.1918,0.7998,163336.6086,150978.2193,71580.6827,26057089.17,24085555.3249
601128.SH,20251014,7.07,1.6053,1.8789,1.19,6.149,5.793,0.8182,2.1493,2.0451,2.9223,5.3362,331651.5911,331651.5911,283357.0626,2344776.7491,2344776.7491
601133.SH,20251014,13.22,7.6533,7.6533,0.96,32.8862,35.5719,2.4384,1.331,1.3513,1.6509,1.5867,52801.8424,14938.6744,14938.6744,698040.3565,197489.2756
601136.SH,20251014,22.1,5.857,5.857,0.7,61.3336,60.513,4.4002,24.9865,24.688,0.7014,0.6787,273333.38,48148.38,48148.38,6040667.698,1064079.198
601137.SH,20251014,25.55,5.5135,10.1259,1.27,15.5081,15.0786,2.4196,1.1252,1.0493,1.6733,1.9358,82156.2203,82088.2203,44696.5186,2099091.4287,2097354.0287
601138.SH,20251014,59.72,0.9803,5.8386,1.09,51.0814,44.5994,7.8196,1.9469,1.685,0.9716,1.0713,1985818.3781,1985818.3781,333433.3734,118593073.5401,118593073.5401
601139.SH,20251014,6.85,1.1974,4.8966,1.92,13.5241,14.9405,1.2699,0.6951,0.6539,2.3358,2.3358,287674.1752,287674.1752,70347.0323,1970568.1001,1970568.1001
601155.SH,20251014,14.99,0.6466,1.9713,0.67,44.939,102.7249,0.5471,0.3799,0.438,0.0,,225562.2856,225562.2856,73982.2856,3381178.6611,3381178.6611
601156.SH,20251014,15.48,1.156,1.8635,0.85,9.1442,9.1051,1.3403,1.0216,1.0229,2.5129,4.3734,158755.5556,94459.5556,58595.3722,2457536.0007,1462233.9207
601158.SH,20251014,4.75,0.3622,3.1664,1.31,29.0417,27.5722,1.3412,3.2575,3.1516,3.5579,2.7579,480002.1838,480002.1838,54906.1149,2280010.3731,2280010.3731
601162.SH,20251014,5.21,2.3247,3.0866,0.64,,162.2488,1.9294,19.5714,16.5156,0.0,,1014177.2224,866575.7464,652664.9097,5283863.3287,4514859.6387
601163.SH,20251014,14.07,0.4601,1.2746,1.02,10.208,12.6966,0.8385,1.1083,1.1335,4.7619,3.7669,80000.0,80000.0,28877.497,1125600.0,1125600.0
601166.SH,20251014,20.23,0.7911,1.0486,1.28,5.5453,5.5387,0.5838,2.0173,2.0422,5.0465,5.2397,2116285.1947,2116285.1947,1596675.2819,42812449.4888,42812449.4888
601168.SH,20251014,22.55,3.332,4.8242,0.9,18.3305,16.897,3.2372,1.0742,0.9483,2.2173,4.4346,238300.0,238300.0,164587.9952,5373665.0,5373665.0
601169.SH,20251014,5.65,2.0017,2.8898,1.31,4.6246,4.5413,0.4338,1.7086,1.6923,5.6637,5.6637,2114298.4272,2114298.4272,1464497.3937,11945786.1137,11945786.1137
601177.SH,20251014,17.68,2.0856,3.7926,1.05,29.9521,28.4484,2.6258,3.1349,3.0446,0.2773,0.3394,40797.5,40006.0,22000.375,721299.8,707306.08
601179.SH,20251014,7.09,2.2769,5.5363,0.96,34.4756,30.2862,1.6295,1.6389,1.567,1.4245,1.3399,512588.2352,512588.2352,210815.5899,3634250.5876,3634250.5876
601186.SH,20251014,8.08,0.4736,1.1981,0.83,4.9391,5.2213,0.4076,0.1028,0.1055,4.3317,3.7129,1357954.15,1150324.55,454692.891,10972269.532,9294622.364
601187.SH,20251014,6.69,3.1343,3.4087,2.58,6.8047,6.954,0.6814,3.0657,3.1777,6.8759,4.6338,263912.7888,128404.6023,118069.1613,1765576.5571,859026.7894
601188.SH,20251014,3.47,1.2054,3.0846,1.34,29.9617,26.7494,0.9943,5.3885,5.2901,1.8298,2.0299,131587.8571,131587.8571,51421.0,456609.8641,456609.8641
601198.SH,20251014,11.59,0.9028,1.6414,0.8,24.2592,20.9642,1.2869,3.9982,5.5575,1.346,1.2425,323244.552,323244.552,177784.5036,3746404.3577,3746404.3577
601199.SH,20251014,5.7,0.9741,3.2225,1.37,13.2603,13.4447,1.1971,3.4771,3.5562,2.1754,2.2807,93521.0292,93521.0292,28268.9349,533069.8664,533069.8664
601200.SH,20251014,8.19,0.699,1.6068,0.88,19.1617,18.461,0.9654,1.7611,1.7204,1.0175,1.221,134623.0251,134623.0251,58565.0067,1102562.5756,1102562.5756
601208.SH,20251014,17.82,5.4025,7.0089,1.46,100.2243,85.7684,3.1208,4.0587,3.7961,0.7534,0.4899,101811.7834,101811.7834,78477.2759,1814285.9802,1814285.9802
601211.SH,20251014,18.82,1.0219,1.2639,0.58,25.4741,13.9723,1.0654,7.6451,6.6091,1.5544,1.8996,1762892.5829,1349399.3295,1091081.3756,33177638.4102,25395695.3812
601212.SH,20251014,5.53,10.5093,28.9253,2.3,506.839,,2.6572,0.4718,0.52,0.0615,0.0723,740477.4511,740477.4511,269034.0933,4094840.3046,4094840.3046
601216.SH,20251014,5.25,1.0402,2.7691,1.09,15.7999,13.8014,1.5808,1.7571,1.69,6.0952,2.8571,843801.739,843801.739,316969.099,4429959.1298,4429959.1298
601218.SH,20251014,6.39,27.7619,38.6619,1.04,203.3401,78.906,2.1245,5.0911,4.5837,1.7234,0.1565,96903.3512,96903.3512,69583.4124,619212.4142,619212.4142
601222.SH,20251014,6.11,1.8916,3.0998,1.51,16.7193,26.3201,0.8118,1.8669,2.1852,4.9135,4.3459,206016.9156,206016.9156,125718.9229,1258763.3543,1258763.3543
601225.SH,20251014,21.33,1.0674,3.0716,2.11,9.2485,10.6363,2.3344,1.123,1.1658,6.676,5.9922,969500.0,969500.0,336903.9335,20679435.0,20679435.0
601226.SH,20251014,7.41,3.3537,9.0811,2.07,74.997,65.1971,2.0103,1.1454,1.0202,0.3511,0.4592,116572.23,116222.37,42921.6044,863800.2243,861207.7617
601228.SH,20251014,3.41,0.5888,3.2886,1.83,26.6757,28.2308,1.2234,1.8281,1.8092,1.261,1.1437,754453.1351,754453.1351,135073.0696,2572685.1907,2572685.1907
601229.SH,20251014,9.6,1.0119,1.5632,1.53,5.7898,5.7261,0.561,2.5744,2.5222,7.7071,5.2075,1420899.9583,1420899.9583,919812.5356,13640639.5997,13640639.5997
601231.SH,20251014,19.59,1.2749,5.6223,1.0,26.0919,28.6274,2.3683,0.7104,0.7124,1.3691,1.168,220094.2377,220094.2377,49909.4775,4311646.1165,4311646.1165
601233.SH,20251014,13.43,1.7839,2.991,1.24,26.8709,26.19,0.8632,0.3188,0.3321,0.3182,0.738,240477.9773,239589.8093,142897.9138,3229619.2351,3217691.1389
601236.SH,20251014,9.14,0.7229,3.1183,0.56,56.4272,43.7557,1.7109,21.3223,19.7474,1.1707,1.1269,471678.7742,471678.7742,109351.8042,4311143.9962,4311143.9962
601238.SH,20251014,7.53,0.3878,1.608,1.02,93.2317,,0.69,0.719,0.7443,1.7268,0.663,1019706.59,738369.7595,178073.4968,7678390.6227,5559924.289
601279.SH,20251014,4.45,3.5048,16.6079,1.24,144.5464,,1.6706,1.5038,1.6006,0.4494,0.2247,158578.5985,158578.5985,33465.5171,705674.7633,705674.7633
601288.SH,20251014,7.13,0.1884,2.1012,1.37,8.8463,8.7342,0.9318,3.5119,3.4966,3.2384,3.3927,34998303.3873,31924421.0777,2862106.1712,249537903.1514,227621122.284
601298.SH,20251014,8.69,0.5008,4.0768,1.53,10.7753,10.3785,1.2813,2.9781,2.9216,4.6732,3.6145,649110.0,539207.5,66237.6,5640765.9,4685713.175
601311.SH,20251014,10.76,3.8785,6.5047,0.87,20.5596,15.1738,1.2927,0.8096,0.786,2.5093,2.6952,117314.6118,117314.6118,69950.2078,1262305.223,1262305.223
601318.SH,20251014,56.48,0.9596,1.0549,1.32,8.0779,8.5202,1.0892,0.994,0.9891,4.328,4.5149,1810764.1995,1066006.5083,969734.5981,102271961.9878,60208047.5888
601319.SH,20251014,8.17,0.5639,6.7048,2.16,8.4282,7.7348,1.2907,0.5809,0.5527,1.9095,2.203,4422399.0583,3549775.6583,298560.3196,36131000.3063,29001667.1283
601326.SH,20251014,3.51,0.5702,2.2323,1.0,12.5323,12.7148,0.9853,2.8566,2.861,2.3647,2.4217,558741.2,475755.9,121531.5437,1961181.612,1669903.209
601328.SH,20251014,6.86,1.2269,1.3927,1.57,6.4772,6.4271,0.5416,2.333,2.3239,4.0217,4.0647,8836378.4223,2607243.9569,2296728.4001,60617555.977,17885693.5443
601330.SH,20251014,7.09,0.7781,2.4767,1.1,16.8858,14.9852,1.244,2.907,2.8871,3.5261,4.2313,139345.4021,98909.4229,31074.2715,987958.9009,701267.8084
601333.SH,20251014,3.31,1.27,2.3748,1.07,22.116,18.6558,0.8416,0.8655,0.8334,2.1148,2.1148,708353.7,565223.7,302278.57,2344650.747,1870890.447
601336.SH,20251014,65.5,2.9772,8.8381,2.12,7.7902,6.8235,2.6468,1.5415,1.39,2.1221,3.8626,311954.66,208543.934,70249.7025,20433030.23,13659627.677
601339.SH,20251014,5.63,0.8679,3.3763,1.05,20.5828,14.8796,0.9202,1.0631,1.1193,5.2924,7.2824,149956.9,149956.9,38548.2228,844257.347,844257.347
601360.SH,20251014,10.78,2.2498,5.5158,1.03,,,2.6143,9.494,9.335,0.9276,1.8553,699955.7879,699955.7879,285504.122,7545523.3936,7545523.3936
601366.SH,20251014,4.58,1.0632,1.7938,1.66,153.6745,324.2128,1.0413,0.5625,0.5715,0.6089,0.4068,91393.2943,91393.2943,54172.8587,418581.2879,418581.2879
601368.SH,20251014,4.99,0.6632,1.5385,1.2,50.1058,93.7338,0.9292,1.7783,1.7868,0.521,0.6012,88297.3077,88297.3077,38062.6493,440603.5654,440603.5654
601369.SH,20251014,8.56,0.9103,2.3907,1.22,14.1639,14.7993,1.7225,1.4355,1.4546,6.6671,5.0234,172347.4492,170579.5987,64950.7364,1475294.1652,1460161.3649
601375.SH,20251014,4.55,1.3788,1.8111,0.72,85.9278,69.2875,1.4846,12.5006,14.9547,0.4396,0.5055,464288.47,344751.97,262453.5853,2112512.5385,1568621.4635
601377.SH,20251014,6.56,1.357,1.9171,0.97,26.1788,22.1952,1.0268,4.5858,4.581,1.9817,1.9817,863598.7294,863598.7294,611290.5527,5665207.6649,5665207.6649
601388.SH,20251014,3.05,4.463,8.3272,1.15,361.9353,,1.4842,0.9592,0.9148,0.5902,0.1639,220122.2616,220122.2616,117976.163,671372.8979,671372.8979
601390.SH,20251014,5.79,0.9058,2.0569,0.62,5.1369,5.632,0.4614,0.1238,0.1273,3.6286,3.0744,2474100.8919,2047485.7941,901613.2051,14325044.1641,11854942.7478
601398.SH,20251014,7.5,0.2574,2.2245,2.11,7.3061,7.3537,0.7127,3.2527,3.2268,4.0853,4.1066,35640625.7089,26961221.2539,3119269.1681,267304692.8168,202209159.4043
601399.SH,20251014,3.61,3.0113,9.5711,1.53,60.3021,56.5699,1.7798,2.0546,1.929,0.0,,721355.589,721355.589,226958.1472,2604093.6763,2604093.6763
601456.SH,20251014,11.18,1.5705,2.9209,0.8,159.8036,44.1973,1.2509,23.6697,11.3238,0.5793,0.5009,568059.2806,259768.3741,139674.5415,6350902.7571,2904210.4224
601500.SH,20251014,4.44,0.8334,1.0268,0.83,18.8737,46.5349,1.1624,1.0142,0.8943,1.2594,,158931.5735,158300.0735,128483.5315,705656.1863,702852.3263
601512.SH,20251014,9.7,0.606,3.1896,0.87,22.821,21.7988,0.9796,5.4148,4.4361,2.8144,1.3196,149889.0,149889.0,28479.0,1453923.3,1453923.3
601515.SH,20251014,4.82,2.3638,4.8982,1.03,,,1.7702,6.3076,6.7092,0.5129,,186365.135,186365.135,89937.6811,898279.9507,898279.9507
601518.SH,20251014,2.8,1.3773,4.3583,1.4,9.8242,10.1242,0.971,3.566,3.5422,3.2143,3.0714,189055.3169,189055.3169,59742.6908,529354.8873,529354.8873
601519.SH,20251014,15.32,4.0064,8.1285,0.84,,,22.0136,39.5327,37.3902,0.0,,198916.0,198916.0,98042.6302,3047393.12,3047393.12
601528.SH,20251014,5.45,1.3356,1.389,1.61,5.5647,5.4317,0.5585,2.4387,2.3924,3.3028,3.6697,196216.1395,173445.6538,166782.1579,1069377.9603,945278.8132
601555.SH,20251014,9.88,1.5456,2.1565,0.66,20.7468,15.6716,1.1493,4.2563,4.4994,2.6619,3.1579,496870.2837,496870.2837,356109.0216,4909078.403,4909078.403
601566.SH,20251014,8.77,0.6452,2.3232,0.75,28.6005,16.7698,1.2791,1.5841,1.6245,3.4208,3.4208,57463.715,57463.715,15957.561,503956.7806,503956.7806
601567.SH,20251014,25.65,1.5077,3.1705,0.84,15.9519,15.4083,2.9633,2.4687,2.3142,2.5242,3.4557,140520.94,140520.94,66821.8017,3604362.111,3604362.111
601568.SH,20251014,3.97,0.4338,1.151,1.05,68.3033,67.5538,1.3852,1.5647,1.6294,2.5189,2.5189,397222.2224,397222.2224,149719.419,1576972.2229,1576972.2229
601577.SH,20251014,9.25,0.8785,1.5115,1.29,4.753,4.6298,0.5459,1.4343,1.4229,4.1081,6.7027,402155.3754,402068.3625,233673.4883,3719937.2225,3719132.3531
601579.SH,20251014,23.24,6.4733,15.6512,2.91,56.7958,55.9138,3.0818,6.8299,6.5063,0.8867,1.6889,47946.3409,47946.3409,19830.5209,1114272.9625,1114272.9625
601588.SH,20251014,1.96,2.427,4.7756,1.62,,,0.8134,0.9227,0.9789,1.0204,,336702.0,266000.0,135185.7197,659935.92,521360.0
601595.SH,20251014,27.57,1.0854,3.526,0.91,137.2267,165.3674,7.3003,17.8988,18.4025,0.7617,0.3482,44820.0,44820.0,13797.1683,1235687.4,1235687.4
601598.SH,20251014,6.23,0.7165,3.3326,0.86,11.5645,11.559,1.158,0.4289,0.4541,4.6299,4.6004,727219.7875,525591.6875,112997.9605,4530579.2761,3274436.2131
601599.SH,20251014,3.49,1.6115,2.0949,1.11,33.7112,35.2327,2.4831,1.3321,1.2561,0.0,,116054.2453,116054.2453,89272.4964,405029.3161,405029.3161
601600.SH,20251014,8.64,4.7409,8.0145,1.49,11.9534,11.9014,2.0689,0.6252,0.6106,1.8753,2.5116,1715563.2078,1316562.2419,778803.9708,14822466.1154,11375097.77
601601.SH,20251014,36.0,1.1516,2.6567,1.25,7.7031,7.2587,1.2757,0.8571,0.8448,2.8333,3.0,962034.1455,684504.1455,296715.7835,34633229.238,24642149.238
601606.SH,20251014,56.0,19.6649,47.8354,2.42,,,18.4427,28.3573,25.513,0.0143,,72422.84,72422.84,29772.6841,4055679.04,4055679.04
601607.SH,20251014,18.3,0.6378,1.782,0.87,14.9067,11.181,0.9037,0.2465,0.2446,2.6731,1.5847,370836.1809,278920.7505,99826.2872,6786302.1105,5104249.7342
601608.SH,20251014,5.69,1.4604,4.0741,0.84,69.5706,67.376,2.8406,3.2434,3.2069,0.4746,0.5026,457955.3437,455056.793,163124.5936,2605765.9057,2589273.1522
601609.SH,20251014,12.46,6.6524,13.8038,0.8,46.6165,30.2266,2.5966,0.1735,0.1715,0.8089,0.7421,172863.6063,172863.6063,83307.117,2153880.5345,2153880.5345
601611.SH,20251014,11.25,9.3088,28.2225,2.55,16.4254,17.7816,1.5707,0.2986,0.3017,0.7727,0.8356,301383.4212,301383.4212,99407.5324,3390563.4885,3390563.4885
601615.SH,20251014,17.2,6.0943,8.0785,1.1,112.881,132.2672,1.4904,1.4386,1.202,1.6738,1.6737,227149.6706,227149.6706,171358.2269,3906974.3343,3906974.3343
601616.SH,20251014,4.28,7.6249,10.668,1.14,48.8942,77.4653,1.5226,3.5236,3.6573,1.6355,1.6355,85367.5319,85367.5319,61015.9149,365373.0365,365373.0365
601618.SH,20251014,3.94,2.215,6.1461,0.75,12.1037,14.3361,0.7887,0.1479,0.1664,1.8274,1.4213,2072361.917,1785261.917,643390.387,8165105.953,7033931.953
601619.SH,20251014,5.18,9.2308,19.0342,0.67,23.9438,22.257,1.9097,6.2296,6.0481,1.9362,1.6135,291265.6123,243456.8474,118065.9409,1508755.8717,1261106.4695
601628.SH,20251014,39.98,0.1083,1.5035,1.19,10.5674,10.3116,2.2118,2.1379,2.1178,1.5758,1.6258,2826470.5,2082353.0,150000.0,113002290.59,83252472.94
601633.SH,20251014,23.44,0.3605,2.0458,1.18,15.8047,16.7855,2.4996,0.9921,0.9877,1.2765,1.92,855787.1961,620924.3061,109424.3061,20059651.8766,14554465.735
601636.SH,20251014,7.28,1.9899,3.3687,1.23,51.0641,42.2984,1.4346,1.2484,1.2912,4.4897,0.6122,268357.819,268357.819,158525.5489,1953644.9223,1953644.9223
601658.SH,20251014,5.7,0.3118,2.0288,1.49,7.9157,7.8781,0.6924,1.9627,1.9479,3.6227,3.631,12009505.3492,6712239.52,1031701.1125,68454180.4904,38259765.264
601665.SH,20251014,6.09,1.5187,2.4829,1.15,7.516,6.9747,0.7868,2.9992,2.913,2.8383,3.44,615384.2525,615384.2525,376404.5596,3747690.0977,3747690.0977
601666.SH,20251014,8.26,2.0049,4.0993,1.17,8.6812,16.7904,0.8962,0.6736,0.8447,11.8919,6.9144,246935.7013,246935.7013,120768.9875,2039688.8927,2039688.8927
601668.SH,20251014,5.58,0.579,1.3688,0.85,4.992,4.891,0.4863,0.1054,0.1072,4.9,4.8656,4132039.0444,4132039.0444,1747894.7919,23056777.8678,23056777.8678
601669.SH,20251014,5.86,2.7041,4.3704,1.15,8.4016,9.0917,0.7123,0.1593,0.1574,2.3292,2.1664,1722615.9334,1307152.585,808778.7421,10094529.3697,7659914.1481
601677.SH,20251014,14.35,4.2232,4.9652,1.03,10.2058,11.0228,0.9789,0.5521,0.5248,0.9061,1.1778,124352.3627,121800.6627,103600.0459,1784456.4047,1747839.5097
601678.SH,20251014,4.34,1.6875,2.0886,0.85,40.7147,39.5735,0.7828,0.8728,0.6854,1.1339,1.128,205683.6276,202983.6276,163996.8294,892666.9438,880948.9438
601686.SH,20251014,6.31,1.066,2.212,0.81,21.5438,15.2172,1.4104,0.1669,0.1717,4.6085,4.5692,145029.0901,145029.0901,69888.8841,915133.5585,915133.5585
601688.SH,20251014,22.2,2.3436,3.3419,0.69,13.0542,11.3927,1.2012,4.8327,4.9794,2.6133,2.3425,902686.3786,730675.8106,512399.8491,20039637.6049,16221002.9953
601689.SH,20251014,64.94,2.799,6.7278,0.81,37.6108,39.7476,4.9986,4.2426,4.1319,0.5729,0.7992,173783.558,173783.558,72300.1111,11285504.2565,11285504.2565
601696.SH,20251014,14.13,1.573,3.0101,0.78,43.3056,37.4896,2.1181,13.5923,12.4735,0.3609,0.2477,277800.0,277800.0,145168.4209,3925314.0,3925314.0
601698.SH,20251014,21.63,1.3367,8.2525,1.42,201.0449,399.8164,5.8004,35.9579,34.9583,0.1147,0.1493,422438.5412,422438.5412,68426.5538,9137345.6462,9137345.6462
601699.SH,20251014,15.4,2.8149,7.4977,2.29,18.8068,29.3174,0.9917,1.285,1.4278,10.3182,2.6623,299140.92,299140.92,112306.2688,4606770.168,4606770.168
601700.SH,20251014,4.74,1.423,2.8768,1.66,59.3092,287.3324,2.1021,1.6779,2.0195,1.0549,0.412,114224.67,114224.67,56502.4,541424.9358,541424.9358
601702.SH,20251014,17.06,0.9608,3.4518,1.06,13.9871,13.8506,2.9341,1.566,1.4306,1.1723,1.7585,99853.06,99853.06,27793.0,1703493.2036,1703493.2036
601717.SH,20251014,23.5,1.9713,2.964,0.89,10.6656,9.7859,2.0969,1.1332,1.1026,3.5748,4.766,178539.993,154216.573,102564.243,4195689.8355,3624089.4655
601718.SH,20251014,3.6,1.7384,3.4826,1.27,,,1.2654,1.5992,2.0039,0.8333,,439162.9404,439162.9404,219211.6513,1580986.5854,1580986.5854
601727.SH,20251014,10.14,6.5713,15.0515,1.09,209.41,162.2015,2.9335,1.3648,1.3141,0.0,,1554012.1636,1261563.9636,550780.4696,15757683.3389,12792258.5909
601728.SH,20251014,6.84,0.1621,0.8766,0.88,18.96,18.2922,1.39,1.1955,1.1876,3.7588,4.0044,9150713.8699,7762972.8699,1435912.6872,62590882.8701,53098734.4301
601766.SH,20251014,7.7,0.5506,1.3751,0.91,17.839,14.3194,1.3482,0.8966,0.8001,2.5974,2.7273,2869886.4088,2432779.8048,974021.9798,22098125.3478,18732404.497
601777.SH,20251014,11.21,1.2878,3.5223,0.74,1266.4924,1126.4013,4.8021,7.204,6.1571,0.0,,452110.0071,452110.0071,165299.0287,5068153.1796,5068153.1796
601778.SH,20251014,3.71,3.1346,4.119,1.39,40.8426,36.8743,0.8556,2.7747,2.6624,0.2903,0.7363,357099.3975,357099.3975,271759.3975,1324838.7647,1324838.7647
601788.SH,20251014,18.66,1.0924,2.3826,0.6,28.1309,25.6761,1.4425,8.9638,8.1636,1.9871,1.067,461078.7639,390669.8839,179122.5656,8603729.7344,7289900.0336
601789.SH,20251014,5.46,4.4751,6.1192,0.79,19.2449,20.1308,1.3167,0.2818,0.2936,1.8315,1.8315,108679.859,108679.859,79479.859,593392.0301,593392.0301
601798.SH,20251014,9.81,5.8979,9.9627,2.14,,,2.7687,5.1495,4.6601,0.0,,35452.8198,35452.8198,20988.0152,347792.1622,347792.1622
601799.SH,20251014,136.22,1.0727,2.3471,0.68,27.6332,25.5941,3.6586,2.9363,2.7226,1.0209,1.0956,28567.9419,28567.9419,13056.7792,3891525.0456,3891525.0456
601800.SH,20251014,8.89,0.3409,1.6704,0.93,6.1887,6.7143,0.497,0.1875,0.1926,3.2909,3.3933,1627861.1425,1177843.7225,240382.0621,14471685.5568,10471030.693
601801.SH,20251014,6.54,0.7052,3.2085,1.32,18.1635,15.9173,1.0715,1.1913,1.2642,6.1927,3.0581,195793.1237,195793.1237,43032.2372,1280487.029,1280487.029
601808.SH,20251014,13.76,0.3709,1.9977,1.0,20.93,18.714,1.4688,1.3593,1.3374,1.5262,1.6759,477159.2,296046.8,54962.07,6565710.592,4073603.968
601811.SH,20251014,14.85,0.4929,3.389,1.22,11.8604,10.8699,1.2108,1.4862,1.5183,5.1852,4.0404,123384.1,79190.39,11518.543,1832253.885,1175977.2915
601816.SH,20251014,5.13,0.4258,0.8483,1.07,19.6572,19.7201,1.2409,5.9537,5.9324,2.183,2.3041,4892567.937,4892567.937,2455697.6065,25098873.5168,25098873.5168
601818.SH,20251014,3.42,1.3003,3.7629,1.25,4.8463,4.8307,0.417,1.4922,1.5364,5.0585,5.5263,5908555.1061,4640681.5561,1603602.1164,20207258.4629,15871130.9219
601825.SH,20251014,8.58,0.6154,1.0363,1.97,6.7341,6.7113,0.6647,3.106,3.1622,7.2028,5.0583,964444.4445,937444.1403,556745.8381,8274933.3338,8043270.7238
601827.SH,20251014,8.34,0.3936,1.3781,0.94,11.9369,11.8185,1.2161,2.3275,2.4439,2.8251,2.9376,167193.33,167193.33,47756.76,1394392.3722,1394392.3722
601828.SH,20251014,2.81,0.7567,2.6346,1.36,,,0.2756,1.5646,1.7649,0.0,,435473.2673,361344.7039,103781.4639,1223679.8811,1015378.618
601838.SH,20251014,18.23,1.1361,2.1748,1.64,6.0091,5.8061,0.9811,3.3621,3.2649,4.4267,4.8875,423843.5356,423105.8198,221028.7489,7726667.654,7713219.095
601857.SH,20251014,8.33,0.1128,1.6611,1.05,9.258,9.5248,1.0059,0.5189,0.5379,5.4022,5.6423,18302097.7818,16192207.7818,1099851.2248,152456474.5224,134881090.8224
601858.SH,20251014,19.18,0.5255,2.8654,0.95,35.0182,31.3933,2.8248,5.1258,5.0757,1.3556,1.4286,79050.0,79050.0,14497.065,1516179.0,1516179.0
601860.SH,20251014,2.9,1.9348,2.5239,1.75,6.5394,6.5351,0.5295,2.3789,2.3727,3.4483,3.4483,366098.7241,355157.0925,272254.632,1061686.2999,1029955.5683
601865.SH,20251014,17.21,1.6932,4.0182,1.34,40.0572,,1.8871,2.1582,2.5644,2.9502,0.7516,234292.0162,190102.5162,80105.3162,4032165.5988,3271664.3038
601866.SH,20251014,2.63,1.1349,3.0502,1.11,20.5877,19.7122,1.1445,1.2564,1.2341,1.9629,1.5589,1319765.582,975198.382,362847.9822,3470983.4807,2564771.7447
601868.SH,20251014,2.5,1.6568,4.429,1.16,12.4137,12.3843,0.9563,0.2387,0.2293,1.04,1.548,4169116.3636,3242872.7636,1213109.5764,10422790.909,8107181.909
601869.SH,20251014,85.18,2.7382,10.44,0.89,95.5177,108.7073,5.6114,5.2928,4.8783,0.6034,0.3146,75790.5108,40633.8314,10657.351,6455835.7099,3461189.7587
601872.SH,20251014,9.06,1.3139,4.175,0.85,14.3233,15.4496,1.808,2.8356,2.9088,3.7627,2.8351,807453.8502,807453.8502,254110.8705,7315531.8828,7315531.8828
601877.SH,20251014,29.94,1.5139,3.2227,0.82,16.6069,14.2768,1.5002,0.9972,0.9876,1.837,1.9994,214896.8976,214896.8976,100947.8178,6434013.1141,6434013.1141
601878.SH,20251014,11.57,1.1224,2.0962,0.83,27.3924,23.0433,1.4722,3.3459,3.8009,1.0168,1.2855,457379.6639,457379.6639,244897.148,5291882.7113,5291882.7113
601880.SH,20251014,1.79,1.0986,3.8546,1.5,36.8833,25.6296,1.068,3.8127,3.7059,1.0911,1.3352,2357176.7213,1841305.1214,524790.3859,4219346.3311,3295936.1673
601881.SH,20251014,17.8,0.8195,2.85,0.79,19.4034,16.0444,1.7027,5.4871,6.0573,1.7079,1.573,1093440.2256,724341.7623,208280.6759,19463236.0157,12893283.3689
601882.SH,20251014,20.31,0.8761,3.7588,1.07,20.2714,22.7296,3.8495,3.163,3.1777,1.3294,1.7725,52200.0,52200.0,12166.4977,1060182.0,1060182.0
601886.SH,20251014,7.65,1.1252,3.4278,1.34,13.5918,13.4764,1.2285,0.3868,0.3971,4.5752,7.1895,113300.206,113300.206,37191.1394,866746.5759,866746.5759
601888.SH,20251014,68.46,1.0527,2.254,0.75,33.192,39.5188,2.5659,2.508,2.6543,2.4102,1.5337,206885.9044,195247.5544,91183.2854,14163409.0152,13366647.5742
601890.SH,20251014,9.86,2.6524,4.1251,0.89,33.5529,36.7008,2.6232,4.7568,4.6287,1.0649,1.4199,95940.0,95940.0,61688.9232,945968.4,945968.4
601898.SH,20251014,12.25,0.5612,3.3377,1.67,8.4055,9.4211,1.0431,0.8575,0.9506,6.3347,3.9102,1325866.34,915200.04,153879.5192,16241862.665,11211200.49
601899.SH,20251014,29.5,2.6192,3.7177,1.24,24.4625,19.4754,5.824,2.5821,2.443,1.017,1.6919,2657757.394,2058793.834,1450442.0636,78403843.123,60734418.103
601900.SH,20251014,12.91,0.7595,2.0286,0.73,14.0605,11.841,1.4686,1.2414,1.2486,4.1828,4.2603,88197.0094,88197.0094,33018.8402,1138623.3914,1138623.3914
601901.SH,20251014,8.07,1.7699,3.7256,0.95,30.0957,20.5039,1.3307,8.6071,6.8777,0.8798,0.7348,823210.1395,823210.1395,391087.2474,6643305.8258,6643305.8258
601908.SH,20251014,4.41,10.729,19.8575,3.19,,,1.208,2.3195,3.3019,0.2948,,241460.2861,241460.2861,130460.4193,1064839.8617,1064839.8617
601916.SH,20251014,3.08,1.2843,1.9319,1.6,5.5703,5.6948,0.4827,1.2504,1.2891,5.3247,5.0649,2746463.5963,2154443.5963,1432205.3865,8459107.8766,6635686.2766
601918.SH,20251014,6.66,4.5995,8.5048,2.2,7.21,8.0714,1.0774,1.3556,1.3744,2.2523,2.4024,259054.18,259054.18,140100.1027,1725300.8388,1725300.8388
601919.SH,20251014,14.87,1.1387,2.7743,1.73,4.691,4.6283,0.9925,0.9849,0.9527,5.1041,6.9267,1548975.4739,1260993.5239,517561.5342,23033265.2969,18750973.7004
601921.SH,20251014,8.08,0.572,3.0105,0.95,16.5853,14.3383,1.3318,1.6042,1.6244,4.8267,4.9505,222222.2223,222222.2223,42222.1962,1795555.5562,1795555.5562
601928.SH,20251014,10.7,0.7588,2.7903,1.7,17.0456,13.8975,1.3631,2.0014,2.0196,4.6729,4.6729,254490.0,254490.0,69211.9742,2723043.0,2723043.0
601929.SH,20251014,3.67,9.9988,14.5749,0.9,,,2.5019,6.4627,5.8836,0.0,,348978.8168,348978.8168,239409.0804,1280752.2577,1280752.2577
601933.SH,20251014,4.84,2.2967,4.9799,1.24,,,10.5332,0.65,0.7352,0.0,,907503.6993,907503.6993,418548.3507,4392317.9046,4392317.9046
601939.SH,20251014,8.89,1.9915,2.8772,1.63,6.9302,6.977,0.6915,3.1002,3.0663,4.4994,2.3172,26160038.1459,959365.7606,664036.519,232562739.1171,8528761.6117
601949.SH,20251014,6.69,0.4007,1.7477,0.86,19.7797,20.5204,1.3353,2.0816,2.215,2.287,1.5247,190396.8054,190396.8054,43654.2902,1273754.6281,1273754.6281
601952.SH,20251014,9.57,0.8347,2.5958,1.28,18.0637,20.3412,1.9427,1.2079,1.2621,3.7618,2.8213,137800.0,137800.0,44310.3574,1318746.0,1318746.0
601956.SH,20251014,7.55,4.6639,8.8274,0.93,36.9029,49.0609,1.8675,0.7518,0.7372,2.6497,1.3249,62161.659,62161.659,32842.6548,469320.5255,469320.5255
601958.SH,20251014,15.02,1.8476,6.6836,1.2,16.2489,16.9575,2.824,3.5712,3.4775,2.6631,2.6631,322660.44,322660.44,89194.8133,4846359.8088,4846359.8088
601963.SH,20251014,9.9,2.5875,7.082,3.43,6.722,6.5142,0.6295,2.5146,2.4257,4.1212,4.1818,347458.5802,187940.1827,68665.858,3439839.944,1860607.8087
601965.SH,20251014,17.32,0.9067,2.4415,1.2,19.1379,18.9833,2.4013,3.6991,3.7711,1.9058,1.9632,100305.4887,99399.6567,36916.4099,1737291.0643,1721602.054
601966.SH,20251014,15.29,1.2051,2.645,1.06,12.7697,13.3082,0.9783,1.0145,0.9526,4.1792,1.6089,146350.2683,146350.2683,66676.6861,2237695.6023,2237695.6023
601968.SH,20251014,5.46,5.4946,13.7324,1.96,40.4082,38.3698,1.5423,0.8374,0.8107,2.2626,0.5795,127577.946,127577.946,51046.3911,696575.5852,696575.5852
601969.SH,20251014,8.67,1.4757,6.7733,0.88,24.5222,29.6556,2.4698,4.2614,4.0344,1.3761,1.4911,199824.8251,197809.6038,43098.0852,1732481.2336,1715009.2649
601975.SH,20251014,3.18,2.9112,4.1582,0.9,7.9486,12.0147,1.3405,2.3582,2.6699,0.0,,480185.6148,480185.6148,336183.8465,1526990.2551,1526990.2551
601985.SH,20251014,9.19,1.5005,3.6922,1.7,21.535,22.0771,1.6688,2.4462,2.3392,2.1479,1.9402,2056800.2074,1888328.4867,767402.1658,18901993.906,17353738.7928
601988.SH,20251014,5.28,0.1832,3.159,1.49,7.153,7.1835,0.645,2.7001,2.6499,3.9551,4.0555,32221241.1814,21076551.4846,1222241.8928,170128153.4378,111284191.8387
601990.SH,20251014,8.49,0.7054,1.2752,0.77,31.2458,29.0812,1.7284,9.9436,10.2699,1.5077,2.0966,368636.1034,365978.8847,202460.3071,3129720.5179,3107160.7311
601991.SH,20251014,3.6,1.1943,4.4082,1.13,14.7851,11.1463,1.999,0.5396,0.5445,0.2083,1.725,1850671.0504,1239608.9106,335854.3159,6662415.7814,4462592.0782
601992.SH,20251014,1.82,2.4186,6.7283,1.34,,,0.4767,0.1755,0.1755,1.3736,2.7473,1067777.1134,833415.8264,299587.3926,1943354.3464,1516816.804
601995.SH,20251014,37.7,0.9757,2.8888,0.87,31.9594,23.3421,1.898,8.5306,7.2072,0.7162,0.4775,482725.6868,292354.244,98738.676,18198758.3924,11021754.9988
601996.SH,20251014,2.34,3.7677,6.3798,1.4,,,1.0236,1.2984,1.4282,5.1282,,112091.4416,112091.4416,66196.8416,262293.9733,262293.9733
601997.SH,20251014,5.96,1.5783,2.1058,1.88,4.2201,4.383,0.3496,1.4595,1.5536,4.8658,4.8658,365619.8076,365619.8076,274020.5751,2179094.0533,2179094.0533
601998.SH,20251014,7.51,0.2929,3.0658,1.81,6.0939,6.0073,0.5972,1.956,1.9863,6.4364,4.6203,5564516.2264,4076299.9287,389482.0717,41789516.8603,30613012.4645
601999.SH,20251014,6.86,1.0377,3.1952,0.89,36.9878,28.615,1.4447,1.5577,1.5935,0.9038,0.8746,55091.47,55091.47,17891.47,377927.4842,377927.4842
603000.SH,20251014,19.37,0.6989,1.6224,0.94,102.3621,113.8405,5.9019,10.2583,10.4039,0.8725,0.6815,110569.1056,110569.1056,47633.3171,2141723.5755,2141723.5755
603001.SH,20251014,8.29,1.2336,2.7377,0.72,,,1.3317,1.3094,1.481,1.4475,1.8094,40098.0,40098.0,18068.2283,332412.42,332412.42
603002.SH,20251014,7.11,3.1163,6.6475,1.26,159.3337,192.8521,2.3465,3.7602,3.3563,0.7032,0.2813,113407.8509,113407.8509,53164.5774,806329.8199,806329.8199
603004.SH,20251014,23.48,4.6737,4.6737,0.81,33.8369,31.0494,2.7188,7.8979,7.5628,0.9455,0.8944,23552.0,5888.0,5888.0,553000.96,138250.24
603005.SH,20251014,30.08,10.3789,12.3222,1.28,77.613,63.7853,4.4523,17.3611,15.5442,0.153,0.2789,65217.1706,65217.1706,54932.194,1961732.4916,1961732.4916
603006.SH,20251014,13.7,1.1693,4.1471,0.72,55.2658,57.9956,2.7201,4.4493,4.4157,2.0438,5.5474,25425.425,25425.425,7168.5498,348328.3225,348328.3225
603007.SH,20251014,6.08,3.8802,4.4119,0.82,,,11.1234,58.1785,71.5905,0.0,,87689.6101,49983.0778,43960.0801,533152.8294,303897.113
603008.SH,20251014,17.36,2.5908,4.0513,1.65,20.0031,18.155,1.7091,0.7387,0.7334,2.9387,2.9954,37144.148,37144.148,23753.1246,644822.4093,644822.4093
603009.SH,20251014,46.98,3.3195,5.5127,1.09,222.6329,179.6238,9.4701,7.8596,7.3416,0.1308,0.1809,33852.6168,33840.897,20377.6115,1590395.9373,1589845.3411
603010.SH,20251014,10.67,1.9327,3.7421,1.04,60.8251,115.4502,1.7449,2.1229,1.9659,1.7038,0.7283,58957.8593,58957.8593,30450.0454,629080.3587,629080.3587
603011.SH,20251014,27.68,43.3609,66.7328,4.6,,,6.3413,6.5977,6.3683,0.0,,49441.4437,49441.4437,32125.5293,1368539.1616,1368539.1616
603012.SH,20251014,6.29,3.4561,4.4449,1.47,18.9919,20.6111,1.0771,1.3022,1.298,2.4005,1.5996,64650.0,64650.0,50268.1078,406648.5,406648.5
603013.SH,20251014,23.1,0.8438,4.0354,0.83,23.6775,22.3229,2.6897,1.4662,1.3819,1.9481,1.7311,51259.9264,51259.9264,10717.9264,1184104.2998,1184104.2998
603014.SH,20251014,38.96,7.3107,7.3107,1.89,36.219,34.6592,2.3509,4.516,4.3487,,,41775.4066,3811.2587,3811.2587,1627569.8411,148486.639
603015.SH,20251014,12.63,6.3107,13.3436,2.11,79.9999,91.0108,3.6145,6.0548,6.0229,1.1876,0.3959,40421.9,40421.9,19117.18,510528.597,510528.597
603016.SH,20251014,25.88,3.2327,7.1576,1.16,54.2884,57.0035,4.7272,6.0597,6.1346,1.4374,1.8277,14816.0,14816.0,6691.48,383438.08,383438.08
603017.SH,20251014,10.57,7.4281,13.2373,1.29,56.8878,77.7036,1.9791,2.1875,2.4567,0.9331,2.8013,27619.0293,27619.0293,15498.4571,291933.1397,291933.1397
603018.SH,20251014,7.66,0.9933,0.9933,0.92,13.6892,15.8842,1.0109,1.1829,1.2288,4.0149,1.292,68379.6403,68379.6403,68379.6403,523788.0447,523788.0447
603019.SH,20251014,105.5,5.5704,6.6699,1.16,80.7674,74.3305,7.4161,11.7404,11.6185,0.1611,0.2558,146311.5784,146270.6864,122158.6316,15435871.5212,15431557.4152
603020.SH,20251014,10.38,2.5273,3.8298,0.96,25.0069,22.0884,1.2135,1.4823,1.612,0.9443,1.6997,38323.7774,38323.7774,25290.3508,397800.8094,397800.8094
603021.SH,20251014,4.43,1.4887,2.5152,1.01,,,,3.4415,3.6294,0.0,,31994.807,31994.807,18936.7934,141736.995,141736.995
603022.SH,20251014,10.0,1.8353,3.5105,0.91,40.1247,39.4658,2.4838,2.283,2.2136,0.78,0.78,20000.0,20000.0,10455.63,200000.0,200000.0
603023.SH,20251014,4.13,1.8287,3.572,1.0,455.9455,3631.8527,2.9946,35.3338,22.2208,0.0,,55811.7407,55811.7407,28573.1327,230502.4891,230502.4891
603025.SH,20251014,15.9,0.926,5.162,1.18,30.3889,26.8376,7.3967,7.0208,6.5683,1.8742,2.1865,111665.4773,110917.4773,19896.2169,1775481.0891,1763587.8891
603026.SH,20251014,57.55,14.0904,22.2723,1.78,815.6094,,2.7691,2.4144,2.2558,0.0605,,23270.1014,20268.0,12822.4285,1339194.3356,1166423.4
603027.SH,20251014,11.52,0.8091,1.5449,0.86,22.9768,27.0345,3.5847,3.8438,4.2159,4.3498,4.3403,102548.1086,96124.259,50340.1869,1181354.2111,1107351.4637
603028.SH,20251014,7.99,2.7989,3.9371,0.99,,,4.4644,1.8395,1.3863,0.4255,,28704.0,28704.0,20405.9262,229344.96,229344.96
603029.SH,20251014,18.35,2.0252,4.8675,1.32,32.1193,30.7582,2.4892,2.8859,2.6744,0.9264,0.9373,12134.2,12134.2,5048.5248,222662.57,222662.57
603030.SH,20251014,3.57,16.0533,22.6308,1.97,,,5.301,6.0126,5.9011,0.0,,131693.352,131693.352,93417.4659,470145.2666,470145.2666
603031.SH,20251014,38.7,4.1446,5.7935,1.16,59.3275,54.9497,3.281,2.1512,2.0991,0.6567,0.5078,25782.4793,21112.0,15103.3272,997781.9489,817034.4
603032.SH,20251014,20.95,3.6119,7.9622,0.8,,,4.3667,13.4331,10.1153,0.0,0.2673,23351.468,23166.304,10508.9744,489213.2546,485334.0688
603033.SH,20251014,11.6,0.6578,1.7338,1.29,,,3.9811,2.3211,2.4512,0.4303,,103116.3554,101253.1018,38417.3613,1196149.7226,1174535.9809
603035.SH,20251014,17.21,5.4281,8.0103,0.92,14.8187,16.3595,1.2576,1.1125,1.0379,2.5991,2.025,36634.708,36634.708,24825.0198,630483.3247,630483.3247
603036.SH,20251014,22.17,6.2067,8.0052,0.98,47.5835,41.8347,3.4089,11.1848,10.5991,0.9021,0.9021,20600.6025,20600.6025,15972.2373,456715.3574,456715.3574
603037.SH,20251014,13.35,3.2866,5.1655,0.62,39.5915,42.7987,3.7828,4.7814,4.7619,1.9035,1.8727,26807.4568,26661.4368,16963.8355,357879.5483,355930.1813
603038.SH,20251014,19.94,12.7353,22.6753,2.22,231.9102,234.691,3.9272,5.0808,4.4389,0.1929,0.2508,26867.7106,26867.7106,15089.9344,535742.1494,535742.1494
603039.SH,20251014,58.4,2.2398,4.6439,1.48,74.9919,68.8056,6.8746,6.4439,6.6634,0.3815,0.2543,26060.3073,26060.3073,12569.0389,1521921.9463,1521921.9463
603040.SH,20251014,70.8,2.7602,5.8793,0.98,45.6665,39.9098,7.0552,14.2048,13.0209,0.8359,1.4052,13648.6896,13577.5146,6374.4646,966327.2237,961288.0337
603041.SH,20251014,12.42,1.2429,2.1023,1.0,35.4633,56.9724,1.5253,3.7838,3.6806,1.5927,0.9556,18314.7692,18314.7692,10828.2692,227469.4335,227469.4335
603042.SH,20251014,14.69,3.3841,4.3938,0.74,161.918,,2.6888,2.605,2.7204,0.0,,16058.984,16058.984,12368.4819,235906.475,235906.475
603043.SH,20251014,15.79,0.7745,2.3698,1.22,18.1852,18.9269,2.4951,1.7528,1.726,3.0399,3.0399,56877.0805,56877.0805,18588.6261,898089.1011,898089.1011
603045.SH,20251014,19.66,4.245,5.9175,0.7,58.354,78.4011,2.6976,0.6915,0.6035,0.3103,0.3103,13544.5155,13544.5155,9716.3649,266285.1747,266285.1747
603048.SH,20251014,19.28,1.6697,5.9166,0.66,53.0677,49.5479,2.2269,4.3923,4.1817,2.1694,1.8053,14688.0,14688.0,4145.13,283184.64,283184.64
603049.SH,20251014,49.11,4.3689,4.3689,0.83,11.3399,12.0307,1.8732,1.094,1.0083,,2.6471,87448.5598,8482.3411,8482.3411,4294598.7718,416567.7714
603050.SH,20251014,18.44,2.3791,6.5424,0.48,41.8196,37.8088,4.1943,1.8145,1.6587,1.2214,0.7328,40331.9193,40331.9193,14666.4282,743720.5919,743720.5919
603051.SH,20251014,21.73,6.798,10.9468,1.41,199.7803,1702.796,2.0489,1.6372,1.9936,0.0,1.2326,15570.2092,15570.2092,9669.1979,338340.6459,338340.6459
603052.SH,20251014,29.03,1.521,5.0618,0.62,82.1369,97.9576,5.0119,6.9695,6.3042,0.8829,0.6078,18789.7282,18789.7282,5645.9682,545465.8096,545465.8096
603053.SH,20251014,11.1,1.815,9.5526,2.14,20.1875,20.0849,2.106,1.8709,1.836,2.7027,2.7027,88889.0,88889.0,16889.0,986667.9,986667.9
603055.SH,20251014,8.88,0.6884,2.3198,1.07,10.8937,12.6111,1.5652,1.1104,1.1581,1.7919,2.8146,89029.2694,88688.1594,26319.8292,790579.9123,787550.8555
603056.SH,20251014,15.25,0.7582,3.7158,0.97,18.0713,26.8216,1.8594,0.3853,0.3662,0.518,0.9443,101981.5388,101981.5388,20810.216,1555218.4667,1555218.4667
603057.SH,20251014,19.04,0.6709,3.8027,1.27,22.7237,31.1225,4.1267,2.3413,2.482,5.7648,2.736,41351.375,41200.0,7269.0631,787330.18,784448.0
603058.SH,20251014,9.16,2.1026,3.8774,0.61,24.0366,27.7976,3.1843,4.2494,4.0459,0.8732,1.2555,41989.4901,41884.4261,22712.5261,384623.7293,383661.3431
603059.SH,20251014,35.46,2.7108,8.5666,0.97,,,3.4543,2.7424,2.5518,0.564,0.2256,10044.87,10044.87,3178.62,356191.0902,356191.0902
603060.SH,20251014,6.47,0.6306,1.9964,1.29,25.5429,28.407,2.6979,1.9877,1.9773,1.731,1.7619,80396.0224,80396.0224,25394.7665,520162.2649,520162.2649
603061.SH,20251014,127.44,8.3768,11.4728,0.96,97.4293,66.6003,5.3906,18.8026,14.4015,0.1333,0.1295,6000.0,4182.6334,3053.9325,764640.0,533034.8005
603062.SH,20251014,53.25,3.4047,3.8887,0.75,27.2741,23.2854,2.8961,2.6881,2.5346,3.4746,3.2413,10800.0,3788.64,3317.08,575100.0,201745.08
603063.SH,20251014,34.49,8.8366,10.9108,1.07,35.8328,29.8726,3.2542,4.2288,3.7269,0.5605,0.3437,45773.222,45773.222,37071.282,1578718.4268,1578718.4268
603065.SH,20251014,8.36,1.5428,1.964,0.92,88.9905,126.0953,1.7269,2.3288,2.494,1.555,1.545,41896.7572,19667.3455,15449.3455,350256.8902,164419.0084
603066.SH,20251014,10.98,1.0703,2.256,0.74,64.2457,93.2349,2.2484,2.2377,2.4537,1.3206,0.4736,29418.0074,29418.0074,13956.7004,323009.7213,323009.7213
603067.SH,20251014,17.87,5.7255,9.1255,1.86,26.8596,23.9735,3.7792,3.1232,2.9754,0.7308,0.7544,71076.0277,71076.0277,44594.521,1270128.615,1270128.615
603068.SH,20251014,40.57,5.1237,8.4454,1.1,,182.2172,3.6043,7.3719,7.0599,0.1232,,15042.4966,15042.4966,9126.0053,610274.0871,610274.0871
603069.SH,20251014,22.26,4.8648,11.3437,1.48,,,8.4741,8.4004,9.4518,0.0,,31600.0,31600.0,13551.93,703416.0,703416.0
603070.SH,20251014,13.47,0.7283,2.9197,1.06,56.2427,51.0957,2.5264,2.6642,2.7127,1.1136,0.5939,40100.0,39541.6908,9863.2402,540147.0,532626.5751
603071.SH,20251014,14.58,0.9386,3.2427,1.61,11.0138,11.9418,1.4825,0.182,0.1883,4.8011,4.1152,55795.4442,55795.4442,16150.0481,813497.5764,813497.5764
603072.SH,20251014,51.06,14.2066,14.2066,1.31,99.1593,108.8529,6.5069,5.2107,5.9636,,0.2938,26428.0,6607.0,6607.0,1349413.68,337353.42
603073.SH,20251014,17.46,2.8221,3.0432,0.93,20.2324,23.7352,1.4844,2.6274,2.5933,1.7182,1.7182,11600.0,5089.2848,4719.4226,202536.0,88858.9126
603075.SH,20251014,22.03,3.702,3.702,0.81,29.5816,27.7266,4.4463,4.6082,4.423,2.2557,3.178,40248.3111,4124.5066,4124.5066,886670.2935,90862.8804
603076.SH,20251014,24.8,1.4601,2.908,1.02,141.8669,122.0929,2.324,2.0085,2.0856,0.6048,1.6129,12070.1344,12070.1344,6060.3001,299339.3331,299339.3331
603077.SH,20251014,2.25,5.9817,8.9074,1.13,631.5217,,1.0962,2.3247,2.6077,0.8078,0.8078,883139.1228,883139.1228,593062.0879,1987063.0263,1987063.0263
603078.SH,20251014,20.55,7.1075,12.8721,1.1,80.3469,88.2411,4.1559,7.2094,6.8427,0.5596,0.438,38563.7248,38563.7248,21293.3675,792484.5446,792484.5446
603079.SH,20251014,17.02,2.8994,6.1305,2.34,109.3404,63.4135,2.0623,3.8884,3.8135,0.3158,,18902.9624,17118.8958,8096.3413,321728.42,291363.6065
603080.SH,20251014,26.86,11.5524,21.7726,1.28,24.232,21.3891,2.5988,2.5718,2.4543,1.7498,2.0849,14150.0,14150.0,7507.88,380069.0,380069.0
603081.SH,20251014,13.47,3.7656,8.0703,1.28,88.0859,61.961,1.858,3.0878,2.602,0.3544,0.9651,42249.9149,42249.9149,19713.9799,569106.3537,569106.3537
603082.SH,20251014,37.82,4.1137,4.1137,1.06,36.067,35.0646,3.955,2.9758,2.957,1.5336,1.5336,16222.7543,4055.69,4055.69,613544.5676,153386.1958
603083.SH,20251014,101.76,11.648,13.2287,0.81,163.6279,131.3878,11.4403,7.4681,6.9491,0.1602,0.2606,26801.9841,26801.9841,23599.4106,2727369.902,2727369.902
603085.SH,20251014,10.02,1.9963,3.5503,0.99,,,4.6708,1.7845,1.5879,0.0,,39710.0,39710.0,22328.1121,397894.2,397894.2
603086.SH,20251014,9.79,5.5077,8.3879,1.48,,40.5207,2.0215,1.7597,1.6567,0.0,,43481.3143,43481.3143,28551.046,425682.067,425682.067
603087.SH,20251014,69.2,2.6377,4.2946,0.97,67.2457,44.9551,3.8231,13.5727,10.8851,1.0175,2.1722,59730.4969,55785.858,34262.9563,4133350.3855,3860381.3736
603088.SH,20251014,10.94,3.1581,6.1969,0.82,33.3904,38.7005,5.1086,6.7228,6.6872,2.3105,2.3104,50238.7966,43787.184,22315.0696,549612.4348,479031.793
603089.SH,20251014,15.13,2.6498,6.747,0.87,50.8192,21.7198,2.4501,1.577,1.3512,0.0,0.6246,24003.3268,24003.3268,9426.8471,363170.3345,363170.3345
603090.SH,20251014,49.11,4.6624,9.3846,0.41,99.4947,76.244,8.257,6.8875,6.5341,0.6109,0.6109,10000.0,10000.0,4968.13,491100.0,491100.0
603091.SH,20251014,70.4,3.1421,3.1421,0.97,22.2246,23.701,3.5443,4.655,4.7546,,1.3636,10223.8793,3081.6753,3081.6753,719761.1027,216949.9411
603093.SH,20251014,20.58,1.0077,4.3765,0.7,27.4147,27.3508,2.932,2.1982,3.0074,0.3207,0.3659,61006.5893,61006.5893,14046.4993,1255515.6078,1255515.6078
603095.SH,20251014,15.87,2.5944,8.4627,1.04,41.5905,34.5678,1.7817,3.1645,2.989,2.4715,5.4671,25826.92,25826.92,7917.7144,409873.2204,409873.2204
603096.SH,20251014,17.79,0.7694,1.9528,0.92,21.6714,33.2753,1.4921,3.344,4.0227,5.059,4.4969,15423.4624,15423.4624,6076.8624,274383.3961,274383.3961
603097.SH,20251014,23.59,3.6333,12.1109,1.34,42.3434,39.2038,3.7076,2.4536,2.0954,0.0,0.8478,16443.5,16000.0,4800.0,387902.165,377440.0
603098.SH,20251014,14.15,2.5169,7.2423,1.71,103.8191,86.582,2.7241,2.601,2.3114,0.3534,0.3534,53969.9978,53879.9978,18724.5546,763675.4689,762401.9689
603099.SH,20251014,46.8,4.7816,11.7917,1.53,86.5158,102.9982,10.9595,16.7896,17.2285,0.1667,0.1741,26667.0,26667.0,10813.694,1248015.6,1248015.6
603100.SH,20251014,23.31,1.781,3.896,1.17,15.3744,16.1618,2.6492,1.5757,1.6781,2.4759,2.4673,51317.3176,51000.0559,23313.3716,1196206.6733,1188811.303
603101.SH,20251014,10.9,5.1685,13.0712,1.23,87.8541,60.9055,3.6483,2.1281,2.1033,2.3487,0.4538,47040.0,47040.0,18600.02,512736.0,512736.0
603102.SH,20251014,42.55,1.2288,2.1927,0.89,19.5479,21.2387,1.6728,3.3981,3.3625,1.7345,1.7151,6400.0,6400.0,3586.4455,272320.0,272320.0
603103.SH,20251014,14.95,1.1424,9.7643,0.51,,546.3032,6.9214,4.8092,4.3512,0.8027,0.8027,63420.0,63420.0,7420.0,948129.0,948129.0
603105.SH,20251014,9.39,2.6768,4.4697,0.78,24.2529,24.1048,2.2888,6.8157,6.5823,1.5974,2.1299,50000.7221,50000.7221,29944.7221,469506.7805,469506.7805
603106.SH,20251014,10.01,1.9663,4.6799,1.14,129.8589,57.1991,3.9942,11.9105,11.6111,0.0,0.2997,52052.0,52052.0,21870.4721,521040.52,521040.52
603107.SH,20251014,15.52,1.3804,2.1482,0.81,27.6349,30.6982,2.5367,2.4348,2.3943,1.933,1.933,33733.5,21817.3998,14019.929,523543.92,338606.0449
603108.SH,20251014,14.95,1.9381,2.7554,1.06,163.2571,,2.1646,1.0858,1.1802,0.6636,0.2007,60367.5824,60367.5824,42462.8645,902495.3569,902495.3569
603109.SH,20251014,28.7,2.567,6.4185,1.01,30.9447,23.7333,3.1028,2.1877,1.9166,1.2197,1.0297,20884.836,20884.836,8352.636,599394.7932,599394.7932
603110.SH,20251014,19.1,9.6448,11.9004,0.98,275.3693,430.3798,5.5423,8.8122,9.0042,0.0,0.2618,20122.6732,20122.6732,16308.7289,384343.0581,384343.0581
603111.SH,20251014,8.11,1.9415,2.6147,1.05,19.9273,17.6351,1.8085,1.762,1.5981,2.5644,3.0376,86203.0672,84570.4717,62796.4686,699106.875,685866.5255
603112.SH,20251014,16.48,1.8444,4.9383,0.76,18.883,16.7697,2.108,2.3215,2.294,3.1969,2.357,53917.0563,50519.8717,18868.8643,888553.0878,832567.4856
603113.SH,20251014,6.75,1.1944,2.3715,1.16,,493.7029,0.7047,0.352,0.3193,1.3923,5.2583,84810.6624,84810.6624,42715.188,572471.9712,572471.9712
603115.SH,20251014,18.11,1.7022,4.8634,0.85,27.225,24.833,2.2099,2.2722,2.0652,2.7302,3.2762,24189.04,24189.04,8466.16,438063.5144,438063.5144
603116.SH,20251014,5.75,0.7219,1.7327,0.93,,,1.2549,1.5471,1.6524,3.4269,4.2695,57620.08,57620.08,24006.6792,331315.46,331315.46
603117.SH,20251014,5.2,1.3275,1.9407,1.13,228.2229,425.3702,3.0381,10.5789,11.49,0.0,,59919.7742,59919.7742,40986.75,311582.8258,311582.8258
603118.SH,20251014,12.0,7.4435,12.7742,0.7,,,1.8839,1.1279,1.1066,1.064,,78727.6406,78727.6406,45874.6875,944731.6872,944731.6872
603119.SH,20251014,88.09,11.2136,11.2136,1.38,139.1623,126.8013,17.0308,28.2368,26.4976,0.122,0.2207,36374.215,20387.9483,20387.9483,3204204.5994,1795974.3657
603120.SH,20251014,40.58,3.8895,3.8895,0.8,39.235,39.5276,3.1462,5.9478,5.9681,,,9040.0,2214.3822,2214.3822,366843.2,89859.6297
603121.SH,20251014,16.19,2.6264,5.4555,1.0,83.5319,223.7164,4.6288,4.4189,4.6694,1.1118,2.3471,33853.3715,33853.3715,16297.6971,548086.0846,548086.0846
603122.SH,20251014,6.36,1.1836,2.6304,0.88,91.8373,,2.2771,2.6957,3.2581,0.9434,2.044,39805.2633,39805.2633,17911.4748,253161.4746,253161.4746
603123.SH,20251014,12.28,2.9436,5.918,1.24,,,5.0659,4.4005,4.4976,0.0,,79873.6665,65227.5949,32443.4516,980848.6246,800994.8654
603124.SH,20251014,79.71,11.4103,11.4103,1.12,65.8922,63.2858,6.6868,1.3355,1.2341,,0.4642,14574.5199,2922.5675,2922.5675,1161734.9812,232957.8554
603125.SH,20251014,17.23,4.4145,4.4145,0.84,34.1528,40.7102,2.9594,6.4591,6.8248,0.6349,0.6004,40483.6375,10121.435,10121.435,697533.0741,174392.3251
603126.SH,20251014,6.84,1.4468,2.949,0.88,549.2777,,2.0677,1.7966,1.7007,1.2135,0.0731,61050.0,61050.0,29951.4214,417582.0,417582.0
603127.SH,20251014,31.98,2.7423,4.4493,0.71,323.5661,78.6489,2.9573,11.8753,13.0436,0.4989,0.0933,74947.7334,63048.2128,38859.5514,2396828.5141,2016281.8453
603128.SH,20251014,6.11,1.629,3.0059,1.31,14.8438,17.2571,1.3408,0.4564,0.452,7.2995,4.7463,130904.6494,130904.6494,70940.1667,799827.4078,799827.4078
603129.SH,20251014,248.5,1.8173,3.0223,1.43,25.762,21.4836,5.5986,2.5213,2.1835,0.8307,1.5493,15257.7663,15257.7663,9174.6295,3791554.9256,3791554.9256
603130.SH,20251014,48.4,22.2891,31.6734,1.82,66.32,78.589,4.9243,2.5422,2.5169,0.8264,0.2066,13751.42,5106.345,3593.4246,665568.728,247147.098
603131.SH,20251014,21.68,4.5662,9.6375,1.33,549.0678,,5.7123,6.3883,6.7309,0.0,0.0554,31799.2334,31799.2334,15066.2735,689407.3801,689407.3801
603132.SH,20251014,14.15,0.782,7.1415,0.9,29.0141,26.8402,4.5213,8.9917,8.5728,2.8975,2.9682,97800.0,97800.0,10708.75,1383870.0,1383870.0
603135.SH,20251014,11.12,3.8585,6.0834,1.0,124.2192,165.765,2.3567,7.3207,7.8385,1.2823,0.5888,62953.808,25265.7156,16025.3039,700046.345,280954.7575
603136.SH,20251014,11.39,1.5865,2.9628,0.73,29.3969,28.8012,2.3116,5.738,5.927,3.2454,2.0632,27012.671,27012.671,14464.5305,307674.3227,307674.3227
603137.SH,20251014,14.1,2.2171,2.2171,1.08,27.6301,35.8256,2.0783,1.1945,1.2318,1.0132,0.5674,18293.3334,7373.3334,7373.3334,257936.0009,103964.0009
603138.SH,20251014,16.5,3.0245,5.5248,1.06,,,6.168,13.0181,12.0926,0.0,,29387.271,28311.699,15499.0937,484889.9715,467143.0335
603139.SH,20251014,21.51,1.2489,2.4686,0.96,,,2.6291,3.8253,3.9529,0.0,,9988.0,9988.0,5053.0963,214841.88,214841.88
603150.SH,20251014,38.55,3.6053,6.8535,0.81,23.7023,25.2091,1.9896,0.974,0.9012,0.0,0.441,8548.3,8548.3,4496.799,329536.965,329536.965
603151.SH,20251014,25.94,4.75,5.1027,1.3,88.3823,48.6085,3.3511,1.7432,1.0969,0.7584,0.5741,17080.1417,8363.3417,7785.2217,443058.8757,216945.0837
603153.SH,20251014,18.18,2.2166,3.9898,0.65,21.7507,25.7599,2.1094,1.7948,1.6794,1.3201,1.3817,40986.1106,13500.0,7499.9902,745127.4907,245430.0
603155.SH,20251014,15.72,0.8301,3.2784,0.75,43.408,54.1348,2.3082,6.8895,7.67,1.9084,3.4987,31578.68,31578.68,7996.1699,496416.8496,496416.8496
603156.SH,20251014,30.61,2.1524,5.3198,0.76,22.4027,26.8609,4.5799,6.3684,6.9117,5.2436,6.0764,126027.7566,126027.7566,50991.2472,3857709.6295,3857709.6295
603158.SH,20251014,10.27,3.9615,6.4802,0.74,20.176,22.3322,2.2143,1.3219,1.2696,1.5411,1.5411,49079.9306,49079.9306,30003.6859,504050.8873,504050.8873
603159.SH,20251014,23.45,2.4205,5.4744,1.08,112.6748,186.0812,6.5168,6.6897,7.1315,0.4691,0.2772,14000.0,14000.0,6190.1,328300.0,328300.0
603160.SH,20251014,81.27,3.0221,5.4401,1.38,62.542,52.653,4.1229,8.6302,8.6393,0.2177,0.4808,46458.1189,46458.1189,25808.7213,3775651.323,3775651.323
603161.SH,20251014,12.95,1.7366,3.2558,0.79,23.9595,27.8787,1.7199,1.0613,1.1217,1.5325,1.264,19440.7705,19074.875,10174.392,251757.978,247019.6313
603162.SH,20251014,9.67,11.558,11.558,2.07,16.3104,22.7489,2.1473,2.4475,2.3738,1.0288,1.0236,92604.0628,27769.2436,27769.2436,895481.2873,268528.5856
603163.SH,20251014,41.4,2.3891,8.8879,0.68,36.1881,34.5322,3.8368,2.0621,1.7458,1.9324,2.1739,10000.0,10000.0,2688.025,414000.0,414000.0
603165.SH,20251014,13.57,1.8409,3.8115,0.79,12.9197,16.4009,1.7314,1.6551,1.7025,3.5856,3.5452,27262.4718,27262.4718,13167.1831,369951.7423,369951.7423
603166.SH,20251014,17.14,4.8949,11.7244,1.13,59.7796,42.9428,4.4659,6.7226,5.9382,1.0293,0.5748,64620.8651,64071.5651,26749.7611,1107601.6278,1098186.6258
603167.SH,20251014,9.51,1.6559,2.768,1.2,16.2665,16.452,1.4165,2.4523,2.5053,8.4122,10.7256,46914.4503,46914.4503,28065.9398,446156.4224,446156.4224
603168.SH,20251014,7.59,2.1337,3.3303,0.83,,,1.7689,5.8957,5.905,0.2791,,37592.5005,32259.2499,20667.7696,285327.0788,244847.7067
603169.SH,20251014,8.7,8.1139,16.9348,1.52,72.7676,80.8326,3.3888,1.9626,1.8538,0.0,,130629.1798,130629.1798,62587.8094,1136473.8643,1136473.8643
603170.SH,20251014,14.34,0.4003,1.2033,0.6,24.5937,23.7619,4.2925,2.1636,2.0798,3.6611,2.7197,40001.0,40001.0,13307.268,573614.34,573614.34
603171.SH,20251014,47.77,0.9605,3.8551,0.99,172.4224,203.5648,7.8445,9.9783,9.4538,0.3147,0.4191,40634.5,40589.0,10113.1202,1941110.065,1938936.53
603172.SH,20251014,18.04,4.6284,5.3433,0.74,62.7771,47.783,2.2395,4.4964,4.1789,0.5543,0.4989,13338.0,5008.0,4337.99,240617.52,90344.32
603173.SH,20251014,51.6,5.4078,5.4078,0.9,31.6124,20.2405,4.5879,3.4132,2.7664,0.7171,0.9594,16000.0,4954.0,4954.0,825600.0,255626.4
603176.SH,20251014,6.09,1.3481,4.2892,1.16,41.6754,52.1607,2.5459,0.837,0.9816,0.3191,0.3769,47523.4833,46181.3833,14514.7167,289418.0133,281244.6243
603177.SH,20251014,11.6,4.5114,10.8558,1.05,104.5847,120.0663,6.1955,2.6032,2.4695,0.0,0.3448,20615.4,20419.2,8485.8,239138.64,236862.72
603178.SH,20251014,19.15,2.3596,6.3838,0.66,152.1666,,3.6729,2.7961,2.6056,0.3655,0.2089,23641.1881,23641.1881,8738.2991,452728.7521,452728.7521
603179.SH,20251014,69.5,6.1823,9.9226,1.48,34.9893,34.5816,5.7041,2.5763,2.3471,0.4278,0.4278,49168.0564,49168.0564,30633.8812,3417179.9198,3417179.9198
603180.SH,20251014,19.95,0.5721,1.9257,0.75,15.4422,15.9062,1.1073,0.8857,0.8989,4.1514,3.1144,15425.7088,15425.7088,4582.9198,307742.8906,307742.8906
603181.SH,20251014,19.54,4.2541,7.5554,0.81,28.9187,27.0191,3.5768,4.9307,4.7573,0.7331,1.0508,58870.0,58870.0,33146.65,1150319.8,1150319.8
603182.SH,20251014,14.37,1.522,2.4958,1.14,21.6665,20.8076,2.2056,1.5889,1.704,2.7836,2.7836,16455.0,16455.0,10034.6429,236458.35,236458.35
603183.SH,20251014,4.53,4.7524,6.2204,1.98,37.3531,50.5158,1.412,2.4816,2.6095,1.0012,0.5519,49715.3251,49715.3251,37982.2191,225210.4227,225210.4227
603185.SH,20251014,22.53,4.3312,7.881,2.2,,,1.3222,2.095,2.3466,0.0886,,67902.2202,67902.2202,37317.0982,1529837.0211,1529837.0211
603186.SH,20251014,43.8,9.7556,16.5055,1.46,,,4.2964,1.6096,1.5483,0.0,,14202.3209,14202.3209,8394.296,622061.6554,622061.6554
603187.SH,20251014,14.79,1.7478,2.1815,1.0,16.1597,15.2636,1.3731,2.0189,1.8831,3.6858,3.3452,38641.6107,38641.6107,30960.5236,571509.4223,571509.4223
603188.SH,20251014,4.1,1.8717,2.6602,1.08,,,3.1228,3.3338,3.1819,0.0,,57017.0,57017.0,40117.0,233769.7,233769.7
603189.SH,20251014,21.04,7.6042,12.7571,0.74,541.312,610.1585,3.7776,16.958,19.96,0.4709,0.7062,26954.8349,26954.8349,16067.0949,567129.7263,567129.7263
603190.SH,20251014,22.71,3.1891,3.1891,1.06,30.2462,42.9736,1.2762,1.5614,1.622,2.0255,1.1449,12000.0,4051.948,4051.948,272520.0,92019.7391
603191.SH,20251014,16.41,4.2453,7.4661,1.04,83.6921,64.1596,2.2037,1.6273,1.4497,0.9145,0.3046,33235.3407,33003.7407,18766.2266,545391.9409,541591.3849
603192.SH,20251014,24.48,6.5021,21.9017,1.78,27.8593,26.5017,2.2189,1.2992,1.3695,0.7193,1.5254,14175.4417,13866.6667,4116.6667,347014.8128,339456.0008
603193.SH,20251014,27.19,2.3266,2.3266,0.71,36.6499,35.7567,5.2535,8.3455,7.4874,1.2872,1.5815,40459.3314,10333.6314,10333.6314,1100089.2208,280971.4378
603194.SH,20251014,40.29,6.9671,6.9671,0.82,19.238,18.6203,3.2078,2.4657,2.3615,,1.5637,40100.0,5145.512,5145.512,1615629.0,207312.6785
603195.SH,20251014,44.95,0.1718,1.1554,0.65,19.0291,19.8617,5.5299,4.8303,4.8937,3.3996,3.8147,180858.7688,180072.8214,26778.7146,8129601.6576,8094273.3219
603196.SH,20251014,21.6,0.8885,2.1429,0.48,,,7.5875,5.9116,6.1423,0.1019,,23698.8282,23698.8282,9825.9682,511894.6891,511894.6891
603197.SH,20251014,39.35,4.8993,6.9551,1.28,27.7888,29.0936,2.5793,1.1968,1.0791,2.1439,1.301,21365.9719,21365.9719,15050.5944,840750.9943,840750.9943
603198.SH,20251014,40.56,0.9828,3.5378,1.33,12.5317,13.8619,3.3198,4.4184,4.8295,3.2051,3.6982,80000.0,80000.0,22223.415,3244800.0,3244800.0
603199.SH,20251014,35.34,2.0684,3.7351,0.9,21.0282,18.3292,2.4736,5.1167,4.5889,2.2354,1.9242,11068.0,11068.0,6129.1646,391143.12,391143.12
603200.SH,20251014,82.62,5.0486,10.3107,0.67,337.5268,133.6254,13.5001,28.4268,30.999,0.0847,0.1089,17548.0103,17548.0103,8592.3487,1449816.611,1449816.611
603201.SH,20251014,18.26,1.4678,4.6765,1.01,14.1482,13.0445,2.0663,1.152,1.1712,2.4315,2.1895,19003.8522,18757.3122,5887.269,347010.3412,342508.5208
603202.SH,20251014,95.95,4.9452,4.9452,1.53,13.5082,13.809,2.3482,3.4386,3.4463,,2.5951,16000.0,3254.3652,3254.3652,1535200.0,312256.3409
603203.SH,20251014,30.01,1.3534,3.7908,1.06,35.8735,33.6436,5.3045,8.0547,7.6237,1.9562,2.1192,25366.1118,24915.3318,8895.1047,761237.0151,747709.1073
603205.SH,20251014,28.17,2.3692,2.3692,1.04,36.5543,40.9084,3.0755,4.2022,4.362,,0.9585,15600.0,3900.0,3900.0,439452.0,109863.0
603206.SH,20251014,16.68,1.081,3.7834,1.21,73.3472,95.6637,2.2538,1.1363,1.1707,1.1391,,30519.9988,30519.9988,8719.9988,509073.58,509073.58
603207.SH,20251014,32.98,3.1123,3.1123,1.37,25.7965,25.5469,4.7445,11.1577,10.9727,,4.5482,16055.9967,5440.0,5440.0,529526.7712,179411.2
603208.SH,20251014,15.26,9.9987,24.7014,3.0,24.835,192.8427,2.154,0.9011,1.1143,11.5793,1.236,17717.2674,17717.2674,7171.6648,270365.5005,270365.5005
603209.SH,20251014,14.87,1.1998,2.4093,2.26,13.7915,15.8092,1.4793,3.1905,3.1584,0.8564,1.1576,32500.0,28000.0,13943.5,483275.0,416360.0
603210.SH,20251014,21.46,8.5928,8.5928,1.55,41.334,35.6518,4.1143,4.3259,3.9043,,,34040.0,7539.0698,7539.0698,730498.4,161788.4379
603211.SH,20251014,17.92,0.8418,3.3671,0.78,97.2773,92.7053,4.0411,4.1429,3.9673,0.3348,0.3348,27180.8,27180.8,6795.2,487079.936,487079.936
603212.SH,20251014,11.47,3.9085,6.2996,1.51,,,1.9292,1.6704,1.8555,0.6277,,43749.0636,43749.0636,27143.8219,501801.7595,501801.7595
603213.SH,20251014,13.83,1.2539,5.2095,1.38,31.9886,45.3315,3.2876,2.1084,1.9768,2.006,1.8851,44197.1017,44197.1017,10637.713,611245.9165,611245.9165
603214.SH,20251014,17.85,1.9367,2.9661,1.17,23.2407,22.3354,2.1558,0.7133,0.6855,2.5714,2.1457,13854.0036,13854.0036,9045.9181,247293.9643,247293.9643
603215.SH,20251014,22.34,5.439,14.3361,0.62,30.0864,33.5241,3.5604,2.0395,1.7823,1.6685,1.3297,18794.7951,18722.838,7103.253,419875.7225,418268.2009
603216.SH,20251014,17.49,2.4631,9.6756,0.56,63.5779,54.3721,2.1999,3.4874,3.5218,1.7153,1.1435,22269.0,22269.0,5669.0,389484.81,389484.81
603217.SH,20251014,24.5,4.6453,12.3258,2.1,24.6134,24.5848,1.5376,2.2969,2.317,1.6176,1.4088,20808.76,20808.76,7842.4171,509814.62,509814.62
603218.SH,20251014,14.76,4.4817,11.0152,0.94,24.3808,31.3069,1.5104,3.2387,2.4796,1.8782,2.3452,103041.625,102803.625,41826.6562,1520894.385,1517381.505
603219.SH,20251014,17.3,1.2239,5.8263,1.0,53.5758,65.0028,6.3409,3.5944,3.0709,1.7263,1.1536,56140.0,56140.0,11792.9916,971222.0,971222.0
603220.SH,20251014,23.33,3.9562,5.4887,0.85,69.9768,112.5051,5.1666,3.3948,3.3146,0.4964,0.4715,43425.2858,43425.2858,31299.9343,1013111.9177,1013111.9177
603221.SH,20251014,12.35,2.1713,7.4858,0.72,21.8956,32.2158,1.8782,2.3073,2.504,0.8098,1.4577,24454.0,24227.0,7027.0,302006.9,299203.45
603222.SH,20251014,9.97,5.7437,9.316,0.74,,,3.6766,6.7487,7.7382,0.0,,52509.0615,52509.0615,32373.8075,523515.3432,523515.3432
603223.SH,20251014,9.73,0.7611,1.7716,0.66,44.8128,37.9984,1.8012,3.4706,4.7517,0.711,0.711,71418.7046,71418.7046,30681.0455,694903.9958,694903.9958
603225.SH,20251014,15.15,1.3691,3.4347,0.9,20.9882,19.1678,1.3313,0.3443,0.3332,1.6625,1.4566,152455.4694,151177.1694,60259.5674,2309700.3614,2290334.1164
603226.SH,20251014,45.08,4.5439,16.1007,1.78,,,17.4948,47.6654,45.4403,0.0,,35549.177,35549.177,10032.6507,1602556.8992,1602556.8992
603227.SH,20251014,9.51,2.9563,4.6195,0.95,15.2473,20.0142,2.0691,1.6705,1.7097,2.6288,2.103,107169.2689,97407.5458,62336.9797,1019179.7472,926345.7606
603228.SH,20251014,55.67,3.0691,7.2024,0.92,46.8962,47.178,4.8622,4.3306,3.9477,0.7678,1.3643,98478.4137,97572.2497,41577.3067,5482293.2907,5431847.1408
603229.SH,20251014,9.81,1.2617,2.709,1.52,39.3886,41.4927,3.4766,10.2418,10.3792,0.9393,1.0169,83029.7145,83029.7145,38671.1741,814521.4992,814521.4992
603230.SH,20251014,12.25,0.7792,2.7544,1.0,12.8095,12.6648,1.5924,2.3915,2.3915,3.6735,3.9184,35352.3,35352.3,10000.67,433065.675,433065.675
603231.SH,20251014,18.74,2.6445,3.5429,0.99,29.6082,24.2732,1.8741,2.3068,2.304,2.6681,1.6009,19145.9105,10626.5982,7931.989,358794.3628,199142.4503
603232.SH,20251014,14.9,2.0293,2.8487,0.89,94.7741,239.8574,2.6295,6.5917,7.7246,0.3978,0.3356,23414.9995,23129.9995,16477.1586,348883.4926,344636.9926
603233.SH,20251014,16.81,0.6604,1.6717,1.22,20.928,18.1404,2.6806,0.7225,0.7177,3.6758,3.6665,113884.7895,113884.7895,44991.5969,1914403.3115,1914403.3115
603235.SH,20251014,26.9,0.4186,1.5054,1.03,18.0833,17.7871,2.5158,5.3321,5.2008,1.8529,2.5128,43778.0,14706.52,4089.3509,1177628.2,395605.388
603236.SH,20251014,97.74,4.5531,5.9737,1.07,43.4773,30.0876,6.0057,1.3754,1.1682,0.3786,0.9924,26165.7654,26165.7654,19943.0205,2557441.9102,2557441.9102
603237.SH,20251014,17.25,0.9175,2.1821,0.78,23.9228,32.9677,1.8814,1.5104,1.5034,4.089,2.8454,19712.5868,19601.1726,8241.5242,340042.1223,338120.2274
603238.SH,20251014,18.85,1.4863,3.7756,0.75,35.1374,28.7183,2.3688,1.496,1.301,1.5915,1.5915,17750.9,17750.9,6988.1,334604.465,334604.465
603239.SH,20251014,18.54,4.4258,10.5462,0.7,29.2275,26.7892,4.1501,4.0989,3.7412,1.726,1.1327,27072.0,27072.0,11360.91,501914.88,501914.88
603255.SH,20251014,36.28,2.4499,3.874,0.8,,,3.087,6.2551,5.7398,0.1277,,13461.1667,6067.5248,3837.1667,488371.1279,220129.7997
603256.SH,20251014,31.77,1.2291,7.7777,1.08,1225.7806,255.5717,18.1731,33.4865,28.5979,0.0,,87972.75,87972.75,13902.1833,2794894.2675,2794894.2675
603257.SH,20251014,74.02,42.7465,42.7465,2.21,58.43,52.9339,3.6572,3.588,3.5546,,0.6755,12000.0,2490.0,2490.0,888240.0,184309.8
603258.SH,20251014,20.03,1.2192,2.6784,1.08,159.8366,,2.2273,8.8792,10.3465,2.1783,1.155,24401.57,24124.895,10982.1073,488763.4471,483221.6469
603259.SH,20251014,95.92,2.2718,2.7204,0.9,30.2849,20.7824,4.4147,7.2934,6.687,1.0534,1.7671,298375.7155,247328.0246,206545.7989,28620198.6308,23723704.1196
603260.SH,20251014,49.27,0.5951,2.7797,1.31,33.4663,159.4331,1.8237,2.1822,2.5111,1.3706,0.9058,118220.6941,118220.6941,25310.1712,5824733.5983,5824733.5983
603261.SH,20251014,19.74,0.8716,2.5636,0.99,,,2.2777,5.3058,6.5134,0.0,,7790.7622,7750.5022,2634.9858,153789.6458,152994.9134
603262.SH,20251014,30.17,3.9588,3.9588,1.1,69.1813,67.7255,7.9577,12.0459,11.1944,,,40001.0,3880.2645,3880.2645,1206830.17,117067.58
603266.SH,20251014,23.16,3.29,7.3415,0.88,41.8062,42.3535,2.9834,3.3707,3.4654,0.734,0.734,19888.675,19888.675,8912.865,460621.713,460621.713
603267.SH,20251014,56.13,3.0306,4.8185,1.07,84.3653,59.654,2.9622,8.6945,7.733,0.623,0.3023,23108.0892,23108.0892,14533.6805,1297057.0468,1297057.0468
603268.SH,20251014,48.25,2.6952,2.6952,1.67,,77.398,6.274,170.4426,6.8473,0.0,,97077.8303,12416.88,12416.88,4684005.312,599114.46
603269.SH,20251014,13.55,7.5417,10.1425,0.74,43.6185,40.6337,4.0281,2.6166,2.4212,1.1296,1.5814,30875.1768,30875.1768,22957.941,418358.6456,418358.6456
603270.SH,20251014,24.42,5.3079,5.3079,1.06,53.7517,45.2209,2.4049,3.9478,3.352,1.0238,0.819,21910.6667,7071.6667,7071.6667,535058.4808,172690.1008
603271.SH,20251014,39.91,9.0661,9.0661,1.1,24.5773,22.9756,2.9139,0.9679,0.8916,,1.2653,19672.0,3936.0,3936.0,785109.52,157085.76
603272.SH,20251014,18.82,1.3868,3.3517,0.79,178.9498,76.6126,3.5049,9.0474,8.2525,0.797,0.5084,10362.7,10362.7,4287.7,195026.014,195026.014
603273.SH,20251014,18.6,4.0698,4.0698,1.12,102.7314,120.909,4.538,6.1856,6.7305,0.7258,0.2957,21431.34,5605.84,5605.84,398622.924,104268.624
603275.SH,20251014,48.19,4.765,4.765,0.77,33.3675,35.7643,2.4943,10.6058,10.4986,0.4307,0.4901,14877.1851,4153.5963,4153.5963,716931.55,200161.8057
603276.SH,20251014,16.61,1.7539,1.7539,0.87,98.9591,107.325,1.9927,4.7229,4.5031,0.921,0.7447,20764.9497,7564.2328,7564.2328,344905.8145,125641.9068
603277.SH,20251014,18.51,0.4599,2.2025,0.65,20.9971,20.9966,3.8565,4.127,4.0397,5.5726,3.7388,61369.9305,60974.6025,12732.8926,1135957.4136,1128639.8923
603278.SH,20251014,10.14,3.7683,7.6441,0.77,,,1.7013,0.6799,0.6949,0.3426,,34175.9392,34175.9392,16847.6952,346544.0235,346544.0235
603279.SH,20251014,15.96,0.9528,1.7304,1.17,10.8464,12.8238,1.9942,1.501,1.5784,10.7795,6.6416,57645.7,57637.3,31735.2162,920025.372,919891.308
603280.SH,20251014,37.5,23.7581,23.7581,2.05,44.7739,50.7497,3.0368,4.0597,4.5033,0.9067,0.6933,10840.6667,2794.1667,2794.1667,406525.0013,104781.2513
603281.SH,20251014,25.19,0.6505,0.7184,1.03,15.6188,18.7948,1.9874,4.2433,4.7331,3.9699,3.9232,37333.3334,25169.3916,22789.3916,940426.6683,634016.9744
603282.SH,20251014,18.0,2.4892,2.4892,1.15,23.6064,24.0734,1.9064,3.0054,2.8451,2.0556,1.2921,13382.0,6418.4459,6418.4459,240876.0,115532.0262
603283.SH,20251014,45.31,8.9615,14.7005,1.0,22.7736,24.1503,3.9886,3.1148,3.3264,0.0,0.8726,27859.0823,27171.6823,16563.975,1262295.019,1231148.925
603285.SH,20251014,26.35,6.9969,6.9969,0.53,26.7397,32.1947,2.5712,6.2674,6.8342,3.7951,0.759,16000.0,6229.678,6229.678,421600.0,164152.0153
603286.SH,20251014,41.52,8.6772,13.5905,0.72,433.9498,,5.8728,5.0228,4.7365,0.0703,0.0717,11742.3931,11541.4831,7368.9831,487544.1615,479202.3783
603288.SH,20251014,39.1,0.2486,0.9323,0.87,36.0659,33.6229,6.0107,8.5055,8.179,1.6836,2.8591,585182.4944,556060.0544,148271.9479,22880635.531,21741948.127
603289.SH,20251014,10.36,2.4706,7.1301,0.63,36.9726,32.256,2.1055,2.6474,2.632,1.4586,1.4478,29338.4631,29338.4631,10165.7312,303946.4777,303946.4777
603290.SH,20251014,108.6,4.8798,10.5248,1.08,51.2282,51.1567,3.8195,7.6702,6.8563,1.0503,0.5856,23947.3466,23947.3466,11103.0595,2600681.8408,2600681.8408
603291.SH,20251014,10.68,2.2834,3.9367,1.26,30.1482,44.0296,2.5872,3.9635,3.8001,1.7322,1.4045,42322.0604,12994.3077,7537.0773,451999.6051,138779.2062
603296.SH,20251014,92.87,2.6114,3.4169,0.93,32.2372,26.7688,3.9984,0.8585,0.6109,0.9212,0.9664,101575.458,57117.846,43652.6788,9433312.7845,5304534.358
603297.SH,20251014,112.48,4.3137,14.0108,1.17,59.8239,57.4239,6.4138,13.9927,13.7969,0.8508,0.7557,11093.67,11072.91,3409.1845,1247816.0016,1245480.9168
603298.SH,20251014,26.16,0.8217,2.1348,0.95,16.9457,16.0374,3.1588,2.0784,1.9882,1.3652,1.9113,130981.2049,130981.2049,50413.7501,3426468.3202,3426468.3202
603299.SH,20251014,10.73,0.7665,2.0628,0.96,10.9063,13.2758,1.3795,1.5695,1.7202,3.9624,4.1286,78165.8202,77724.7495,28880.4655,838719.2507,833986.5621
603300.SH,20251014,7.57,14.4794,18.7167,2.35,24.996,24.7431,2.3025,2.923,2.691,0.2843,0.3318,199678.3956,199678.3956,154473.1792,1511565.4547,1511565.4547
603301.SH,20251014,65.89,5.6823,13.9283,1.14,45.581,49.901,3.1173,4.1175,4.0624,0.7585,0.986,26645.1202,26645.1202,10870.3136,1755646.97,1755646.97
603303.SH,20251014,13.24,0.3657,1.5199,0.93,18.1826,20.2174,2.0636,1.4251,1.4223,2.5046,10.2274,47694.4575,47694.4575,11474.5139,631474.6173,631474.6173
603305.SH,20251014,15.64,3.6554,8.5947,0.7,36.7684,43.4648,2.2487,3.4715,3.5139,1.4024,2.3656,97858.9072,97858.9072,41620.2001,1530513.3086,1530513.3086
603306.SH,20251014,48.12,3.8321,5.4411,0.7,57.1467,56.2851,5.2318,7.1643,6.739,0.3964,0.1806,32948.8809,32948.8809,23205.1606,1585500.1489,1585500.1489
603307.SH,20251014,40.96,7.6188,7.6188,2.68,19.3377,23.7295,2.0231,3.3471,3.1263,3.3738,2.4414,6787.7,1700.0,1700.0,278024.192,69632.0
603308.SH,20251014,33.86,3.994,6.0157,1.9,80.2853,71.2471,4.7806,9.1476,8.7456,0.3544,0.2067,67903.6441,67903.6441,45082.6923,2299217.3892,2299217.3892
603309.SH,20251014,13.33,1.1194,2.2514,0.89,17.7942,16.6539,2.0955,2.5865,2.4736,3.7547,3.7509,29286.8018,29187.1418,14511.7162,390393.068,389064.6002
603310.SH,20251014,17.63,0.9838,1.4309,0.92,24.0082,38.0157,1.5442,5.4974,6.6636,2.2689,3.9705,34534.0,18456.0,12690.0,608834.42,325379.28
603311.SH,20251014,11.21,1.4608,3.0048,1.14,40.6567,29.5026,1.942,3.3534,3.1043,0.7136,1.0705,23588.3907,23588.3907,11467.9471,264425.8597,264425.8597
603312.SH,20251014,45.94,5.012,5.012,0.74,32.2647,26.7118,4.6229,3.3958,2.7049,1.429,2.4966,15999.95,5091.95,5091.95,735037.703,233924.183
603313.SH,20251014,8.39,1.9551,3.6565,0.56,,,1.2781,0.5666,0.5429,0.0,0.5959,57058.6885,57058.6885,30509.3631,478722.3965,478722.3965
603315.SH,20251014,13.54,1.4973,3.324,0.82,49.5577,53.1761,2.5415,3.5065,3.455,0.5022,0.613,32042.6264,31372.6264,14132.2281,433857.1615,424785.3615
603316.SH,20251014,13.08,14.2091,27.425,1.13,,,5.413,9.9357,7.5597,0.0,,26426.4,26426.4,13691.6694,345657.312,345657.312
603317.SH,20251014,11.41,0.4612,1.5495,0.99,19.4539,21.4002,2.9135,3.4956,3.5746,3.4811,4.8104,106499.6294,106499.6294,31700.6094,1215160.7715,1215160.7715
603318.SH,20251014,6.8,3.3563,4.9021,2.25,30.4115,,2.2233,1.2053,1.2149,0.8676,1.0,45907.0924,38354.4591,26259.4238,312168.2283,260810.3219
603319.SH,20251014,35.74,5.686,7.433,1.09,73.1145,69.1878,4.9432,6.13,5.823,0.6865,0.4197,33914.9678,33914.9678,25943.9598,1212120.9492,1212120.9492
603320.SH,20251014,20.19,2.0255,4.9866,0.42,45.1931,42.1182,2.6367,2.8495,2.9525,0.4318,0.6934,14914.6203,14914.6203,6058.1913,301126.1839,301126.1839
603321.SH,20251014,7.9,1.5402,4.1744,1.23,20.51,50.6804,1.9324,3.3971,3.651,1.6312,2.2075,34904.9469,30251.5,11161.5,275749.0805,238986.85
603322.SH,20251014,50.08,14.8433,20.5031,0.94,,,26.278,4.7167,3.2033,0.0,,15758.6796,15758.6796,11408.5705,789194.6744,789194.6744
603323.SH,20251014,5.19,1.7216,1.9912,1.6,5.3863,5.229,0.5702,2.5097,2.5067,3.0997,4.887,201854.1437,201854.1437,174520.0056,1047623.0058,1047623.0058
603324.SH,20251014,27.51,2.3599,6.7435,0.79,33.8851,42.3908,2.4173,2.7999,2.9789,0.8227,0.4534,14767.958,14767.958,5167.958,406266.5246,406266.5246
603325.SH,20251014,84.01,2.43,2.43,0.8,22.6294,15.247,2.5641,5.8107,4.439,1.2895,1.3391,8000.4,3418.32,3418.32,672113.604,287173.0632
603326.SH,20251014,9.21,3.5173,11.0025,1.26,24.2012,17.4621,2.6698,2.0521,2.0354,2.9675,7.0825,31917.693,31917.693,10203.593,293961.9525,293961.9525
603327.SH,20251014,8.93,0.9689,3.7189,1.28,55.7845,92.126,4.5459,3.718,3.5171,2.2801,2.1462,99749.295,99749.295,25986.5358,890761.2044,890761.2044
603328.SH,20251014,10.67,3.1271,7.6234,1.1,24.3576,24.3368,2.5982,3.0382,2.8124,1.8182,1.8557,99844.2611,99844.2611,40955.5363,1065338.2659,1065338.2659
603329.SH,20251014,11.27,1.8124,3.294,1.45,54.7703,47.923,2.097,0.4623,0.403,0.6825,0.2048,20638.3053,20638.3053,11355.2483,232593.7007,232593.7007
603330.SH,20251014,7.56,2.2267,3.7839,0.98,,,2.1428,2.4805,2.8984,1.0487,,43267.3649,43267.3649,25461.8729,327101.2786,327101.2786
603331.SH,20251014,11.09,2.444,3.741,0.64,67.9111,103.1317,1.7101,1.4609,1.4628,1.8037,0.7214,20217.5636,20217.5636,13208.0826,224212.7803,224212.7803
603332.SH,20251014,13.18,1.7793,4.4529,0.86,49.3643,47.1664,2.2746,1.6986,1.7535,1.1344,1.6638,21634.7184,21634.7184,8644.6218,285145.5885,285145.5885
603333.SH,20251014,8.04,1.6381,3.3741,1.05,305.7647,,2.4289,2.8806,3.216,0.1243,0.121,62152.7586,62152.7586,30174.8386,499708.1791,499708.1791
603335.SH,20251014,5.26,4.3969,8.5859,0.55,,,11.2317,2.1559,2.3242,0.0,,42814.46,42814.46,21925.71,225204.0596,225204.0596
603336.SH,20251014,9.31,3.8298,6.791,1.42,309.6408,446.9742,4.1542,5.2468,5.0856,0.0,,60871.8945,60871.8945,34328.3509,566717.3378,566717.3378
603337.SH,20251014,44.13,0.6755,1.9478,0.83,25.884,24.0838,4.5069,3.4503,3.3738,1.7659,1.7444,47642.7291,47128.6791,16343.7871,2102473.6352,2079788.6087
603338.SH,20251014,49.78,2.1166,4.8453,1.16,15.4751,13.5768,2.3833,3.232,3.0458,2.0088,2.0088,50634.7879,50634.7879,22119.4099,2520599.7417,2520599.7417
603339.SH,20251014,13.73,2.5851,4.6298,1.34,17.9157,24.4715,1.6531,2.2806,2.4751,1.8696,1.6813,30944.1175,30944.1175,17277.9339,424862.7333,424862.7333
603341.SH,20251014,44.8,5.3064,6.1768,0.84,41.9616,40.5867,3.7761,0.4534,0.4778,1.1059,1.088,46938.1544,26621.2831,22869.9838,2102829.3171,1192633.4829
603344.SH,20251014,27.72,6.364,6.364,0.67,27.1656,27.8489,2.6222,2.197,2.1192,1.1183,1.1183,19453.098,5403.098,5403.098,539239.8766,149773.8766
603345.SH,20251014,70.05,1.3736,1.8314,1.01,15.7236,17.1905,1.5603,1.5434,1.5373,4.4866,4.8202,33328.8932,29329.4232,21997.3013,2334688.9687,2054526.0952
603348.SH,20251014,23.0,3.1462,6.0155,0.9,62.858,156.024,1.6809,1.1578,1.2107,0.6393,0.6522,31447.7192,31447.7192,16447.7192,723297.5416,723297.5416
603350.SH,20251014,38.03,4.2643,5.5185,1.04,40.2631,40.0938,3.422,2.8968,2.4439,0.0,3.2817,11641.5,4400.0,3400.0,442726.245,167332.0
603351.SH,20251014,26.99,0.5384,1.2675,0.81,24.9656,26.0561,2.1247,2.819,2.8507,1.1115,1.482,13543.9132,13543.9132,5753.2703,365550.2173,365550.2173
603353.SH,20251014,16.74,2.0619,6.2794,1.22,98.3301,180.9503,1.7731,1.0235,0.9945,0.5922,1.2051,17190.6,17041.8,5596.0,287770.644,285279.732
603355.SH,20251014,22.07,0.3271,1.7068,0.76,10.2863,11.9896,2.4098,1.2961,1.2921,6.7969,6.7969,57348.192,57339.547,10989.7541,1265674.5974,1265483.8023
603356.SH,20251014,13.4,3.3808,5.066,0.78,,,4.3882,1.5938,1.7751,0.0,,13334.0,13334.0,8898.4683,178675.6,178675.6
603357.SH,20251014,8.48,0.8167,1.5627,1.19,9.2647,10.4143,1.2457,1.3459,1.4485,4.1289,3.3019,56057.7909,55560.2959,29036.4559,475370.0668,471151.3092
603358.SH,20251014,41.8,0.698,1.9104,0.79,87.2827,75.6035,5.3968,3.8454,3.4861,0.7826,1.1727,46974.3076,43904.0,16040.5268,1963526.0577,1835187.2
603359.SH,20251014,8.77,4.4585,8.2656,0.77,,,1.4675,10.4068,12.4739,0.114,,44609.6,44609.6,24062.5868,391226.192,391226.192
603360.SH,20251014,26.53,3.0658,6.9344,0.91,54.2672,68.758,11.8354,14.2838,12.6823,1.1539,1.6154,70622.3654,70622.3654,31223.0475,1873611.3541,1873611.3541
603363.SH,20251014,5.39,6.3827,9.8856,1.21,24.2169,9.4787,4.4128,1.6011,1.7398,0.0,,260296.1826,159796.1826,103174.3275,1402996.4242,861301.4242
603365.SH,20251014,16.9,0.4883,1.2612,1.46,12.1055,12.2707,1.5242,1.0585,1.0301,5.3275,5.2518,26263.35,25980.23,10059.846,443850.615,439065.887
603366.SH,20251014,9.32,1.5556,3.9359,1.2,35.6834,38.4621,1.8219,1.492,1.5738,0.8379,0.5794,81304.8101,81304.8101,32135.0795,757760.8301,757760.8301
603367.SH,20251014,19.97,3.2236,6.9047,1.21,17.7665,19.3302,1.5069,2.2708,2.4766,3.285,2.0431,45275.4129,45275.4129,21137.8029,904149.9956,904149.9956
603368.SH,20251014,18.82,2.0308,2.7236,0.89,8.7437,9.1159,0.9852,0.3529,0.3587,3.1997,3.9904,39716.8905,39716.8905,29613.611,747471.8792,747471.8792
603369.SH,20251014,39.45,0.972,1.7901,1.54,14.416,15.4713,3.0386,4.2606,4.3953,2.5349,3.0418,124680.0037,124680.0037,67699.5104,4918626.146,4918626.146
603370.SH,20251014,51.48,8.5138,8.5138,0.9,58.8119,54.6326,4.8224,6.3402,5.8383,,,17495.0,3428.3419,3428.3419,900642.6,176491.041
603373.SH,20251014,47.97,3.7079,5.449,1.7,41.102,39.9261,2.9058,1.9412,1.8873,1.0423,1.4592,10752.6882,4543.0108,3091.3979,515806.453,217928.2281
603375.SH,20251014,40.43,3.7303,6.1251,0.93,177.6481,144.4866,2.5862,8.0721,7.985,0.9894,0.2473,10066.6667,6378.0929,3884.346,406995.3347,257866.2959
603377.SH,20251014,3.58,2.061,3.2815,1.06,,,3.1735,3.1699,3.8014,0.0,,71489.4945,71489.4945,44899.7345,255932.3903,255932.3903
603378.SH,20251014,6.11,3.0053,7.7947,1.31,,,2.3426,1.2759,2.0475,0.7052,,42859.6642,42859.6642,16525.0451,261872.5483,261872.5483
603379.SH,20251014,55.15,3.9058,10.2522,2.45,43.2451,24.2308,4.6803,8.3346,6.9752,0.417,0.811,61047.9037,61047.9037,23257.4383,3366791.8891,3366791.8891
603380.SH,20251014,41.79,2.4911,5.7106,0.85,36.4099,31.7331,4.5719,3.1026,2.8907,0.6133,2.3929,16044.12,16044.12,6998.85,670483.7748,670483.7748
603381.SH,20251014,23.87,4.5049,5.6003,1.13,21.1224,39.5565,1.5563,0.6921,0.5473,0.0,2.346,23725.6326,14213.7686,11433.4213,566330.8502,339282.6565
603382.SH,20251014,35.25,6.7526,6.7526,0.94,38.5288,38.2402,3.716,1.1528,1.2387,,0.5674,18125.1368,3552.086,3552.086,638911.0722,125211.0315
603383.SH,20251014,41.2,2.0216,3.488,0.71,43.6205,42.7186,6.0153,12.7491,13.1711,2.7109,1.9417,20538.6979,20468.3059,11863.0082,846194.3535,843294.2031
603385.SH,20251014,6.75,1.5395,3.8381,1.42,18.4933,26.6055,0.684,0.7423,0.7776,0.0,1.6296,38066.4968,38066.4968,15269.267,256948.8534,256948.8534
603386.SH,20251014,13.35,1.9261,4.5275,0.9,,,3.1581,1.856,1.744,0.6442,,32632.256,32632.256,13882.806,435640.6176,435640.6176
603387.SH,20251014,7.96,0.9758,1.7406,0.92,18.0514,21.7465,1.5301,3.4658,3.8091,2.3869,2.2613,50715.3517,50715.3517,28430.372,403694.1995,403694.1995
603388.SH,20251014,1.49,0.3197,0.3605,0.06,,,0.6738,3.3279,2.8505,0.0,,32573.3572,32573.3572,28890.9252,48534.3022,48534.3022
603389.SH,20251014,39.04,0.4919,2.5796,0.2,,,45.2631,50.6805,49.8365,0.0,,26275.2,26275.2,5010.5734,1025783.808,1025783.808
603390.SH,20251014,12.33,1.2605,3.4311,0.88,169.3172,100.6043,2.73,6.5135,5.1784,0.6489,0.7299,35165.1984,35051.3953,12877.2673,433586.8963,432183.704
603391.SH,20251014,53.0,11.4635,11.4635,1.14,16.5675,18.1569,2.3157,4.53,4.7675,2.3585,2.3585,9100.0,2275.0,2275.0,482300.0,120575.0
603392.SH,20251014,56.2,0.2401,0.9057,0.82,669.2673,,5.8669,31.6646,41.2671,0.5702,,126512.2774,126512.2774,33536.3775,7109989.9899,7109989.9899
603393.SH,20251014,29.92,3.3875,6.0096,2.21,10.7016,10.5505,1.4428,3.3584,3.2827,3.008,,42392.1327,42322.1331,23856.4733,1268372.6104,1266278.2224
603395.SH,20251014,34.69,6.5946,6.5946,1.5,96.8091,166.9404,6.4611,2.5877,2.7135,,0.3326,26000.0,5359.6492,5359.6492,901940.0,185926.2307
603396.SH,20251014,29.42,4.5774,7.9139,1.4,63.9762,81.0988,1.5822,1.611,1.5602,0.6801,0.5099,13852.7478,13852.7478,8012.4486,407547.8403,407547.8403
603398.SH,20251014,8.06,9.8965,15.0035,1.84,,,4.448,12.6114,17.0472,0.0,,43364.1524,43364.1524,28603.656,349515.0683,349515.0683
603399.SH,20251014,9.84,2.8146,4.9906,0.73,198.2932,,3.0898,0.8551,1.0213,0.0,,51229.0649,51229.0649,28892.4122,504093.9986,504093.9986
603400.SH,20251014,58.4,5.2608,5.2608,1.05,38.0453,36.0406,4.7714,4.7479,4.2263,,0.6849,10000.0,1959.7624,1959.7624,584000.0,114450.1242
603406.SH,20251014,47.97,33.7385,33.7385,2.44,42.3014,42.2152,4.2077,4.9952,5.1063,,,40001.0,3553.9898,3553.9898,1918847.97,170484.8907
603408.SH,20251014,11.51,0.6651,2.5098,0.5,10.6895,11.1708,1.5472,1.0289,1.0405,5.7889,6.3376,44757.3,44757.3,11860.1633,515156.523,515156.523
603409.SH,20251014,34.7,3.2704,3.2704,1.07,26.8116,29.0966,3.0279,4.0903,3.7802,,1.4409,12603.0,3150.7704,3150.7704,437324.1,109331.7329
603416.SH,20251014,57.29,2.3758,4.5755,1.25,39.3892,39.3043,3.3684,5.2699,5.0346,0.3403,1.516,15713.8633,13950.5,7243.894,900247.2285,799224.145
603418.SH,20251014,61.33,11.3993,11.3993,0.58,29.2252,24.7171,2.7728,2.9976,2.6537,,,19306.8444,4042.241,4042.241,1184088.7671,247910.6405
603421.SH,20251014,8.34,6.4202,14.7557,0.95,,,1.8642,1.7623,2.3107,0.7314,,65219.0511,65219.0511,28376.7874,543926.8862,543926.8862
603429.SH,20251014,10.35,3.0332,5.1455,0.68,,,4.383,11.8531,19.5229,1.3888,,52448.5465,52448.5465,30918.0165,542842.4563,542842.4563
603439.SH,20251014,12.34,0.78,1.5514,0.81,18.4542,21.0681,3.4176,2.3582,2.6256,1.6146,2.7218,40980.2216,40384.0216,20304.927,505695.9345,498338.8265
603444.SH,20251014,507.4,2.6647,4.5287,0.86,38.6844,34.1058,7.5839,9.8909,8.5929,1.276,2.3753,7204.1101,7204.1101,4238.8461,3655365.4647,3655365.4647
603456.SH,20251014,19.55,4.1727,7.4983,1.16,28.6896,26.4692,2.0375,3.3695,3.3013,2.5614,2.5353,88944.6028,88944.6028,49496.4796,1738866.9847,1738866.9847
603458.SH,20251014,8.57,2.5386,2.8039,0.74,,,0.9054,1.7436,1.7214,0.6527,,30612.4514,30612.4514,27716.2789,262348.7085,262348.7085
603466.SH,20251014,9.3,1.9837,3.5554,0.89,,349.8572,2.671,4.0189,3.5169,2.1505,2.1505,59478.5851,59478.5851,33185.439,553150.8414,553150.8414
603477.SH,20251014,20.22,2.7602,5.3446,1.04,19.8894,13.8509,3.3292,1.6968,1.3637,0.0,0.8295,51007.0333,51007.0333,26342.1885,1031362.2133,1031362.2133
603486.SH,20251014,96.12,0.7653,2.335,0.7,69.0252,47.2901,6.9145,3.3635,3.05,0.3052,0.4653,57886.2838,57170.8038,18736.6621,5564029.5989,5495257.6613
603488.SH,20251014,7.94,1.1838,1.8804,0.78,232.6807,,2.4751,4.9418,5.0364,2.5189,0.3778,29199.044,29199.044,18381.2219,231840.4094,231840.4094
603489.SH,20251014,24.83,0.8668,3.2322,0.79,91.2443,128.3563,2.2454,4.2936,4.4197,2.8767,0.4027,23461.7979,23461.7979,6292.184,582556.4419,582556.4419
603496.SH,20251014,29.06,5.2544,7.173,0.61,346.5774,,6.7804,8.329,9.5959,0.2581,0.0688,32020.9243,32020.9243,23456.306,930528.0602,930528.0602
603499.SH,20251014,17.1,1.7132,4.5142,1.05,78.7205,40.0091,6.0362,5.8446,4.9649,0.1253,0.8354,30259.439,30259.439,11483.831,517436.4069,517436.4069
603500.SH,20251014,11.27,1.9919,4.2406,0.7,49.7495,35.049,3.8713,5.6171,5.4284,0.851,1.1535,33280.0046,33183.3469,15587.0231,375065.6518,373976.3196
603501.SH,20251014,131.68,2.6335,3.9773,0.93,47.8016,39.8725,6.3644,6.1738,5.7567,0.2566,0.3175,120638.2412,120638.2412,79877.75,15885643.6012,15885643.6012
603505.SH,20251014,18.56,2.3331,5.1497,0.96,60.7771,72.4658,9.2285,5.6758,4.6505,1.5397,0.5759,84166.8813,84166.8813,38132.3225,1562137.3169,1562137.3169
603506.SH,20251014,13.46,2.0764,5.3614,1.0,115.3826,19.2468,2.0681,1.3999,1.3812,2.5728,,18777.7779,18777.7779,7272.4453,252748.8905,252748.8905
603507.SH,20251014,24.95,8.19,11.433,1.08,25.8048,65.2919,1.9,1.1654,1.2028,1.195,1.1859,18430.1307,18177.2307,13021.2045,459831.761,453521.906
603508.SH,20251014,32.13,1.4099,3.2888,0.99,22.3391,18.507,3.2641,8.0853,7.4442,3.1327,11.0124,38127.4377,38127.4377,16344.9096,1225034.5733,1225034.5733
603511.SH,20251014,15.17,0.9669,6.9005,1.01,37.5208,53.3712,1.4106,1.9376,1.9674,4.9938,2.6531,40405.0612,40188.7312,5631.514,612944.7784,609663.0523
603515.SH,20251014,17.27,0.1488,1.0036,1.06,14.2261,14.4768,2.2313,1.8102,1.8493,4.8701,5.188,74381.7633,73491.4775,10894.2639,1284573.0522,1269197.8164
603516.SH,20251014,169.99,9.9486,14.5975,1.4,402.7225,5280.8042,24.9824,69.8207,88.5758,0.0581,0.1463,20326.8279,20326.8279,13853.1939,3455357.4747,3455357.4747
603517.SH,20251014,14.08,2.7033,5.1757,0.69,37.5695,79.988,1.3656,1.3637,1.4874,5.7554,4.4744,60600.1936,60600.1936,31652.3996,853250.7259,853250.7259
603518.SH,20251014,9.94,4.9395,7.4283,2.24,11.2363,12.6404,0.9474,0.7829,0.7982,2.6213,3.1231,34620.0184,34469.1484,22920.6144,344122.9829,342623.3351
603519.SH,20251014,12.2,1.1418,2.4004,0.89,20.4361,20.3923,2.8315,1.9,1.9003,8.1182,8.1182,26632.7839,26632.7839,12668.5567,324919.9636,324919.9636
603520.SH,20251014,10.78,1.5852,2.0411,0.66,,,1.8148,2.0109,1.9549,0.4638,1.3915,43840.9881,43840.9881,34048.3625,472605.8517,472605.8517
603527.SH,20251014,11.49,4.366,7.0736,0.95,28.6113,23.1411,1.7719,0.3907,0.3614,1.3055,1.3925,31697.12,31697.12,19564.3908,364199.9088,364199.9088
603528.SH,20251014,8.63,1.1281,2.7253,1.05,963.5405,,3.1809,11.6565,14.8568,0.0,0.5753,70593.0131,70593.0131,29221.7831,609217.7031,609217.7031
603529.SH,20251014,33.49,0.9196,3.0602,1.24,14.6406,12.9358,3.3297,1.347,1.2104,2.5622,3.6264,86904.7956,84756.0432,25469.4732,2910441.6046,2838479.8868
603530.SH,20251014,41.51,4.5914,22.8848,2.61,57.6682,54.3139,10.2495,13.3239,11.963,0.6207,1.102,43168.4575,42746.4774,8576.2672,1791922.6708,1774406.2769
603533.SH,20251014,18.55,1.7496,3.3778,1.05,165.1706,,3.438,3.1516,2.9312,0.1617,0.5391,43889.6835,43889.6835,22733.617,814153.6289,814153.6289
603535.SH,20251014,10.88,1.2461,3.7627,0.76,27.1613,27.1164,2.136,4.1303,4.0527,0.4196,0.5589,51091.8139,51091.8139,16920.5992,555878.9352,555878.9352
603536.SH,20251014,10.67,5.8154,13.47,1.31,,,6.1887,1.356,1.4777,0.1874,,24464.23,24053.226,10384.4753,261033.3341,256647.9214
603538.SH,20251014,21.67,3.7425,5.094,1.14,71.5617,49.3276,2.1769,3.4824,3.3147,0.0915,0.2299,22061.8314,21618.2934,15882.702,478079.8864,468468.418
603551.SH,20251014,11.7,0.5674,1.9574,0.74,15.3518,14.8682,3.4753,2.4464,2.5034,9.2943,4.5649,39015.865,38490.865,11157.9088,456485.6205,450343.1205
603556.SH,20251014,29.54,1.7513,5.3661,0.87,14.335,16.6097,2.0263,3.0452,3.2748,3.7238,2.3514,48626.417,48626.417,15870.0858,1436424.3582,1436424.3582
603557.SH,20251014,2.31,1.5239,2.2661,0.49,,,11.7072,4.4006,5.0717,0.0,,62343.6888,62343.6888,41926.6552,144013.9211,144013.9211
603558.SH,20251014,10.1,1.5426,3.1641,0.93,10.6505,11.4987,1.5472,1.3446,1.3435,4.7266,5.5713,34263.8049,34263.8049,16705.4274,346064.4295,346064.4295
603559.SH,20251014,8.11,0.3382,0.4807,1.21,,,3.3435,9.1561,7.8539,0.0,,40127.6979,40127.6979,28231.9697,325435.63,325435.63
603565.SH,20251014,10.9,0.9911,2.6097,1.51,12.4718,10.646,2.3968,2.0332,2.1084,6.6055,11.1927,210006.3103,210006.3103,79758.4516,2289068.7823,2289068.7823
603566.SH,20251014,14.09,1.3326,1.9478,1.05,52.5396,36.1074,1.8714,4.677,4.3581,2.827,2.8049,34606.2273,34606.2273,23676.3105,487601.7427,487601.7427
603567.SH,20251014,11.9,1.4124,7.4871,1.15,25.5533,,1.4772,4.1413,6.3742,1.6819,1.2603,94099.6515,93954.0524,17723.3485,1119785.8529,1118053.2236
603568.SH,20251014,21.59,0.7037,2.227,1.15,13.6106,13.6013,2.6638,5.1319,5.2865,1.1508,2.2095,170455.8119,170147.4119,53767.2694,3680140.9789,3673482.6229
603569.SH,20251014,8.75,0.9551,3.3005,1.05,66.3691,142.0747,1.7779,1.2649,1.129,0.7999,0.5714,60350.7251,60350.7251,17464.8246,528068.8446,528068.8446
603577.SH,20251014,9.45,1.4621,3.6739,1.08,20.7166,19.879,1.6695,0.6939,0.7023,0.5291,0.9185,33913.91,33913.91,13496.9567,320486.4495,320486.4495
603578.SH,20251014,12.56,0.8882,2.047,0.75,,,2.2971,2.2307,1.777,1.035,,18035.7032,18035.7032,7825.5032,226528.4322,226528.4322
603579.SH,20251014,31.06,2.8151,5.4889,0.94,32.9063,38.0619,2.4213,3.9554,3.9922,2.9638,1.8018,20335.5564,20335.5564,10429.5044,631622.3818,631622.3818
603580.SH,20251014,14.45,0.8521,2.6119,1.06,,,4.5298,11.2708,10.3319,0.5675,0.5675,13067.32,13067.32,4263.22,188822.774,188822.774
603583.SH,20251014,38.01,3.1128,6.5166,1.05,51.5263,39.9296,3.2009,3.9784,3.5589,0.45,0.7918,38224.6955,38224.6955,18258.6222,1452920.676,1452920.676
603585.SH,20251014,18.17,0.9854,3.1738,1.0,,54.3772,1.3687,1.4707,1.3214,0.265,,18688.6962,18273.1962,5673.1962,339573.61,332023.975
603586.SH,20251014,18.94,1.5646,3.8795,0.8,40.2868,22.2556,1.6197,2.1349,1.9259,2.3759,2.1119,19605.278,19605.278,7906.7263,371323.9653,371323.9653
603587.SH,20251014,12.3,0.4267,1.9125,1.18,19.2132,23.22,1.6486,2.6281,2.7044,6.5302,4.0176,47409.2787,47409.2787,10577.9687,583134.128,583134.128
603588.SH,20251014,8.35,5.3465,6.5969,1.0,26.398,22.3736,1.3456,0.8772,0.9315,5.1606,0.8383,152323.4457,152323.4457,123451.9722,1271900.7716,1271900.7716
603589.SH,20251014,33.48,1.2152,1.9904,1.85,12.0977,14.086,1.9296,3.3293,3.7226,4.4899,3.8859,59811.9472,59811.9472,36515.1278,2002503.9923,2002503.9923
603590.SH,20251014,46.4,2.9239,5.6042,1.81,175.1472,136.7766,2.3709,8.9583,8.3906,0.645,1.292,15935.6477,15822.3477,8255.0117,739414.0533,734156.9333
603595.SH,20251014,22.42,2.9979,5.8672,0.58,452.4562,141.3794,3.4302,2.631,2.6225,0.0,0.0669,23244.2326,23244.2326,11876.7724,521135.6949,521135.6949
603596.SH,20251014,46.76,2.8381,4.5502,1.16,23.4607,22.2655,4.0796,2.8541,2.5482,0.5194,0.7463,60651.082,60651.082,37830.0325,2836044.5943,2836044.5943
603598.SH,20251014,15.91,1.3976,2.79,0.79,,,20.3009,0.6813,0.5438,0.0,,26929.1027,26899.1027,13474.4727,428442.024,427964.724
603599.SH,20251014,11.87,1.1571,1.9825,1.05,13.8749,15.0667,1.1016,2.3273,2.545,5.0548,2.2746,91026.9345,91026.9345,53130.3942,1080489.7125,1080489.7125
603600.SH,20251014,11.16,1.8661,3.8655,1.3,12.4496,12.194,1.6458,0.7765,0.7548,5.0298,4.1282,33043.317,30003.8034,14484.9563,368763.4177,334842.4459
603601.SH,20251014,5.0,2.5931,4.4882,0.81,56.7549,68.7803,2.3719,3.4903,3.7231,1.7852,0.7934,103013.2818,103013.2818,59517.5578,515066.409,515066.409
603602.SH,20251014,14.94,4.3936,6.3434,1.3,181.6573,151.9417,3.2822,2.0581,2.2036,0.3481,0.3246,22933.8294,22933.8294,15884.3163,342631.4112,342631.4112
603605.SH,20251014,79.0,1.3397,2.6575,1.1,20.1575,18.9736,5.524,2.9025,2.8086,1.1477,1.4988,39600.5292,39597.5948,19961.1653,3128441.8068,3128209.9892
603606.SH,20251014,68.2,1.5804,2.5653,0.87,46.5227,56.0351,6.5726,5.1583,4.9597,0.6591,0.6577,68771.5368,68771.5368,42369.4729,4690218.8098,4690218.8098
603607.SH,20251014,23.7,2.1502,4.231,0.93,39.941,37.6781,4.2965,4.6686,4.3143,2.1097,2.9536,17851.68,17851.68,9072.0252,423084.816,423084.816
603608.SH,20251014,7.29,1.1605,1.8436,0.53,,,2.869,2.785,2.9378,0.0,,41971.6014,41971.6014,26419.886,305972.9742,305972.9742
603609.SH,20251014,7.99,0.6504,1.4365,1.04,21.289,11.9602,1.1064,0.224,0.2084,0.0,0.6887,91249.1034,91249.1034,41314.1527,729080.3362,729080.3362
603610.SH,20251014,18.52,6.4744,15.7856,0.94,41.8956,37.0156,2.096,2.21,2.2092,5.3996,0.54,35299.1621,35299.1621,14477.7225,653740.4821,653740.4821
603611.SH,20251014,23.44,2.2206,3.519,1.11,13.0722,12.9187,2.0141,0.8652,0.8983,2.6536,3.8268,25760.0791,25760.0791,16254.8448,603816.2541,603816.2541
603612.SH,20251014,24.25,4.1918,6.2681,0.93,44.3409,15.8071,2.2052,0.8785,0.7752,0.0,0.8613,49810.4459,49810.4459,33310.6525,1207903.3131,1207903.3131
603613.SH,20251014,29.2,2.2158,3.3874,0.96,14.4616,14.7963,2.4882,0.3926,0.4053,0.7276,0.2255,72053.7813,72053.7813,47131.2696,2103970.414,2103970.414
603615.SH,20251014,23.93,1.5507,3.7552,0.89,,,5.0993,10.3326,8.6388,0.2089,,24182.0,24182.0,9986.026,578675.26,578675.26
603616.SH,20251014,5.28,4.0185,6.2371,1.13,,,8.6677,2.6264,2.1883,0.0,,39131.8,38429.3,24759.58,206615.904,202906.704
603617.SH,20251014,7.67,3.3143,5.8025,1.16,37.6965,41.6408,1.9955,2.6956,2.624,0.5203,1.043,39047.1337,38364.1337,21913.2122,299491.5155,294252.9055
603618.SH,20251014,9.06,15.2652,32.5265,1.0,45.4314,59.4772,2.1364,0.7077,0.6593,0.6623,0.6623,69137.5616,69137.5616,32447.3616,626386.3081,626386.3081
603619.SH,20251014,20.19,5.7747,7.7583,1.85,12.8608,15.6018,2.2288,2.2576,2.2236,4.7302,1.473,46233.8461,46233.8461,34412.7724,933461.3528,933461.3528
603626.SH,20251014,12.64,8.5051,12.0786,0.66,,,3.2704,2.0737,2.1759,1.022,,55487.969,55487.969,39071.3729,701367.9282,701367.9282
603628.SH,20251014,13.42,4.0662,8.3098,1.67,40.6551,29.6766,2.7668,1.9101,1.6285,0.9262,0.4927,27314.736,27216.84,13317.8273,366563.7571,365249.9928
603629.SH,20251014,24.08,5.4902,10.6943,1.38,254.266,185.4528,3.6772,2.7848,2.1768,0.3703,0.5372,25993.0,25641.2,13163.602,625911.44,617440.096
603630.SH,20251014,24.65,4.0073,9.721,1.98,134.1973,526.2766,2.9123,6.2464,6.3777,1.1238,0.5619,22520.458,22520.458,9283.5449,555129.2897,555129.2897
603633.SH,20251014,10.6,3.5097,5.4878,0.79,61.5574,84.1329,2.3096,3.0869,2.9356,0.4811,0.2525,42681.0818,42681.0818,27296.7896,452419.4671,452419.4671
603636.SH,20251014,11.6,1.681,2.7654,1.16,,,2.9423,9.1379,8.1708,0.4224,,58036.0523,58036.0523,35278.6299,673218.2067,673218.2067
603637.SH,20251014,11.69,2.1145,2.6839,0.62,28.6953,32.487,2.7748,5.3913,5.7177,1.1121,1.7109,23868.5877,23868.5877,18804.6041,279023.7902,279023.7902
603638.SH,20251014,18.05,0.7603,2.553,1.22,43.5909,42.3004,4.3945,5.5053,5.16,1.1098,0.7202,83108.8544,83108.8544,24749.8171,1500114.8219,1500114.8219
603639.SH,20251014,14.58,0.6419,1.8683,0.67,27.3218,22.4511,1.4351,1.2682,1.2056,3.4306,3.4296,33987.8336,33987.8336,11678.3895,495542.6139,495542.6139
603648.SH,20251014,10.85,0.8115,1.6068,1.05,30.04,32.9889,2.1757,2.5879,2.7496,3.2258,2.765,36241.28,36241.28,18301.9174,393217.888,393217.888
603650.SH,20251014,44.57,5.5385,14.864,1.14,51.658,48.1376,8.2013,8.1631,7.9722,1.8783,1.6745,59895.5455,59728.7537,22255.4837,2669544.4629,2662110.5524
603655.SH,20251014,35.39,2.3334,7.2111,0.74,134.3473,106.671,6.9257,16.2136,15.0065,0.336,0.5321,10600.0,10600.0,3430.0,375134.0,375134.0
603656.SH,20251014,21.87,2.5567,4.4974,0.66,186.7951,157.3518,3.088,7.1131,6.8166,0.2222,0.2245,18337.5358,18337.5358,10424.7764,401041.9079,401041.9079
603657.SH,20251014,36.46,2.4473,7.1701,0.86,344.3369,278.8345,5.1934,2.3223,1.9897,0.2773,0.0955,13519.005,13519.005,4614.321,492902.9223,492902.9223
603658.SH,20251014,38.35,0.5206,1.7992,1.11,18.3466,19.1233,2.5909,4.9012,5.0675,2.7781,3.2855,57142.4768,57142.4768,16534.6579,2191413.9853,2191413.9853
603659.SH,20251014,26.3,2.8579,6.117,0.68,47.1917,40.4769,2.9458,4.178,3.9555,0.5303,0.6367,213639.9076,213639.9076,99812.9224,5618729.5699,5618729.5699
603660.SH,20251014,8.01,4.4723,5.8507,1.0,,,4.6903,3.3423,3.2084,0.0,,55529.2808,55099.9458,42118.783,444789.5392,441350.5659
603661.SH,20251014,31.97,0.926,3.2513,1.1,16.901,19.8075,1.2009,0.4031,0.3842,0.0,3.9725,13906.7031,13906.7031,3960.9165,444597.2981,444597.2981
603662.SH,20251014,67.06,3.4385,7.4023,1.09,72.2912,59.5003,6.8205,14.541,13.2155,0.498,0.4158,28082.9868,28082.9868,13044.8776,1883245.0948,1883245.0948
603663.SH,20251014,27.03,2.4501,5.7574,0.77,151.017,197.587,8.6055,10.8566,11.336,0.2776,0.2775,42329.975,42281.975,17993.4197,1144179.2243,1142881.7843
603665.SH,20251014,25.74,1.4465,3.1535,0.7,,,5.8739,2.728,2.6838,0.0,,16111.1057,16016.7707,7347.1441,414699.8607,412271.6778
603666.SH,20251014,30.9,3.6403,6.3031,1.07,,,3.04,10.8532,8.9311,0.0,,20553.042,20553.042,11870.132,635088.9978,635088.9978
603667.SH,20251014,41.41,4.8139,7.9021,0.81,165.9673,165.5422,5.1204,4.6452,4.4511,0.4375,0.2899,36620.277,36620.277,22308.9447,1516445.6706,1516445.6706
603668.SH,20251014,15.68,4.4372,6.9188,0.86,303.1608,261.4975,3.416,1.3481,1.3564,0.2546,0.2546,50332.1518,50332.1518,32279.3637,789208.1402,789208.1402
603669.SH,20251014,5.27,1.5566,3.5774,1.26,,,5.6428,10.0083,9.2727,0.0,,72124.5983,72124.5983,31383.7152,380096.633,380096.633
603676.SH,20251014,11.63,0.414,1.7439,0.78,20.5587,19.0621,3.3963,3.8923,4.0385,3.8435,2.9306,43516.15,43516.15,10330.078,506092.8245,506092.8245
603677.SH,20251014,18.79,0.8936,3.4072,0.81,53.6576,54.5437,3.1442,1.8057,1.7324,1.0619,1.3305,19260.0865,19260.0865,5051.4865,361897.0253,361897.0253
603678.SH,20251014,37.93,2.2966,3.8481,1.03,92.7326,61.8811,2.9805,6.4388,5.7323,0.5555,0.5775,47556.6631,47556.6631,28382.1536,1803824.2314,1803824.2314
603679.SH,20251014,15.99,2.3515,3.7062,0.61,,,3.3631,7.1756,7.1923,1.1148,,16479.2211,16479.2211,10455.9125,263502.7454,263502.7454
603680.SH,20251014,12.73,0.5517,4.0646,1.04,33.0283,19.1074,1.7863,2.2174,1.9758,0.9427,1.1783,78371.8767,78371.8767,10638.1717,997673.9904,997673.9904
603681.SH,20251014,16.54,2.61,4.5526,0.92,19.3605,29.1339,1.2532,0.5095,0.482,0.8723,0.8787,19113.1093,19113.1093,10957.7122,316130.8278,316130.8278
603682.SH,20251014,5.78,1.7567,4.1827,1.12,185.1161,40.7707,2.9071,2.7095,2.7835,3.8062,5.7093,47250.0,47250.0,19845.0,273105.0,273105.0
603683.SH,20251014,31.38,2.3594,3.8969,0.9,135.5693,141.85,5.7826,4.8211,4.601,0.0735,0.285,28960.2661,25879.1289,15668.7449,908773.1502,812087.0649
603685.SH,20251014,17.1,2.6085,6.925,1.46,273.5921,232.9248,2.4442,2.3963,2.4862,0.9138,0.0446,17738.6277,17738.6277,6681.8023,303330.5337,303330.5337
603686.SH,20251014,24.47,18.0546,22.1481,1.12,69.8936,70.3189,3.0142,2.017,2.0324,1.0217,0.6457,41543.0404,41543.0404,33864.8504,1016558.1986,1016558.1986
603687.SH,20251014,9.31,3.6955,7.3258,0.6,48.1924,43.7519,1.5869,2.4026,2.3512,0.5188,0.6225,55003.1864,55003.1864,27745.9753,512079.6654,512079.6654
603688.SH,20251014,42.33,4.3676,9.1722,1.1,68.7386,124.9261,3.9734,18.9454,23.2005,8.9692,0.4465,54167.8289,54167.8289,25793.726,2292924.1973,2292924.1973
603689.SH,20251014,8.81,1.5522,4.883,1.56,12.9831,13.1784,1.3189,0.7448,0.7781,3.8743,3.9728,49019.3218,48530.0208,15427.24,431860.2251,427549.4832
603690.SH,20251014,40.43,31.3976,43.2891,2.68,657.3053,,3.1056,4.3029,4.2094,0.4783,0.1226,38364.465,38296.425,27776.3526,1551075.32,1548324.4628
603693.SH,20251014,13.18,0.7579,4.7576,1.24,28.1845,28.9186,1.7153,5.5975,5.5842,1.1381,1.1381,89147.588,89147.588,14200.6602,1174965.2098,1174965.2098
603696.SH,20251014,11.99,3.1374,8.4099,1.0,73.5661,64.9342,4.9399,4.6497,4.4706,0.6255,0.7506,23520.0,23520.0,8774.3565,282004.8,282004.8
603697.SH,20251014,12.0,1.4068,4.2969,0.86,32.6218,27.0598,3.0286,4.3409,3.6048,4.25,4.5,42769.2098,42769.2098,14002.3889,513230.5176,513230.5176
603698.SH,20251014,21.48,1.9519,6.2153,0.76,60.8492,58.9547,3.3733,3.3765,2.6816,0.4888,0.7588,53599.0,53599.0,16832.5727,1151306.52,1151306.52
603699.SH,20251014,42.54,0.7197,2.0814,0.66,28.5493,25.2969,7.7995,5.2889,4.8487,2.0749,3.5322,77552.6127,75468.9893,26093.9625,3299088.1443,3210450.8048
603700.SH,20251014,11.78,1.5596,2.2586,0.96,45.3287,31.3786,1.4783,1.5835,1.516,2.4979,1.6826,20169.9184,20169.9184,13927.7055,237601.6388,237601.6388
603701.SH,20251014,20.29,1.7468,3.4361,1.34,114.9556,131.0621,6.6169,7.5004,6.6275,0.1232,0.1971,26136.1901,26136.1901,13287.0002,530303.2971,530303.2971
603703.SH,20251014,11.3,3.8694,5.8753,0.81,,,5.6793,5.6842,5.3029,0.1042,,41498.212,41498.212,27330.3699,468929.7956,468929.7956
603706.SH,20251014,22.8,3.6165,11.6041,2.45,21.8663,20.9479,2.6267,2.991,2.9049,3.9474,3.9474,18938.2714,18938.2714,5902.231,431792.5879,431792.5879
603707.SH,20251014,10.28,0.6725,2.1224,0.9,20.1039,23.4787,2.5332,4.233,4.4163,0.9728,0.9728,161563.4969,161563.4969,51190.178,1660872.7481,1660872.7481
603708.SH,20251014,10.45,0.6427,2.171,1.01,50.5541,45.9349,2.8439,0.3654,0.3726,2.836,1.7802,63833.8675,63833.8675,18898.2586,667063.9154,667063.9154
603709.SH,20251014,14.76,2.4154,8.1917,0.92,,,3.5614,1.1628,1.1551,0.9363,,12617.15,12510.927,3688.971,186229.134,184661.2825
603711.SH,20251014,13.03,0.4822,2.6064,1.24,21.2477,29.0324,1.633,1.6365,1.7115,2.6723,1.9186,41287.41,41287.41,7638.6389,537974.9523,537974.9523
603712.SH,20251014,21.61,1.6455,3.1833,0.94,,,3.9116,7.7458,10.5378,0.2776,,77200.0,77200.0,39906.17,1668292.0,1668292.0
603713.SH,20251014,60.44,0.8313,1.5696,0.79,16.9099,15.7713,2.1296,0.7887,0.7262,0.8978,1.175,15812.7173,15812.7173,8375.2046,955720.6336,955720.6336
603716.SH,20251014,25.03,8.323,10.4875,1.0,,,5.0874,2.9053,3.7085,0.0,,21016.9895,21016.9895,16679.2748,526055.2472,526055.2472
603717.SH,20251014,8.78,4.9527,7.2374,1.12,,,4.8106,3.1784,3.2229,0.0,,29014.624,29014.624,19855.5611,254748.3987,254748.3987
603718.SH,20251014,6.89,0.825,1.3324,1.05,26.3904,25.9195,2.9522,16.6673,16.5344,0.418,1.1379,65566.22,64897.97,40184.3012,451751.2558,447147.0133
603719.SH,20251014,12.9,1.2645,2.8989,1.23,,,2.5237,0.7226,0.8478,3.6744,3.8605,40100.0,40100.0,17491.666,517290.0,517290.0
603721.SH,20251014,20.28,0.9271,1.8683,0.77,,,5.7747,8.7838,8.5199,0.0,,13000.0,13000.0,6450.5215,263640.0,263640.0
603722.SH,20251014,42.7,1.8324,3.1509,0.84,,,4.3421,8.9494,9.5248,0.4215,0.2294,9772.0121,9570.0121,5565.3821,417264.9167,408639.5167
603725.SH,20251014,9.97,3.0313,5.0306,1.55,30.0919,27.6683,3.8376,0.9804,0.9633,1.2096,0.991,30485.768,28665.768,17273.2703,303943.107,285797.707
603726.SH,20251014,25.85,8.3947,18.7177,0.78,27.8736,28.755,3.6661,2.5334,2.4434,1.5319,1.5456,18565.12,18470.62,8283.8824,479908.352,477465.527
603727.SH,20251014,13.71,0.9099,1.6985,0.84,38.4142,77.7344,1.2201,1.4629,1.4727,1.0796,1.7953,28171.9277,28171.9277,15091.6977,386237.1288,386237.1288
603728.SH,20251014,68.12,3.8541,10.2373,0.85,366.2609,440.1204,9.6829,11.8109,11.5733,0.0589,0.0352,41888.25,41888.25,15769.8375,2853427.59,2853427.59
603729.SH,20251014,16.67,2.1666,3.0875,0.98,186.7054,891.263,4.3717,4.601,4.0134,0.0,0.0592,9333.8,9333.8,6549.77,155594.446,155594.446
603730.SH,20251014,6.71,2.1056,10.1625,0.82,17.9723,23.1278,3.3014,2.2607,2.3005,3.5274,4.0124,214858.4197,214858.4197,44516.3297,1441699.9962,1441699.9962
603733.SH,20251014,22.52,0.4758,2.6092,1.07,15.8771,17.177,1.9987,1.5514,1.3668,1.5503,2.2148,70772.4036,70772.4036,12905.5228,1593794.5291,1593794.5291
603737.SH,20251014,48.9,0.8129,2.4644,1.55,108.6925,64.6854,12.2652,2.9805,2.9668,0.2337,0.4674,73781.7473,73781.7473,24336.3845,3607927.443,3607927.443
603738.SH,20251014,14.8,3.019,4.187,1.2,65.7903,110.3113,3.3019,7.0179,6.4973,0.5332,0.5338,38932.2772,38932.2772,28071.6186,576197.7026,576197.7026
603739.SH,20251014,13.54,1.216,2.9283,1.13,54.6959,57.0985,1.9701,2.594,2.5123,0.7386,0.7386,25302.8866,25302.8866,10507.0426,342601.0846,342601.0846
603755.SH,20251014,30.47,1.5073,4.143,0.64,47.054,42.7045,4.1768,7.424,7.1385,0.0,1.4556,9861.3681,9861.3681,3587.7524,300475.886,300475.886
603757.SH,20251014,43.88,3.9382,9.0587,0.88,32.0637,37.879,3.8795,4.2889,4.0301,3.0254,1.4088,18654.7259,18654.7259,8109.9259,818569.3725,818569.3725
603758.SH,20251014,15.81,2.9645,8.4116,0.98,40.1324,36.2455,2.7883,4.3361,4.6329,3.1176,1.8492,43879.7049,43879.7049,15464.398,693738.1345,693738.1345
603759.SH,20251014,8.3,2.0024,5.0284,1.67,12.5732,14.5803,1.3662,2.5238,2.1346,3.253,,46176.0,46176.0,18387.908,383260.8,383260.8
603766.SH,20251014,13.55,3.709,6.1891,2.09,24.816,17.3247,2.949,1.6541,1.4716,0.738,2.952,205354.185,205354.185,123065.998,2782549.2068,2782549.2068
603767.SH,20251014,27.91,3.6258,10.6857,0.98,259.0847,1533.4828,6.2571,9.4901,10.0252,0.7166,0.7166,30863.15,30863.15,10472.15,861390.5165,861390.5165
603768.SH,20251014,11.98,0.928,2.1216,0.76,41.8243,289.2364,1.1891,0.8362,0.8257,0.9182,1.4022,23795.5857,23795.5857,10408.0857,285071.1167,285071.1167
603773.SH,20251014,30.98,3.5197,5.6946,0.65,,,5.926,3.1329,2.9372,0.1478,0.1593,22458.4833,22448.8633,13874.8835,695763.8126,695465.785
603776.SH,20251014,20.32,1.5504,2.4999,0.73,,,1.6553,12.4612,14.0667,1.2067,1.0476,28076.0572,28076.0572,17412.4911,570505.4823,570505.4823
603777.SH,20251014,12.77,1.1073,2.8245,0.72,,,2.5727,1.2671,1.214,0.4019,,33442.4166,33442.4166,13110.9183,427059.66,427059.66
603778.SH,20251014,3.58,4.1393,5.6919,1.38,,,3.0186,1.1227,1.1434,0.0,,65664.212,64285.7142,46750.0835,235077.879,230142.8568
603779.SH,20251014,6.95,1.3644,2.0448,0.97,224.9142,,4.1385,5.1849,5.6098,0.0,0.1295,33208.2754,33208.2754,22158.256,230797.514,230797.514
603786.SH,20251014,87.55,2.1576,10.721,1.11,45.7842,41.5211,6.4673,5.9246,5.637,0.6854,0.7424,40385.67,40385.67,8127.6904,3535765.4085,3535765.4085
603787.SH,20251014,12.09,1.1441,3.2466,0.93,108.5847,76.2768,1.8102,0.7925,0.6982,1.6543,1.6543,23014.379,23014.379,8110.459,278243.8421,278243.8421
603788.SH,20251014,17.26,1.8553,3.8024,0.65,20.2011,19.0917,1.9113,2.6359,2.5367,3.4762,4.0556,22306.5068,22306.5068,10884.0468,385010.3074,385010.3074
603789.SH,20251014,5.61,1.0193,2.0543,0.55,,,7.7878,5.632,4.6337,0.0,,27045.14,26000.0,12900.4318,151723.2354,145860.0
603790.SH,20251014,21.49,1.8779,4.8216,0.61,72.2213,70.067,3.3301,4.7971,4.7821,0.4653,0.5584,19136.0,19136.0,7453.054,411232.64,411232.64
603797.SH,20251014,4.59,1.8786,4.4282,1.79,14.7419,17.083,0.8249,2.547,2.603,0.0,1.9608,57660.519,57660.519,24461.8379,264661.7822,264661.7822
603798.SH,20251014,15.41,2.8334,6.0256,1.05,72.3251,63.3181,3.4024,3.7044,3.8115,0.3834,0.7029,25644.965,25644.965,12058.836,395188.9107,395188.9107
603799.SH,20251014,65.17,8.3382,10.4993,1.07,29.7908,23.8258,2.7878,2.0309,1.8178,1.3535,0.6782,189927.2277,188407.8917,149627.412,12377557.4292,12278542.3021
603800.SH,20251014,49.67,3.2021,6.0411,0.96,88.3097,481.5203,13.5346,7.5214,9.5898,0.2956,0.1952,20800.0,20800.0,11025.0,1033136.0,1033136.0
603801.SH,20251014,9.41,1.2628,2.3488,1.14,10.6047,10.9082,1.2529,0.7774,0.8265,7.4765,6.4078,43435.0966,43435.0966,23352.0119,408724.259,408724.259
603803.SH,20251014,8.26,2.2585,4.0069,1.05,,,2.2271,2.5389,2.9416,0.0,,42488.3557,42488.3557,23949.2352,350953.8181,350953.8181
603806.SH,20251014,15.75,1.4994,3.9386,1.7,31.4232,46.9648,2.6141,2.1459,2.5142,1.1779,1.6491,260873.9124,260873.9124,99312.2838,4108764.1203,4108764.1203
603808.SH,20251014,8.03,1.2711,2.8685,1.09,,,1.1573,0.9763,1.0015,2.9454,0.6136,36909.2878,36909.2878,16355.0864,296381.581,296381.581
603809.SH,20251014,14.18,5.3033,7.79,0.75,40.5474,37.9759,3.6423,5.53,5.2687,0.6023,0.9827,92028.8807,92028.8807,62651.0614,1304969.5283,1304969.5283
603810.SH,20251014,15.83,4.2939,7.8071,0.66,,185.9052,1.7197,2.5072,2.2927,0.0,,16530.7886,16530.7886,9091.915,261682.3835,261682.3835
603811.SH,20251014,12.36,1.6354,2.2377,0.74,20.1568,17.0941,3.1508,5.663,5.2183,1.6181,1.9632,32730.432,32730.432,23921.0468,404548.1395,404548.1395
603813.SH,20251014,24.59,1.1133,3.1759,1.02,,,4.6218,8.6643,7.6778,1.0091,,10501.5,10501.5,3681.2,258231.885,258231.885
603815.SH,20251014,13.55,4.5122,9.0665,1.28,64.3912,50.1937,3.5055,2.0096,1.9344,0.6273,0.4746,61892.4235,61892.4235,30802.7345,838642.3384,838642.3384
603816.SH,20251014,30.04,0.5834,1.0752,0.87,17.4202,16.0134,2.5215,1.3353,1.2738,4.5742,4.5957,82145.1519,81216.6231,44067.9287,2467640.3631,2439747.3579
603817.SH,20251014,6.45,1.7262,3.344,1.05,19.1762,18.666,1.1737,3.0242,2.8768,1.4532,1.0726,57008.4039,57008.4039,29428.1768,367704.2052,367704.2052
603818.SH,20251014,3.84,2.2353,3.8564,1.16,,,1.1926,0.7422,0.7575,0.5226,0.5226,68654.3855,68654.3855,39795.3283,263632.8403,263632.8403
603819.SH,20251014,11.33,1.7246,3.4388,0.93,,85.4029,3.1091,1.926,1.7641,2.6478,0.1765,21773.0187,21773.0187,10919.2313,246688.3019,246688.3019
603822.SH,20251014,82.25,2.5309,4.1379,0.83,,,15.974,4.9616,3.486,0.0,,7682.5886,7682.5886,4699.0388,631892.9124,631892.9124
603823.SH,20251014,16.16,3.1407,9.9641,0.79,38.2174,38.3631,2.8106,2.7996,2.9156,0.9188,0.9282,41636.7704,41103.1504,12955.6097,672850.2097,664226.9105
603825.SH,20251014,9.07,2.2019,3.4445,1.38,,,10.3589,1.1314,1.8646,0.0,,25333.6552,25333.6552,16194.9392,229776.2527,229776.2527
603826.SH,20251014,18.83,0.485,1.7932,1.12,351.0634,305.3042,6.4421,12.7204,12.2105,0.3793,,65520.0,65520.0,17719.4854,1233741.6,1233741.6
603828.SH,20251014,5.12,0.761,1.5293,0.53,355.5038,658.2989,4.051,1.2405,1.3819,0.0,,59596.0158,59593.9625,29654.2988,305131.6009,305121.088
603829.SH,20251014,20.0,4.7684,18.8541,1.64,25.3702,25.7821,2.9545,1.5019,1.4607,0.4998,0.6248,16005.2741,16005.2741,4047.9041,320105.482,320105.482
603833.SH,20251014,53.79,0.738,2.8747,1.47,12.6067,12.4698,1.8064,1.7314,1.7633,5.1024,4.5846,60915.272,60915.272,15637.4366,3276632.4809,3276632.4809
603836.SH,20251014,13.9,1.742,4.1703,1.58,34.5889,97.8856,1.5913,0.2787,0.2868,1.4156,1.0617,20523.5237,20523.5237,8572.8973,285276.9794,285276.9794
603838.SH,20251014,7.8,0.3635,1.0003,0.38,,,2.6121,8.7517,6.9304,0.0,,32001.6,32001.6,11627.0468,249612.48,249612.48
603839.SH,20251014,9.29,5.7744,21.4941,1.3,,,1.9581,1.7765,1.6727,1.2386,1.0657,38903.45,38903.45,10451.4982,361413.0505,361413.0505
603848.SH,20251014,22.13,2.6042,22.6114,1.2,35.8382,46.5979,3.6389,5.7197,5.8538,1.3615,0.9038,40240.6511,40240.6511,4634.6511,890525.6088,890525.6088
603855.SH,20251014,19.89,1.2454,2.1746,1.08,14.5226,14.5955,3.3751,1.6934,1.5978,5.0281,5.0277,33752.9,33355.4,19103.26,671345.181,663438.906
603856.SH,20251014,11.74,0.9503,2.3296,1.08,19.5661,27.4525,1.2585,1.3301,1.6788,1.4635,1.8484,28205.606,28205.606,11505.4157,331133.8144,331133.8144
603858.SH,20251014,17.84,0.4917,1.1262,0.92,,,1.9757,1.7094,1.6741,0.7208,2.1861,105456.8442,105456.8442,46046.0427,1881350.1005,1881350.1005
603859.SH,20251014,44.83,7.6589,10.4562,0.77,57.2135,52.4374,3.6621,7.2656,7.1032,0.1505,0.0446,24469.7701,24469.7701,17923.4341,1096979.7936,1096979.7936
603860.SH,20251014,30.45,1.5397,2.864,0.92,45.5045,41.1305,2.5568,7.8104,7.5316,0.508,0.5494,6668.0,6668.0,3584.8,203040.6,203040.6
603861.SH,20251014,10.9,3.1043,6.8208,1.13,30.0133,28.7751,1.5438,1.1818,1.1545,0.6193,1.2476,54052.7955,52858.6478,24057.179,589175.471,576159.261
603863.SH,20251014,23.4,6.8045,9.7113,1.07,,,11.818,6.5891,8.0509,0.0,,20465.0,20465.0,14339.35,478881.0,478881.0
603866.SH,20251014,5.47,0.8494,2.276,0.98,16.7606,20.0714,1.7063,1.4375,1.5412,5.4845,2.3766,159971.9155,159971.9155,59701.1977,875046.3778,875046.3778
603867.SH,20251014,30.27,3.4348,4.6546,1.3,25.7316,25.6216,2.4254,1.9688,1.9695,1.4119,1.4673,19289.2203,19289.2203,14233.9212,583884.6985,583884.6985
603868.SH,20251014,36.2,0.1902,1.9004,0.84,34.4399,34.0261,5.0289,3.8022,3.9982,6.3536,1.3812,43560.0,43560.0,4360.0,1576872.0,1576872.0
603869.SH,20251014,8.82,0.2051,0.5627,0.63,210.124,272.9583,1.1898,6.5512,6.8084,0.0,0.143,49411.6588,49411.6588,18007.5769,435810.8306,435810.8306
603871.SH,20251014,14.1,0.8486,2.0935,0.62,15.1118,17.8955,3.3414,2.2035,2.3532,3.3185,3.5413,136800.8658,136800.8658,55453.267,1928892.2078,1928892.2078
603876.SH,20251014,11.03,3.5605,6.5131,0.73,34.0423,33.5653,1.421,0.4267,0.3965,1.9971,0.9076,92926.7213,92926.7213,50800.0114,1024981.7359,1024981.7359
603877.SH,20251014,14.2,0.291,0.9877,0.75,25.8817,40.5474,1.5463,0.9834,1.0205,4.2202,2.8169,47107.5448,46932.3273,13827.9566,668927.1362,666439.0477
603878.SH,20251014,11.46,15.3774,25.3249,1.45,51.1468,104.9208,2.4715,2.4249,2.8694,4.6247,0.7784,56107.1938,56107.1938,34068.6364,642988.4409,642988.4409
603879.SH,20251014,6.09,1.7661,2.7601,0.98,,,8.4519,5.909,6.0693,0.0,,35934.444,35934.444,22993.7696,218840.764,218840.764
603880.SH,20251014,6.15,2.1414,4.0593,0.97,,,6.6747,2.9498,2.9294,0.0,,28904.2,28904.2,15248.1585,177760.83,177760.83
603881.SH,20251014,33.04,5.4285,10.0239,0.76,179.5532,161.9393,7.2282,13.7954,13.5426,0.2177,0.169,71837.6999,71837.6999,38903.8034,2373517.6047,2373517.6047
603882.SH,20251014,28.43,1.2275,2.0584,1.3,,,1.9299,1.8319,2.0887,3.0953,3.0953,46325.8275,46013.4577,27439.3749,1317043.2758,1308162.6024
603883.SH,20251014,16.41,1.1821,2.1858,0.96,24.0301,30.1122,1.8694,0.5579,0.5621,5.1099,0.4875,76009.5613,75889.0236,41042.3726,1247316.9009,1245338.8773
603885.SH,20251014,13.16,0.4659,1.2176,0.7,31.4361,30.8913,3.1397,1.3008,1.2943,1.2142,0.7522,218400.5268,218400.5268,83560.8385,2874150.9327,2874150.9327
603886.SH,20251014,12.18,1.1796,2.3357,0.89,11.7513,13.472,2.0476,1.2634,1.3396,8.2102,8.2102,24000.0,24000.0,12120.9,292320.0,292320.0
603887.SH,20251014,15.93,2.1407,2.5245,0.82,,,2.6938,5.9843,4.102,0.0,,60894.4421,59527.9421,50476.418,970048.4627,948280.1177
603888.SH,20251014,19.31,1.0966,2.9028,0.95,55.6977,48.3173,3.6657,6.0832,6.0319,0.8405,0.5418,67473.8168,67473.8168,25490.2634,1302919.4024,1302919.4024
603889.SH,20251014,8.02,6.11,11.1752,0.85,13.675,13.5343,1.675,1.2099,1.2104,3.7425,3.7416,73029.7443,72065.8743,39401.8156,585698.5493,577968.3119
603890.SH,20251014,12.81,4.6728,6.9292,1.03,26.8781,20.4416,1.9756,1.4397,1.422,0.0,1.1354,44337.9969,44337.9969,29899.9089,567969.7403,567969.7403
603893.SH,20251014,195.25,2.6841,5.6279,0.86,138.1571,87.1303,20.6929,26.2037,20.8929,0.1018,0.4602,42091.905,42080.105,20069.1158,8218444.4513,8216140.5013
603895.SH,20251014,27.94,1.5137,4.6511,1.01,,,15.8333,6.4333,7.2032,0.0,,10808.0,10808.0,3517.4448,301975.52,301975.52
603896.SH,20251014,20.64,1.0065,1.7239,1.4,23.4197,29.3526,1.8251,5.9156,6.4056,1.8895,1.3081,19824.3911,19824.3911,11574.2878,409175.4323,409175.4323
603897.SH,20251014,26.02,1.9094,4.5837,0.85,22.7511,20.8288,2.3062,0.4137,0.4148,8.455,6.9178,20643.5681,20643.5681,8599.2381,537145.642,537145.642
603898.SH,20251014,10.03,1.0084,3.0622,1.14,38.7823,51.8051,1.0286,1.6353,1.7192,2.0933,0.7775,31134.5062,31134.5062,10253.1201,312279.0972,312279.0972
603899.SH,20251014,27.23,0.6395,1.7573,1.12,17.9662,18.9972,2.9406,1.0351,1.0455,2.9468,3.6518,92097.0377,92097.0377,33513.4319,2507802.3366,2507802.3366
603900.SH,20251014,10.48,6.4299,15.2611,1.72,,,1.8233,2.9409,2.4667,0.9547,,34302.384,34150.884,14388.6586,359488.9843,357901.2643
603901.SH,20251014,11.0,3.0625,6.2583,0.64,344.3139,186.9394,2.2459,1.504,1.4179,0.723,0.1355,48767.3944,48020.7994,23499.1494,536441.3384,528228.7934
603903.SH,20251014,14.65,15.6553,28.4485,3.08,,,2.4514,3.5355,3.689,1.3106,,25531.948,25531.948,14050.3004,374043.0382,374043.0382
603906.SH,20251014,16.28,6.0208,10.4076,0.65,,,3.5973,1.4535,1.4435,0.0,,68507.8903,56507.8903,32689.6851,1115308.4541,919948.4541
603908.SH,20251014,24.48,1.4363,3.6306,0.63,27.287,44.1003,4.17,1.7525,2.126,3.5014,2.6552,9336.6,9336.6,3693.6686,228559.968,228559.968
603909.SH,20251014,10.9,1.1334,1.9814,1.1,29.7189,26.6509,2.6045,0.4299,0.4147,0.7339,1.1009,26067.314,26067.314,14911.747,284133.7226,284133.7226
603912.SH,20251014,8.91,2.2173,4.003,0.91,134.6321,672.6594,2.716,5.9918,5.4621,0.8978,0.8978,54184.1189,54184.1189,30012.5996,482780.4994,482780.4994
603915.SH,20251014,16.13,2.7229,7.6251,1.08,36.084,41.6886,2.8849,4.0903,4.0564,1.9967,0.7467,65663.248,65663.248,23448.4204,1059148.1902,1059148.1902
603916.SH,20251014,10.72,1.9574,3.7639,1.23,47.662,43.1781,1.1025,1.2853,1.2468,1.4209,0.9467,42629.533,42032.533,21858.533,456988.5938,450588.7538
603917.SH,20251014,13.68,3.8071,5.6586,0.93,,,1.6755,4.7605,4.4365,1.462,1.0965,20384.0,20384.0,13714.1015,278853.12,278853.12
603918.SH,20251014,17.0,5.6419,7.5198,1.35,,,6.0962,8.8842,7.8526,0.2354,,36540.1826,36510.7526,27392.7921,621183.1042,620682.7942
603919.SH,20251014,20.36,1.7729,4.4591,1.79,26.6079,26.3832,3.0611,3.4184,3.4122,1.9091,2.4053,50725.9997,50725.9997,20168.4124,1032781.3539,1032781.3539
603920.SH,20251014,39.86,4.3524,7.9426,1.03,42.5684,37.9859,4.4565,5.7194,5.5182,1.1464,1.5052,72059.2317,72059.2317,39487.3003,2872280.9756,2872280.9756
603922.SH,20251014,21.91,2.6649,5.0191,0.92,,436.4527,3.8028,4.528,5.6952,0.0652,,17920.0,17920.0,9514.4823,392627.2,392627.2
603926.SH,20251014,16.84,1.8952,3.7465,0.92,38.3348,41.6896,2.3391,1.6468,1.6502,2.2067,1.5465,23471.6611,23083.8611,11677.4522,395262.7729,388732.2209
603927.SH,20251014,20.63,2.3275,3.5513,1.15,48.2792,62.7641,5.5725,2.5699,2.5568,1.9043,1.8905,83104.0,83104.0,54466.0238,1714435.52,1714435.52
603928.SH,20251014,16.35,4.1052,12.4275,1.2,105.7541,74.4459,2.8189,2.8874,2.8036,0.7857,0.9786,26208.0,26208.0,8657.452,428500.8,428500.8
603929.SH,20251014,39.35,1.7914,4.5632,0.99,13.2027,15.0059,5.2399,1.5604,1.9926,2.5413,5.0826,21336.0,21336.0,8376.0,839571.6,839571.6
603931.SH,20251014,28.9,2.6422,7.5003,0.67,39.4342,44.3702,3.6447,8.7909,9.211,0.917,0.7612,19955.838,19955.838,7029.9392,576723.7182,576723.7182
603933.SH,20251014,16.71,2.9309,7.2642,0.81,93.9121,168.229,2.6322,1.791,1.6722,0.7857,0.5386,20754.4575,20754.4575,8373.9839,346806.9848,346806.9848
603936.SH,20251014,11.88,6.4149,8.3076,0.98,,,1.7152,2.2929,2.1654,0.1684,,63039.8004,63039.8004,48677.1693,748912.8288,748912.8288
603937.SH,20251014,11.79,3.0778,8.333,0.48,,,1.6059,1.5596,1.406,0.8227,,20888.8976,20888.8976,7715.3578,246280.1027,246280.1027
603938.SH,20251014,14.54,1.2418,3.7119,1.07,87.2288,90.4666,2.2628,3.1436,2.9732,0.3576,0.1165,38262.4497,38262.4497,12801.0498,556336.0186,556336.0186
603939.SH,20251014,24.11,0.5345,1.114,0.9,19.1233,18.1459,2.7658,1.2148,1.2169,2.7655,2.9034,121241.7413,121219.5059,58155.7907,2923138.3827,2922602.2872
603948.SH,20251014,25.15,2.6273,9.6283,1.13,19.5478,20.6635,2.0016,1.7068,1.8097,3.9763,3.9761,16248.9167,16248.9167,4433.9197,408660.255,408660.255
603949.SH,20251014,19.58,1.6283,5.7826,0.59,68.4337,59.9774,3.9826,11.4851,10.9044,1.6854,0.5107,21113.668,21020.5274,5919.1198,413405.6194,411581.9265
603950.SH,20251014,37.76,2.4772,6.7418,1.23,53.129,40.9266,4.3942,6.3756,5.6154,0.0,0.5703,32413.08,32360.68,11890.7497,1223917.9008,1221939.2768
603955.SH,20251014,33.5,3.0608,5.083,2.24,156.0559,11335.4461,2.9521,39.6467,37.9831,0.0,0.1493,13572.0,13572.0,8172.5413,454662.0,454662.0
603956.SH,20251014,6.63,2.932,5.2206,0.83,,,1.9169,3.0472,3.3897,1.303,,56990.6286,56990.6286,32007.4222,377847.8676,377847.8676
603958.SH,20251014,15.92,1.5531,4.2554,0.93,,,4.9515,4.2535,3.1699,0.0,,21936.0,21936.0,8006.1196,349221.12,349221.12
603959.SH,20251014,6.87,10.7728,13.7481,1.1,,,38.501,2.7681,2.8774,0.0,,49029.8992,49029.8992,38419.3842,336835.4075,336835.4075
603960.SH,20251014,21.17,5.2367,8.4095,0.82,100.807,111.6091,5.0181,9.4756,9.6479,0.635,0.2698,26219.79,26219.79,16327.4491,555072.9543,555072.9543
603966.SH,20251014,11.7,5.8308,9.1036,1.89,27.9407,23.0372,2.3683,2.1909,1.8621,1.7755,1.9658,39870.0736,39772.2136,25474.135,466479.8611,465334.8991
603967.SH,20251014,11.71,1.544,4.5458,1.41,16.0645,15.5037,1.7701,0.3428,0.3835,4.2699,5.1238,34666.671,34666.671,11774.591,405946.7174,405946.7174
603968.SH,20251014,11.92,0.9613,1.8609,0.71,,,1.3283,0.8253,0.8533,2.3823,,20448.0,20448.0,10562.2894,243740.16,243740.16
603969.SH,20251014,10.72,2.5022,4.3311,0.96,38.8372,29.8472,3.5978,3.0097,2.8961,0.648,0.7463,85734.4,84290.3,48697.0962,919072.768,903592.016
603970.SH,20251014,13.62,0.833,2.0671,1.08,18.0013,19.529,2.3759,0.3455,0.3387,3.304,3.304,26880.0134,26880.0134,10832.6534,366105.7825,366105.7825
603976.SH,20251014,19.57,0.7855,2.729,1.08,55.5704,128.8938,2.5162,3.6936,4.4559,1.5329,1.257,15120.3652,15120.3652,4352.141,295905.547,295905.547
603977.SH,20251014,13.16,4.1788,8.1283,1.64,45.2323,49.3895,2.4955,3.4723,3.5755,1.1398,0.6839,62124.1828,62124.1828,31938.6996,817554.2456,817554.2456
603978.SH,20251014,22.83,5.1589,8.1415,0.95,,,3.0602,1.88,1.662,0.0,,21109.4299,21109.4299,13376.0405,481928.2846,481928.2846
603979.SH,20251014,65.42,1.8729,3.2005,0.98,25.7653,19.6006,4.1764,4.1044,3.4047,0.3028,0.6879,62378.0087,62378.0087,36503.2677,4080769.3292,4080769.3292
603980.SH,20251014,5.38,2.7671,4.3881,0.81,21.38,49.4089,0.9404,2.2225,2.3035,1.3045,1.3011,67683.336,67683.336,42680.8865,364136.3477,364136.3477
603982.SH,20251014,8.94,3.6762,6.1527,1.1,,,1.4137,1.3179,1.2157,0.0,,33955.3548,33955.3548,20288.248,303560.8719,303560.8719
603983.SH,20251014,37.6,0.3626,1.8885,0.65,44.1345,42.9767,4.48,5.077,4.452,2.0479,1.9947,40100.0,40100.0,7700.0,1507760.0,1507760.0
603985.SH,20251014,17.39,4.4576,7.8777,0.89,,,2.3987,4.4419,2.4279,0.0,,44085.8003,44085.8003,24946.0527,766652.0672,766652.0672
603986.SH,20251014,196.0,7.8236,8.5798,1.05,118.6226,112.6481,7.4433,17.7796,16.561,0.0,0.1725,66727.7972,66723.8757,60842.7244,13078648.2512,13077879.6372
603987.SH,20251014,9.0,1.1963,1.9798,0.81,18.2564,16.711,1.5119,1.7383,1.7368,1.7778,1.6667,43679.088,43679.088,26392.2655,393111.792,393111.792
603988.SH,20251014,29.18,5.6206,12.7082,0.95,,138.762,10.2902,10.3005,9.509,0.2056,0.1371,23520.0,23520.0,10402.4624,686313.6,686313.6
603989.SH,20251014,17.75,1.6907,4.8921,0.97,35.9227,29.4732,1.8885,1.8202,1.8034,1.4842,0.8401,40113.0603,40113.0603,13863.2102,712006.8203,712006.8203
603990.SH,20251014,14.89,2.4516,3.1789,0.64,,,5.5088,9.8273,13.2964,0.0,,30628.2731,30628.2731,23620.5583,456054.9865,456054.9865
603991.SH,20251014,64.38,3.4315,4.7007,0.88,,,23.4026,13.1625,12.9521,0.0,,7453.4998,7453.4998,5441.0548,479856.3171,479856.3171
603992.SH,20251014,28.7,0.4889,2.5588,0.74,27.8312,39.0377,3.9182,4.1208,4.5886,1.5073,1.2892,43290.1446,42475.7446,8115.0588,1242427.15,1219053.87
603993.SH,20251014,16.01,2.5162,6.1874,1.09,25.312,20.4052,4.7374,1.6079,1.671,0.9635,1.5928,2139431.0176,1746084.2176,710084.1776,34252290.5918,27954808.3238
603995.SH,20251014,18.55,2.3764,4.5379,1.25,8.4227,9.9655,1.2142,0.162,0.1627,2.6884,4.289,36561.7858,36561.7858,19146.5961,678221.1266,678221.1266
603997.SH,20251014,12.74,0.9349,1.8333,0.77,,,3.2257,0.7259,0.742,0.0,,126801.2438,126801.2438,64664.556,1615447.846,1615447.846
603998.SH,20251014,11.99,6.0059,9.6268,1.65,20.6279,18.3046,3.3469,2.9618,3.0941,2.087,3.4195,43908.136,43908.136,27393.0053,526458.5506,526458.5506
603999.SH,20251014,6.3,1.0056,2.3851,1.05,58.2874,54.4888,1.8102,3.7545,4.3336,0.8254,0.5238,57600.0,57600.0,24285.4056,362880.0,362880.0
605001.SH,20251014,7.73,2.4927,5.2671,1.54,54.8439,44.0374,1.1392,1.9878,1.7052,2.5873,2.5873,39288.6,39288.6,18593.6367,303700.878,303700.878
605003.SH,20251014,24.49,1.8372,6.8936,0.92,33.5207,40.2158,1.8958,4.8932,4.9871,1.6742,1.6742,11000.0,11000.0,2931.5404,269390.0,269390.0
605005.SH,20251014,18.1,0.4077,3.1893,0.82,27.3038,29.7478,3.6354,4.2401,4.1376,1.105,1.105,40100.0,40100.0,5126.5051,725810.0,725810.0
605006.SH,20251014,7.71,1.5265,4.7345,1.2,,663.0134,1.8561,2.3484,2.2224,0.6744,,61096.781,60001.761,19346.1886,471056.1815,462613.5773
605007.SH,20251014,11.64,0.3463,1.6217,0.94,15.3413,22.1059,1.644,0.7251,0.6651,1.6007,2.1478,47690.1414,40155.0561,8575.816,555113.2459,467404.853
605008.SH,20251014,16.84,0.969,5.5397,0.76,115.4497,,5.431,2.9937,2.7954,1.8317,,64596.2414,64596.2414,11298.8249,1087800.7052,1087800.7052
605009.SH,20251014,33.28,1.0308,3.1025,0.93,18.4703,20.9298,2.1498,2.4434,2.12,3.6574,3.636,21506.764,21461.964,7130.5661,715745.1059,714254.1619
605011.SH,20251014,21.71,0.9398,4.7024,1.19,40.9783,42.2617,3.6529,2.4532,2.5712,0.737,0.737,40010.0,40010.0,7996.67,868617.1,868617.1
605016.SH,20251014,20.57,3.9217,9.0311,3.16,35.178,26.37,4.6014,7.502,6.6451,0.8774,0.8414,42001.232,42001.232,18238.8402,863965.3422,863965.3422
605018.SH,20251014,11.19,0.8899,4.053,1.22,46.2719,61.8106,1.9605,2.3835,2.6279,1.7649,1.323,47006.5793,47006.5793,10321.0993,526003.6224,526003.6224
605020.SH,20251014,29.05,4.7221,8.0027,0.92,59.0349,36.1877,2.7731,3.2216,3.0435,0.3845,0.7913,51076.2476,50286.774,29671.9877,1483764.9928,1460830.7847
605028.SH,20251014,25.66,2.5261,10.1043,0.62,23.908,24.5499,3.133,11.4304,12.3888,2.3383,3.1177,16000.0,16000.0,4000.0,410560.0,410560.0
605033.SH,20251014,21.88,1.7367,6.5971,0.89,80.256,115.6949,2.5784,3.3406,3.4347,0.8912,0.6627,13520.0,13520.0,3559.14,295817.6,295817.6
605050.SH,20251014,14.67,3.2963,9.8737,1.17,22.828,20.5056,1.6908,0.641,0.6346,2.9312,2.3814,49282.9181,49282.9181,16452.9181,722980.4085,722980.4085
605055.SH,20251014,10.78,5.1371,19.7711,0.99,107.3559,,4.3193,3.0044,3.1253,0.5566,0.5509,44000.0,44000.0,11432.5104,474320.0,474320.0
605056.SH,20251014,16.57,1.9573,6.6201,0.84,30.4955,28.0897,4.1973,1.8855,1.6975,0.9077,2.1413,41028.224,40667.324,12023.8839,679837.6717,673857.5587
605058.SH,20251014,27.78,2.2773,7.5827,0.92,28.0598,27.5774,2.3126,3.0707,2.9397,1.0799,2.1598,14292.395,14292.395,4292.395,397042.7331,397042.7331
605060.SH,20251014,26.5,1.3161,3.9044,0.95,34.0088,32.0595,2.7121,5.8043,5.758,1.3146,1.3114,24059.2,23894.04,8054.04,637568.8,633192.06
605066.SH,20251014,7.49,1.9782,3.5083,1.01,31.149,29.3112,2.1512,1.2954,1.3299,4.0292,3.3501,50475.0125,50243.3125,28329.8275,378057.8436,376322.4106
605068.SH,20251014,24.64,3.418,11.1106,0.87,,,2.65,3.3887,3.0372,0.0,,16219.8495,16219.8495,4989.8495,399657.0917,399657.0917
605069.SH,20251014,10.21,3.9312,4.0471,1.12,,,2.4104,6.066,5.9818,0.0,,21169.7778,8416.1278,8175.0978,216143.4313,85928.6648
605077.SH,20251014,18.89,0.7573,1.2142,0.78,21.322,21.6998,1.9253,2.0384,1.7266,2.8688,3.7057,30304.9811,29942.9311,18676.0064,572461.093,565621.9685
605080.SH,20251014,24.61,1.478,4.5242,0.9,18.8194,15.149,1.6141,3.476,3.2032,0.3785,0.8001,14157.304,14035.12,4585.12,348411.2514,345404.3032
605081.SH,20251014,11.9,1.0646,1.4988,1.27,,,1.4688,13.0385,21.9974,0.0,,11324.7072,11324.7072,8044.3505,134764.0157,134764.0157
605086.SH,20251014,24.94,0.6805,2.5107,0.89,34.9265,32.3519,3.5656,13.9059,13.3797,1.8026,1.2109,17920.0,17920.0,4857.17,446924.8,446924.8
605088.SH,20251014,38.95,2.9738,5.1675,0.63,26.5131,26.1357,2.8163,1.9651,1.8923,1.3567,1.408,20281.8693,19971.5253,11493.1253,789978.8092,777890.9104
605089.SH,20251014,26.33,1.821,6.9093,1.06,41.5126,47.075,3.0176,5.4068,5.2859,2.632,1.3536,13800.0,13800.0,3637.1696,363354.0,363354.0
605090.SH,20251014,34.98,2.354,5.027,1.03,14.1052,16.5091,2.4789,1.0772,1.1198,2.0977,3.3526,67892.2201,67735.3815,31718.9333,2374869.8591,2369383.6449
605098.SH,20251014,38.34,1.628,4.1593,1.63,17.0236,17.3317,5.1867,5.836,6.1958,6.4693,5.8685,11925.11,11925.11,4667.5598,457208.7174,457208.7174
605099.SH,20251014,29.76,0.6677,6.4747,1.16,23.4302,20.9169,4.2063,4.058,3.8341,1.8036,2.1459,40250.9282,40139.1082,4139.1082,1197867.6232,1194539.86
605100.SH,20251014,28.65,2.3798,5.2635,0.47,66.6268,122.9955,2.7209,5.3503,6.7017,2.0845,1.0471,17113.2,16993.2,7683.2,490293.18,486855.18
605108.SH,20251014,19.31,0.803,2.5569,0.74,50.1637,55.0895,2.2063,1.9885,1.9428,2.1151,0.619,26000.0,26000.0,8165.4852,502060.0,502060.0
605111.SH,20251014,36.48,7.3185,9.4698,1.16,34.8646,33.5171,3.6404,8.2866,8.0394,0.572,0.178,41533.2567,41533.2567,32097.9901,1515133.2044,1515133.2044
605116.SH,20251014,22.44,0.3729,1.4031,0.82,25.6912,22.7252,3.7817,6.1766,5.8167,0.9804,1.288,40619.5234,40411.7234,10738.9434,911502.1051,906839.0731
605117.SH,20251014,74.1,2.1231,5.3131,0.72,22.7222,20.7173,7.1696,6.0024,5.6084,2.4939,3.6482,90776.6493,90776.6493,36273.0198,6726549.7131,6726549.7131
605118.SH,20251014,27.55,0.5332,4.1592,0.85,64.5318,50.061,8.1353,18.2349,16.2074,1.2234,2.2142,41068.4,40711.6,5219.48,1131434.42,1121604.58
605122.SH,20251014,13.4,1.3733,4.137,1.24,,,1.1449,1.6353,1.8408,0.1716,,17235.4,17235.4,5721.49,230954.36,230954.36
605123.SH,20251014,74.05,2.4759,5.6905,0.85,33.9989,32.7315,1.9687,2.7929,2.6819,2.4308,1.0506,12117.0892,12117.0892,5272.0892,897270.4553,897270.4553
605128.SH,20251014,42.48,2.1672,3.4396,0.92,65.4458,58.5682,4.4119,3.9402,4.0679,0.3345,0.6094,21113.8706,21113.8706,13303.1555,896917.2231,896917.2231
605133.SH,20251014,38.28,4.4429,9.9698,0.83,66.2538,61.9112,2.9279,4.603,4.2572,0.2555,0.3014,28280.6592,28140.2722,12540.2721,1082583.6342,1077209.6198
605136.SH,20251014,9.69,3.6615,6.7617,0.66,,,1.5831,2.2454,2.4358,0.5779,,40045.85,40045.85,21684.8989,388044.2865,388044.2865
605138.SH,20251014,7.35,0.6717,3.1742,0.92,87.5345,78.2787,1.6819,1.1138,1.1507,1.2245,0.732,55557.0168,55557.0168,11756.1289,408344.0735,408344.0735
605151.SH,20251014,19.35,1.4055,4.307,0.47,74.3735,,1.9445,1.6081,1.4375,1.5072,0.4134,13455.4222,13455.4222,4390.7277,260362.4196,260362.4196
605155.SH,20251014,15.93,2.5472,6.6353,0.53,24.9259,24.7643,2.3609,3.7296,3.5019,0.8986,1.5459,19129.81,18993.45,7291.2,304737.8733,302565.6585
605158.SH,20251014,8.49,0.79,2.8727,1.03,18.9269,30.5641,1.7311,0.6268,0.6552,2.3557,1.749,51142.0,51142.0,14064.084,434195.58,434195.58
605162.SH,20251014,8.98,1.7722,6.9901,1.85,24.547,25.0585,2.8337,4.1273,4.5363,2.004,2.0042,40057.7583,40057.7583,10155.6533,359718.6695,359718.6695
605166.SH,20251014,11.29,2.4771,3.6915,1.27,11.8323,13.7657,1.8511,0.4957,0.5319,2.5311,1.178,31472.9307,31472.9307,21119.1919,355329.3876,355329.3876
605167.SH,20251014,11.35,3.8317,10.256,1.5,21.1937,21.97,2.6585,1.4594,1.6254,0.3745,0.9842,44907.0,44907.0,16777.5387,509694.45,509694.45
605168.SH,20251014,29.62,1.4185,3.0759,0.84,50.6419,45.4469,2.3303,1.4838,1.5797,4.0233,2.4308,21081.6986,21081.6986,9722.1698,624439.9125,624439.9125
605169.SH,20251014,17.97,10.3598,40.0927,2.46,29.3629,27.7533,2.6351,1.8468,1.6226,1.1047,1.3628,28288.0,28288.0,7309.5423,508335.36,508335.36
605177.SH,20251014,19.19,1.2811,2.6137,1.0,,,1.266,1.8374,2.2794,1.6703,,11472.6021,11258.3918,5518.0274,220159.2343,216048.5386
605179.SH,20251014,20.59,1.201,5.767,1.17,285.2625,237.9762,7.4231,3.0011,2.9696,0.3885,0.1943,40100.0,40100.0,8350.8,825659.0,825659.0
605180.SH,20251014,15.12,1.322,4.5982,0.84,51.7022,66.9654,2.2385,7.2644,7.3629,0.5291,0.8598,16900.0,16900.0,4858.75,255528.0,255528.0
605183.SH,20251014,20.0,0.6182,1.9123,0.88,15.38,14.9856,2.3752,3.7852,3.715,1.7271,1.4928,41588.3145,41242.9445,13333.6225,831766.29,824858.89
605186.SH,20251014,19.55,1.5192,3.054,0.97,81.7572,332.2864,2.4695,8.3518,8.0206,0.5115,,13600.0,13600.0,6765.1778,265880.0,265880.0
605188.SH,20251014,19.0,9.3585,62.3904,3.2,3574.5897,2755.6933,8.0985,3.5512,3.4382,0.0519,0.0519,50235.85,50235.85,7535.3498,954481.15,954481.15
605189.SH,20251014,17.31,4.1134,12.7973,1.31,26.6416,60.0105,1.8936,1.1024,1.0611,0.6687,0.7914,19407.6937,19407.6937,6238.1243,335947.1779,335947.1779
605196.SH,20251014,25.93,2.7591,4.1711,0.98,41.4948,50.5298,4.1286,2.0877,1.9661,0.2741,0.242,51100.2781,50440.0781,33364.9781,1325030.2111,1307911.2251
605198.SH,20251014,44.75,0.6066,6.5326,0.98,58.5674,46.5551,5.6932,10.7679,8.8061,0.4916,0.5587,34120.0,27053.6,2512.0,1526870.0,1210648.6
605199.SH,20251014,8.76,0.5933,2.4057,1.18,,,4.9861,2.4795,3.3954,1.4269,,40010.8752,40010.8752,9868.1802,350495.2668,350495.2668
605208.SH,20251014,13.98,3.0794,5.7082,1.04,122.9701,211.5244,2.1594,1.1251,0.924,0.1411,0.2786,32994.0,32994.0,17799.04,461256.12,461256.12
605218.SH,20251014,20.42,1.5591,5.2442,1.4,77.6303,77.3977,3.3037,2.1437,2.0553,0.666,0.2693,21283.346,21283.346,6327.5505,434605.9253,434605.9253
605222.SH,20251014,19.35,1.2438,4.2453,0.99,58.9641,71.3381,1.7353,0.351,0.3529,0.8374,0.2067,41290.1369,41290.1369,12097.1469,798964.149,798964.149
605228.SH,20251014,17.13,0.934,3.4221,0.61,,4006.869,4.75,5.3323,4.8137,0.2264,,43227.0417,42926.7417,11716.016,740479.2243,735335.0853
605258.SH,20251014,31.86,2.173,5.3769,0.9,39.3378,40.8413,2.3799,3.1622,2.9975,1.0986,2.1971,8800.0,8800.0,3556.3,280368.0,280368.0
605259.SH,20251014,24.75,1.2249,2.8103,1.16,22.9408,17.7065,2.4614,1.8979,1.6736,1.443,2.4242,17248.0,17248.0,7517.6584,426888.0,426888.0
605266.SH,20251014,20.55,1.0039,1.9334,0.95,24.7869,23.0761,1.2225,0.3421,0.3432,5.2134,5.1317,15454.2928,15454.2928,8024.8384,317585.717,317585.717
605268.SH,20251014,10.0,0.7132,4.1033,0.73,32.1449,29.3703,2.7453,1.4293,1.3703,2.9548,2.0,44630.25,43769.625,7607.625,446302.5,437696.25
605277.SH,20251014,23.23,4.5454,9.8735,0.62,49.2159,42.5583,4.9074,2.1336,1.957,0.7022,0.6457,32429.7261,31813.4783,14645.8685,753342.5373,739027.1009
605286.SH,20251014,40.64,1.2583,4.5757,1.11,27.7067,28.51,3.3081,2.7029,2.9401,1.2748,0.4429,16800.0,16800.0,4620.07,682752.0,682752.0
605287.SH,20251014,24.7,5.1512,10.9502,1.33,,,2.2252,0.8365,1.0213,0.4804,,14000.0,14000.0,6585.8943,345800.0,345800.0
605288.SH,20251014,82.34,1.8427,7.2229,1.0,67.1027,93.0345,2.6033,4.3566,4.2531,0.5549,0.4524,7067.3012,7019.8912,1790.8912,581921.5808,578017.8414
605289.SH,20251014,72.82,4.0376,8.2033,0.68,,,6.231,11.5428,9.1238,0.3457,,10900.75,10833.75,5332.3,793792.615,788913.675
605296.SH,20251014,31.39,1.124,9.129,1.78,23.9837,17.3323,3.2157,2.9497,2.7978,0.0,,52476.4418,51798.4418,6377.3461,1647235.5081,1625953.0881
605298.SH,20251014,39.13,2.2468,8.1498,0.84,189.1777,140.7274,7.2398,15.2173,14.2974,0.1966,0.3833,18785.0,18465.2,5090.6339,735057.05,722543.276
605299.SH,20251014,9.18,0.6953,2.557,0.86,41.5873,52.089,3.1039,2.651,2.573,3.2595,2.1866,40922.6523,40922.6523,11127.8707,375669.9481,375669.9481
605300.SH,20251014,11.76,0.8101,2.772,1.11,63.6634,198.4586,1.8741,2.3127,2.2058,2.0747,0.5051,45439.8597,45439.8597,13279.6631,534372.7501,534372.7501
605303.SH,20251014,17.55,7.3894,17.543,1.07,,,2.9685,3.9188,4.1136,0.0,,16123.7408,16123.7408,6791.5808,282971.651,282971.651
605305.SH,20251014,38.8,6.4654,9.2363,1.11,26.1933,18.8933,3.0801,6.3492,5.3306,0.5155,2.1134,21252.0,21252.0,14876.3999,824577.6,824577.6
605318.SH,20251014,50.67,5.0514,17.7755,1.62,,,9.9508,10.4505,10.6794,0.6074,0.5921,12572.9028,12572.9028,3572.9028,637068.9849,637068.9849
605319.SH,20251014,22.72,2.4584,6.0954,1.22,21.0497,18.8979,3.2136,3.143,2.9454,1.8178,2.1064,35008.6216,29915.4216,12065.4216,795395.8828,679678.3788
605333.SH,20251014,35.6,0.9894,4.2927,0.76,23.1959,22.4778,6.4781,1.9649,1.9137,0.1404,0.6461,43677.6081,43677.6081,10066.8681,1554922.8484,1554922.8484
605336.SH,20251014,15.32,2.2194,6.945,1.77,46.5979,120.0788,1.5031,6.5417,8.6067,4.047,2.1214,18341.245,18341.245,5861.245,280987.8734,280987.8734
605337.SH,20251014,12.82,1.3938,3.5866,0.86,22.346,22.2464,3.1754,3.5342,3.6852,3.874,3.874,39010.2273,39010.2273,15159.5875,500111.114,500111.114
605338.SH,20251014,24.7,1.8655,5.3082,1.16,21.3935,19.9404,2.6945,3.5402,3.3958,1.6909,3.2389,23956.6662,23956.6662,8419.2562,591729.6551,591729.6551
605339.SH,20251014,17.59,0.7765,4.85,2.66,37.058,68.523,2.1855,2.3623,2.3704,0.6279,0.9586,42429.0616,42429.0616,6792.9284,746327.1935,746327.1935
605358.SH,20251014,32.91,5.381,7.2064,0.66,,,3.161,7.1451,6.697,0.2594,,67137.3356,67137.3356,50131.5988,2209489.7146,2209489.7146
605365.SH,20251014,15.7,1.836,12.0671,2.8,18.861,23.327,2.1508,1.1579,1.1478,2.043,2.6733,50201.2876,50201.2876,7638.0376,788160.2153,788160.2153
605366.SH,20251014,6.09,0.9746,2.0273,1.09,,,1.9368,2.6798,2.682,0.6151,,65014.3895,65014.3895,31254.9446,395937.6321,395937.6321
605368.SH,20251014,9.84,1.3305,3.1055,1.28,13.9695,19.1856,2.224,1.4787,1.6021,12.8879,8.6382,71463.5915,71463.5915,30617.7447,703201.7404,703201.7404
605369.SH,20251014,19.34,0.6062,2.0848,1.06,24.8457,33.66,2.5154,3.8238,3.8129,1.8916,2.5752,22049.2949,22049.2949,6411.73,426433.3634,426433.3634
605376.SH,20251014,56.7,5.6324,9.7124,1.03,169.5635,107.1573,9.2633,15.6908,14.4633,0.8818,0.8289,26160.0,26160.0,15170.52,1483272.0,1483272.0
605377.SH,20251014,9.36,2.564,4.8977,1.06,11.113,16.161,1.3753,1.3826,1.5108,10.7352,6.4637,55667.0268,55667.0268,29141.658,521043.3708,521043.3708
605378.SH,20251014,27.34,3.1923,12.7671,0.9,46.7695,62.0507,5.8297,5.5021,5.2632,1.3996,1.3063,26134.64,26134.64,6534.64,714521.0576,714521.0576
605388.SH,20251014,7.41,1.5127,4.6197,1.08,,,2.5787,3.0515,3.0297,0.9579,1.0533,60048.4,60048.4,19663.0596,444958.644,444958.644
605389.SH,20251014,66.25,2.6473,10.6272,0.96,100.7645,100.787,4.6329,10.8045,10.8754,1.1321,1.0868,14408.707,13626.676,3394.466,954576.8388,902767.285
605398.SH,20251014,29.47,1.8242,5.9318,0.85,224.2068,469.7438,4.6669,8.9957,9.2993,0.2884,0.0501,16271.6379,16271.6379,5003.9005,479525.1689,479525.1689
605399.SH,20251014,12.6,1.0854,2.963,1.21,95.1217,,1.8129,3.3926,3.5776,0.7966,0.7937,31224.1328,31155.7328,11412.7878,393424.0733,392562.2333
605488.SH,20251014,31.1,3.7881,8.4735,1.03,62.6106,68.7334,5.756,3.4302,3.2055,0.4345,0.5636,28021.1133,27614.2333,12344.9033,871456.6236,858802.6556
605499.SH,20251014,290.7,0.3214,0.9521,0.64,45.4406,38.0692,20.3304,9.5441,8.0829,1.3231,1.72,52001.3,52001.3,17552.833,15116777.91,15116777.91
605500.SH,20251014,9.17,0.8523,3.6029,0.96,19.6486,26.2519,1.4872,1.6084,1.5792,1.6358,1.6358,41440.0,41440.0,9802.8545,380004.8,380004.8
605507.SH,20251014,23.2,1.6879,2.0851,0.96,16.5875,15.572,1.6091,2.2008,2.1519,1.2854,2.5841,55882.35,30172.2186,24424.8324,1296470.52,699995.4715
605555.SH,20251014,16.27,1.3317,3.6261,1.08,19.1707,25.048,2.6437,1.9233,1.8315,1.6548,1.6548,48406.904,48406.904,17776.9278,787580.3281,787580.3281
605566.SH,20251014,25.29,1.9998,4.5026,0.54,153.1523,117.5592,1.6984,3.4944,4.0092,0.4745,0.3932,13334.0,13334.0,5922.1201,337216.86,337216.86
605567.SH,20251014,10.05,1.8217,3.2075,0.84,246.1667,75.0197,1.8747,0.7994,0.7787,0.0,0.995,20000.0,20000.0,11358.805,201000.0,201000.0
605577.SH,20251014,13.22,1.1196,5.4465,0.75,29.181,26.8425,1.5457,3.5321,3.8685,0.6051,1.1346,44444.4445,44444.4445,9136.4445,587555.5563,587555.5563
605580.SH,20251014,28.04,1.8231,7.0882,0.82,57.478,51.1325,8.3677,9.6433,8.8991,1.2482,0.8916,28000.0,28000.0,7201.6,785120.0,785120.0
605588.SH,20251014,64.0,14.5988,44.316,1.62,,,4.5661,3.4597,3.3733,0.1127,,7346.8201,7309.9561,2408.0727,470196.4864,467837.1904
605589.SH,20251014,30.12,4.5361,5.6353,1.53,29.3755,24.5729,2.5616,2.5444,2.3727,1.325,1.7545,84640.1998,78134.78,62893.7003,2549362.818,2353419.5736
605598.SH,20251014,31.23,9.3767,30.3758,3.41,82.5623,89.2192,4.1568,5.8907,5.1553,0.6853,0.365,24458.4809,24301.6809,7501.6809,763838.3585,758941.4945
605599.SH,20251014,14.81,1.6017,4.2991,2.3,16.0205,14.8064,2.9312,0.5693,0.4703,4.7265,4.8616,77777.78,77777.78,28977.5982,1151888.9218,1151888.9218
688001.SH,20251014,28.86,1.1435,6.013,1.0,,,3.7759,7.0524,6.7641,0.5824,,44537.7843,44537.7843,8470.0015,1285360.4549,1285360.4549
688002.SH,20251014,79.6,1.9493,2.5213,1.24,64.3892,52.6641,6.6114,8.4888,7.5727,0.2112,0.1967,46023.7717,46023.7717,35583.1287,3663492.2273,3663492.2273
688003.SH,20251014,52.1,1.634,3.8762,0.96,81.1169,73.9669,5.432,6.2872,6.0763,1.1344,0.951,19413.65,19413.65,8183.65,1011451.165,1011451.165
688004.SH,20251014,27.02,3.4166,5.5496,0.9,,,3.6737,12.521,12.9204,,,8008.8,8008.8,4930.6081,216397.776,216397.776
688005.SH,20251014,27.87,4.1964,6.5974,0.67,67.3156,91.6938,2.3992,1.3203,1.3787,0.7259,1.3088,71472.547,71461.8752,45455.4193,1991939.8849,1991642.4618
688006.SH,20251014,32.75,1.878,5.5979,0.63,60.5825,57.3118,3.6988,6.6317,6.46,1.374,0.5557,60367.2152,60367.2152,20252.3574,1977026.2978,1977026.2978
688007.SH,20251014,18.79,3.6323,5.5376,1.19,308.7567,,3.346,3.5685,3.7547,0.3717,0.1323,45932.4435,45932.4435,30128.1984,863070.6134,863070.6134
688008.SH,20251014,147.0,4.4908,5.1795,0.89,119.2377,85.1179,13.8882,46.2603,36.5364,0.2009,0.2632,114515.133,114515.133,99288.7071,16833724.551,16833724.551
688009.SH,20251014,5.47,0.5531,2.376,1.22,16.5754,16.4743,1.2775,1.7838,1.7614,3.1079,3.1079,1058981.9,862101.8,200680.2,5792630.993,4715696.846
688010.SH,20251014,28.7,3.4312,6.9533,1.03,485.3707,293.3771,2.7248,7.4158,7.0927,,0.1965,16056.1578,16056.1578,7923.1877,460811.7289,460811.7289
688011.SH,20251014,38.79,3.9126,8.2108,0.59,,,3.6176,22.5602,27.3924,,,10000.0,10000.0,4765.1543,387900.0,387900.0
688012.SH,20251014,273.5,4.2349,6.2067,1.17,105.9933,94.8811,8.28,18.8911,16.1892,0.1083,0.1093,62614.5307,62614.5307,42722.4636,17125074.1465,17125074.1465
688013.SH,20251014,56.05,1.4185,2.9335,0.86,87.6536,63.8378,7.9194,16.7009,15.3777,0.8713,1.7488,8115.56,8115.56,3924.347,454877.138,454877.138
688015.SH,20251014,23.44,1.4224,3.0675,1.0,52.9204,38.9497,1.727,2.0233,1.9557,0.8532,0.9812,18868.0742,18868.0742,8749.2671,442267.6592,442267.6592
688016.SH,20251014,106.5,1.3728,2.3001,0.93,26.145,31.7683,3.2572,10.8821,11.5805,3.4398,1.8726,12326.2117,12326.2117,7356.6247,1312741.5461,1312741.5461
688017.SH,20251014,153.27,3.895,5.9549,1.05,500.2659,385.0971,8.1066,72.5302,60.2445,0.1801,0.0652,18333.0125,18333.0125,11991.0809,2809900.8259,2809900.8259
688018.SH,20251014,190.8,3.2123,5.2714,0.71,88.1131,66.5983,12.298,14.8979,12.8198,0.2618,0.2233,15670.2722,15670.2722,9549.215,2989887.9358,2989887.9358
688019.SH,20251014,203.8,3.6027,5.1991,1.01,64.3713,50.8696,11.2168,18.7199,15.7633,0.1008,0.1691,16855.4258,16855.4258,11680.0041,3435135.778,3435135.778
688020.SH,20251014,57.0,4.5841,9.7721,0.9,,,3.4139,13.4575,12.5864,0.3235,0.3235,8135.2,8135.2,3816.2177,463706.4,463706.4
688021.SH,20251014,18.19,1.8534,3.1037,0.82,,,1.6251,4.8905,4.3513,,,7641.3717,7641.3717,4562.9844,138996.5512,138996.5512
688022.SH,20251014,15.02,2.2637,3.4532,0.7,,,3.9091,5.5736,6.1204,,,17587.8324,17587.8324,11529.5327,264169.2426,264169.2426
688023.SH,20251014,51.3,3.6877,4.9316,1.11,,,2.2294,2.5631,2.5196,,,10206.5545,10206.5545,7632.2073,523596.2459,523596.2459
688025.SH,20251014,129.0,3.6268,5.5802,1.27,92.4098,70.8237,5.8503,8.4338,7.0434,0.2705,0.3247,9504.9423,9504.9423,6177.6269,1226137.5567,1226137.5567
688026.SH,20251014,18.61,1.4568,2.6229,0.76,36.185,29.5068,2.3826,4.6758,4.4233,0.3832,0.3846,14036.4345,14031.9523,7793.4852,261218.046,261134.6323
688027.SH,20251014,397.01,7.867,10.3192,1.43,,,12.6982,161.1754,133.802,,,10286.1001,8037.437,6127.437,4083684.6007,3190942.8634
688028.SH,20251014,43.2,5.0842,8.7142,0.91,65.752,73.6329,3.4071,9.6103,9.3453,0.8157,0.7875,15094.9,15094.9,8806.8565,652099.68,652099.68
688029.SH,20251014,90.65,1.5402,2.7049,0.85,30.7801,28.093,4.326,6.1799,5.7009,1.6491,1.6463,18784.7422,18784.7422,10696.659,1702836.8804,1702836.8804
688030.SH,20251014,19.42,1.62,2.943,1.1,,,4.2238,3.5121,3.3896,,,18023.2718,18023.2718,9921.1279,350011.9384,350011.9384
688031.SH,20251014,51.66,5.8155,7.0169,1.29,,,6.4866,16.8453,16.3028,,,12113.5916,9397.2544,7788.1987,625788.1421,485462.1623
688032.SH,20251014,112.25,2.1383,6.1929,1.31,40.4606,80.5673,2.3649,6.9882,6.6613,2.1336,2.8284,12407.3545,12407.3545,4284.116,1392725.5426,1392725.5426
688033.SH,20251014,7.22,6.6418,8.8841,1.02,,,1.1734,5.3195,6.0152,0.3459,,56219.8596,56219.8596,42029.9324,405907.3863,405907.3863
688035.SH,20251014,54.1,5.3587,12.9558,1.03,78.9824,70.4095,3.3692,6.5954,5.5213,0.4592,0.6392,14224.0,14224.0,5883.2096,769518.4,769518.4
688036.SH,20251014,81.87,1.2694,3.321,0.82,16.8249,23.8789,4.9368,1.3587,1.4764,4.4239,2.8093,114035.0575,114035.0575,43586.3763,9336050.1575,9336050.1575
688037.SH,20251014,140.56,4.7407,6.622,1.31,139.7389,198.7465,10.3921,16.1614,16.0197,0.0974,0.0781,20162.7296,20162.7296,14434.6799,2834073.2726,2834073.2726
688038.SH,20251014,20.4,7.4066,13.1245,0.74,,,3.9595,6.93,9.3869,,,11637.34,11637.34,6567.3613,237401.736,237401.736
688039.SH,20251014,51.88,7.0988,13.4888,0.66,,,5.3279,18.7135,17.8416,,,11060.1424,11060.1424,5820.6388,573800.1877,573800.1877
688041.SH,20251014,227.6,1.9873,5.2103,1.06,273.9627,232.1231,25.0595,57.7397,48.6971,0.0483,0.0745,232433.8091,232433.8091,88655.7181,52901934.9512,52901934.9512
688045.SH,20251014,43.29,4.53,6.5772,0.83,,,2.2015,4.3924,4.5323,,,6983.7819,3769.5069,2596.2218,302327.9185,163181.9537
688046.SH,20251014,15.93,0.811,1.6587,1.08,59.4729,62.5678,3.0127,9.5092,9.0554,1.1883,0.8764,41000.0,41000.0,20046.0123,653130.0,653130.0
688047.SH,20251014,147.48,1.7242,4.4314,0.76,,,22.2806,117.2804,111.9677,,,40100.0,40100.0,15602.8017,5913948.0,5913948.0
688048.SH,20251014,66.35,3.7137,6.1638,0.82,,,3.9065,42.8998,32.5487,,,17627.9943,17627.9943,10620.9943,1169617.4218,1169617.4218
688049.SH,20251014,60.1,13.2134,17.5191,2.51,98.7736,67.0468,5.4911,16.1497,12.8307,0.2293,0.3171,17516.765,17516.765,13211.6263,1052757.5765,1052757.5765
688050.SH,20251014,71.66,1.1639,1.6097,0.83,35.6827,35.2052,4.9687,9.8291,9.1723,0.3716,0.4881,19340.3175,18980.956,13724.2802,1385927.1521,1360175.307
688051.SH,20251014,43.6,2.5724,7.0914,1.19,,,4.9659,11.2231,14.6135,,,7733.4,7733.4,2805.2596,337176.24,337176.24
688052.SH,20251014,193.6,2.0531,2.9069,0.91,,,4.6665,14.0763,10.4716,,,14252.8433,14252.8433,10066.6193,2759350.4629,2759350.4629
688053.SH,20251014,27.95,1.4972,4.1355,0.98,,,1.7343,19.4356,14.7718,1.0988,,10000.0,10000.0,3620.38,279500.0,279500.0
688055.SH,20251014,3.82,0.2417,2.328,0.69,,,3.0558,3.7307,4.3698,,,333333.34,333333.34,34611.34,1273333.3588,1273333.3588
688056.SH,20251014,35.15,0.8222,1.9337,0.83,60.5637,65.1357,2.9735,5.5917,5.8996,2.5834,2.0268,6745.246,6745.246,2868.1033,237095.3969,237095.3969
688057.SH,20251014,12.25,0.5627,1.1093,0.98,24.7077,25.4005,1.0751,8.2662,9.0983,4.0816,2.0408,27600.0,27600.0,14000.8,338100.0,338100.0
688058.SH,20251014,33.32,4.3838,8.2702,1.1,,,3.9218,9.1387,11.505,0.5442,,7773.0937,7773.0937,4120.2597,258999.4821,258999.4821
688059.SH,20251014,70.97,2.0413,3.3188,0.87,57.8328,51.3421,4.857,8.1492,7.1285,0.7999,0.6039,8715.9999,8715.9999,5360.8719,618574.5129,618574.5129
688060.SH,20251014,42.94,1.251,4.5224,1.27,,,2.8627,8.703,7.9712,,,6019.0728,6019.0728,1665.0528,258458.986,258458.986
688061.SH,20251014,35.79,3.4132,3.4132,0.74,,,1.7234,7.2739,6.9874,0.0822,,11488.9391,4329.777,4329.777,411189.1304,154962.7188
688062.SH,20251014,44.42,5.5743,5.5743,1.22,,,21.6977,88.8482,95.7304,,,39960.0,20417.0,20417.0,1775023.2,906923.14
688063.SH,20251014,67.82,5.9979,8.9309,0.86,404.8006,473.5102,1.8296,8.3002,7.2512,1.0896,0.6473,24535.9249,24535.9249,16478.0053,1664026.4267,1664026.4267
688065.SH,20251014,50.12,0.9164,1.6397,1.17,73.9343,65.7073,2.0714,12.2218,11.3526,0.3055,0.7955,72128.9794,58337.8039,32603.121,3615104.4475,2923890.7315
688066.SH,20251014,32.93,4.8744,6.8605,0.72,,,15.9414,5.4618,8.4182,,,26127.7771,26127.7771,18563.816,860387.6999,860387.6999
688067.SH,20251014,25.58,1.4535,2.7716,0.83,76.1536,68.7628,3.4569,8.5553,8.0655,0.3909,0.3868,6800.0,6800.0,3566.0,173944.0,173944.0
688068.SH,20251014,159.68,1.5525,2.2629,0.65,,,5.0393,28.9755,31.7672,0.1172,,9270.794,9270.794,6360.4447,1480360.3859,1480360.3859
688069.SH,20251014,22.78,1.0658,2.0311,1.45,,,2.1603,5.7411,7.331,0.9332,1.6951,11300.0,11300.0,5929.6,257414.0,257414.0
688070.SH,20251014,51.54,1.9844,4.5189,1.08,,,7.7834,9.5189,8.5882,,,8758.0,8758.0,3846.0,451387.32,451387.32
688071.SH,20251014,35.98,5.5515,8.5421,1.45,,,2.8197,7.2047,5.9461,,,8478.9724,8478.9724,5510.4387,305073.427,305073.427
688072.SH,20251014,247.65,3.9023,6.5413,1.14,101.184,106.5744,12.5529,16.9687,14.5344,0.0944,0.108,28116.393,28116.393,16773.2932,6963024.7265,6963024.7265
688073.SH,20251014,66.05,2.0093,2.629,1.1,51.1199,43.1879,3.0804,5.4472,5.0135,1.3307,1.2971,9088.2948,4323.4172,3304.4137,600281.8715,285561.7061
688075.SH,20251014,38.41,0.3682,1.4727,0.63,25.3841,35.8172,0.9461,9.0277,9.3459,2.0828,3.1242,12708.2805,12708.2805,3177.0805,488125.054,488125.054
688076.SH,20251014,37.2,1.7719,2.825,1.04,29.0737,24.1283,3.9536,7.236,6.3843,0.9122,1.5301,31605.1897,31605.1897,19824.0006,1175713.0568,1175713.0568
688077.SH,20251014,38.95,8.8381,14.7302,1.3,139.8954,121.6698,4.1847,3.3812,3.1746,0.4481,0.4952,11447.8504,11447.8504,6868.7104,445893.7731,445893.7731
688078.SH,20251014,30.04,1.6498,3.2483,0.97,66.2965,938.7857,2.9768,6.6637,7.9856,1.1845,0.4527,7289.3,7289.3,3702.2115,218970.572,218970.572
688079.SH,20251014,13.23,2.4608,6.3995,1.15,,,4.0509,11.134,9.6365,,,40859.1198,39791.8998,15300.8065,540566.155,526446.8344
688080.SH,20251014,51.39,5.7848,8.0124,1.36,29.1421,26.3196,3.5204,6.1876,5.3901,0.3306,0.3895,7365.6132,7365.6132,5317.8332,378518.8623,378518.8623
688081.SH,20251014,29.18,4.5496,9.2258,0.71,,,7.414,19.6523,19.0496,,,10304.0,10304.0,5081.3649,300670.72,300670.72
688082.SH,20251014,179.68,1.4633,8.1384,0.83,74.7728,61.3376,6.8028,15.3491,13.3084,0.3168,0.3343,47989.2514,43610.7535,7841.5227,8622708.6916,7835980.1889
688083.SH,20251014,82.25,5.5032,9.529,1.2,218.0643,2498.7446,5.4386,15.7066,15.2699,0.3899,0.4327,16958.4547,16958.4547,9793.8543,1394832.8991,1394832.8991
688084.SH,20251014,89.72,5.0055,5.0055,1.02,,,4.3733,41.457,33.2202,0.2206,,7565.9066,3532.5611,3532.5611,678813.1402,316941.3819
688085.SH,20251014,19.93,1.6184,2.7649,0.92,579.4863,143.2516,3.2357,14.6516,13.5278,0.2916,0.0176,33346.2498,31378.3705,18367.065,664590.7585,625370.9241
688087.SH,20251014,27.47,1.0185,1.8207,0.95,17.3457,17.8887,1.9955,1.8232,1.6895,0.6689,0.5732,19405.4775,18624.549,10418.4874,533068.4669,511616.361
688088.SH,20251014,50.87,3.4683,5.8742,1.18,115.5019,100.1533,7.7872,25.0346,24.1622,0.7265,0.9229,40117.04,40117.04,23686.4768,2040753.8248,2040753.8248
688089.SH,20251014,25.74,1.4082,2.618,0.8,34.8779,26.3722,2.6644,7.7976,7.2025,0.777,0.777,16830.912,16830.912,9052.9578,433227.6749,433227.6749
688090.SH,20251014,36.42,3.2824,5.3823,1.17,396.1972,630.3729,5.0113,5.0257,5.2611,0.3312,0.2107,12237.0064,12237.0064,7462.7052,445671.7731,445671.7731
688091.SH,20251014,56.65,2.1667,4.0453,1.53,1678.7508,1118.3926,8.0903,67.4787,55.256,0.419,,20670.364,20670.364,11071.2916,1170976.1206,1170976.1206
688092.SH,20251014,24.55,1.9246,4.0885,1.44,30.2943,39.784,3.1855,4.4961,4.4981,2.1951,1.1402,8269.0657,8269.0657,3892.4282,203005.5629,203005.5629
688093.SH,20251014,36.87,1.3457,4.7785,1.09,36.9655,28.0051,3.8255,13.0086,10.1104,1.818,1.3127,28038.2791,26263.1312,7395.9643,1033771.3504,968321.6473
688095.SH,20251014,74.77,4.593,7.632,1.24,253.6118,,2.6964,9.6141,8.5871,0.5195,0.3936,9143.9524,9143.9524,5502.8856,683693.3209,683693.3209
688096.SH,20251014,8.12,1.9277,2.5095,0.79,,,2.1322,4.0258,3.7186,,1.2804,23603.7604,23603.7604,18131.9304,191662.5344,191662.5344
688097.SH,20251014,31.66,1.7372,5.6143,1.14,35.4947,30.3989,3.129,2.8543,2.8298,0.6727,0.7382,44664.7765,44500.8765,13769.8911,1414086.824,1408897.75
688098.SH,20251014,10.18,1.5482,2.8852,1.13,,,2.9929,13.7777,13.9922,0.3438,,41064.4,41064.4,22035.7285,418035.592,418035.592
688099.SH,20251014,101.5,3.0323,3.8864,1.01,52.0023,44.693,6.125,7.2122,6.8491,,,42110.1263,42110.1263,32856.0176,4274177.8195,4274177.8195
688100.SH,20251014,35.5,1.1666,4.6999,1.18,27.6766,26.2895,5.4622,6.3593,6.0396,1.2113,2.1566,49168.5175,49168.5175,12204.5248,1745482.3713,1745482.3713
688101.SH,20251014,16.68,0.9151,3.1849,1.01,17.5912,15.8585,1.3051,3.9816,3.8596,1.3789,,33201.2066,33201.2066,9539.255,553796.1261,553796.1261
688102.SH,20251014,17.06,1.8238,4.0295,0.78,115.4644,99.1463,7.4408,9.9202,8.9258,0.3383,0.441,77319.8359,73147.3742,33107.5575,1319076.4005,1247894.2039
688103.SH,20251014,73.38,2.7078,4.1785,1.08,231.3096,136.4814,6.2401,8.8268,6.8056,0.3155,0.2862,9531.5536,9531.5536,6176.5666,699425.4032,699425.4032
688105.SH,20251014,22.35,0.5331,1.6741,0.88,,,2.3097,6.4514,6.6595,0.5789,0.8054,39773.4544,39773.4544,12664.7093,888936.7058,888936.7058
688106.SH,20251014,21.1,3.8888,7.1622,0.96,50.5391,82.4433,3.4551,4.0272,3.9006,2.361,0.4692,48197.7548,48197.7548,26169.7785,1016972.6263,1016972.6263
688107.SH,20251014,30.22,3.0354,8.7638,1.08,,,11.2854,18.5845,21.7204,,,40084.9367,40084.9367,13883.4964,1211366.7871,1211366.7871
688108.SH,20251014,28.76,12.0072,15.6774,2.38,7988.7789,1009.8515,13.3842,26.0835,24.6446,,,41604.8,41604.8,31864.8968,1196554.048,1196554.048
688109.SH,20251014,100.0,6.6151,16.0271,0.74,250.4574,145.268,10.3788,17.6217,17.5311,0.2925,0.6713,7884.23,7884.23,3254.1759,788423.0,788423.0
688110.SH,20251014,100.2,7.1052,11.363,1.01,,,14.1307,69.1367,61.747,,,44224.9758,44224.9758,27653.6733,4431342.5752,4431342.5752
688111.SH,20251014,310.15,4.2174,9.7568,1.45,87.324,85.9774,12.3454,28.053,26.7765,0.2828,0.2896,46317.9293,46317.9293,20021.17,14365505.7724,14365505.7724
688112.SH,20251014,37.9,1.8889,6.511,1.74,53.9535,46.3351,3.9307,12.1606,10.9484,2.3161,1.3423,15959.6883,15959.6883,4630.0039,604872.1866,604872.1866
688113.SH,20251014,38.83,1.3286,2.1905,0.98,30.3079,28.2084,2.5995,5.0719,4.9268,1.4601,1.0198,6439.7559,6439.7559,3905.9099,250055.7216,250055.7216
688114.SH,20251014,70.64,1.4119,2.6674,1.27,,,3.8013,9.7668,10.0866,,,41651.6155,41311.0,21866.5612,2942270.1189,2918209.04
688115.SH,20251014,49.98,1.616,3.9489,1.72,218.1728,,2.6623,17.981,15.7339,0.8549,1.0412,6667.0,6667.0,2728.305,333216.66,333216.66
688116.SH,20251014,56.88,4.083,4.8424,0.73,83.3247,82.9152,5.6719,14.3958,14.3267,0.496,0.2567,36651.6076,34474.1494,29067.8331,2084743.4403,1960889.6179
688117.SH,20251014,40.34,5.1469,8.6276,1.66,126.9188,54.1753,6.3931,13.921,10.6758,0.3528,0.2479,15738.5978,15738.5978,9388.9983,634895.0353,634895.0353
688118.SH,20251014,26.66,4.2505,5.4804,1.04,380.0168,66.4323,2.9713,5.9257,6.4276,0.3691,0.5536,9331.6713,9331.6713,7237.3904,248782.3569,248782.3569
688119.SH,20251014,4.51,1.2649,3.0723,0.99,,,1.697,2.3191,2.4518,0.7095,,112500.0,112500.0,46318.4416,507375.0,507375.0
688120.SH,20251014,149.5,4.6278,7.0209,1.24,51.6256,48.1982,7.6574,15.511,13.6901,0.1653,0.2459,35340.511,35340.511,23294.6177,5283406.3945,5283406.3945
688121.SH,20251014,12.72,1.4852,2.3547,1.03,31.3559,50.3181,1.1687,1.047,1.2152,,,23361.4003,20266.6667,12782.948,297157.0118,257792.0004
688122.SH,20251014,77.32,9.2847,13.8264,1.4,62.7282,50.31,7.3742,10.8905,9.4514,0.9053,0.97,64966.4497,64966.4497,43626.2684,5023205.8908,5023205.8908
688123.SH,20251014,145.06,11.3778,15.443,1.05,79.0948,65.1388,9.6484,22.3274,21.093,0.1371,0.2066,15827.1044,15827.1044,11660.7889,2295879.7643,2295879.7643
688125.SH,20251014,52.0,6.9513,6.9513,1.23,,,2.2884,6.0054,5.7634,0.2864,,8212.6356,2270.9736,2270.9736,427057.0512,118090.6272
688126.SH,20251014,27.81,3.4804,5.8736,1.02,,,6.5178,22.5525,21.7312,0.1438,,274717.7186,273165.8657,161865.8657,7639899.7543,7596742.7251
688127.SH,20251014,30.35,2.1563,4.5123,1.11,55.4884,44.5404,6.5701,11.8321,9.9252,0.6563,0.659,40319.24,40319.24,19267.4379,1223688.934,1223688.934
688128.SH,20251014,35.85,4.2047,19.7609,1.74,31.0484,27.4342,4.4204,3.2063,3.0254,1.2552,1.3947,40450.0,40450.0,8606.9009,1450132.5,1450132.5
688129.SH,20251014,22.77,0.9994,3.4561,0.79,32.3711,29.5622,3.0776,4.591,4.3541,1.1167,0.9119,12047.88,12047.88,3483.7865,274330.2276,274330.2276
688130.SH,20251014,22.91,2.6535,4.1822,0.75,,,2.2084,20.5391,18.0661,,,12089.1094,6028.5094,3824.8534,276961.4964,138113.1504
688131.SH,20251014,72.7,3.0228,4.4517,1.06,76.4902,54.4973,5.2251,6.7923,6.1054,0.201,0.2599,21209.9919,21209.9919,14401.7034,1541966.4111,1541966.4111
688132.SH,20251014,18.81,1.6596,2.116,0.76,,,2.049,8.2546,14.3688,,,15222.5204,10849.5718,8509.5718,286335.6087,204080.4456
688133.SH,20251014,24.01,3.0294,4.2201,0.95,306.2249,224.8362,1.4159,1.3692,1.4589,0.2975,0.2915,16443.6977,16443.6977,11804.1659,394813.1818,394813.1818
688135.SH,20251014,30.81,5.4719,8.05,0.74,,,5.78,12.8322,11.5693,0.3198,,20330.1603,20330.1603,13819.3193,626372.2388,626372.2388
688136.SH,20251014,37.75,1.6477,4.4993,1.05,241.3356,76.0141,4.5165,5.4,5.6382,,0.2077,20125.725,20125.725,7370.3978,759746.1188,759746.1188
688137.SH,20251014,40.97,1.125,1.6297,0.6,,,1.3809,22.54,20.5372,1.2204,,7017.5439,3267.5439,2255.5439,287508.7736,133871.2736
688138.SH,20251014,32.43,4.2025,14.1386,1.68,59.3501,58.2895,3.7685,9.1787,8.7004,0.4154,0.5213,31480.0,26680.0,7930.3302,1020896.4,865232.4
688139.SH,20251014,32.57,0.837,1.4366,1.01,28.2455,37.6531,2.4038,4.5344,4.5902,1.5699,1.4225,31795.2508,31795.2508,18525.7386,1035571.3186,1035571.3186
688141.SH,20251014,51.9,6.2414,6.2414,1.25,,,12.644,13.8157,10.963,,,44688.0,26394.6216,26394.6216,2319307.2,1369880.861
688143.SH,20251014,41.88,3.0848,3.0848,0.75,285.6546,160.7841,4.2775,15.4949,13.2762,,0.1163,12237.4426,9452.2576,9452.2576,512504.0961,395860.5483
688146.SH,20251014,41.64,4.0295,4.0295,1.02,72.5326,72.5369,3.9328,11.4301,10.7269,0.4563,0.4155,52941.1765,14497.0842,14497.0842,2204470.5895,603658.5861
688147.SH,20251014,50.59,12.1108,12.1108,0.89,102.9074,62.0112,8.2738,8.641,7.8741,0.1665,0.0863,46115.7283,10115.7283,10115.7283,2332994.6947,511754.6947
688148.SH,20251014,6.16,4.6844,6.2704,0.41,,,12.5467,1.454,1.5548,,,51017.3053,51017.3053,38113.5152,314266.6006,314266.6006
688150.SH,20251014,24.64,1.8287,4.0472,1.05,59.2644,49.2601,5.389,21.019,19.1422,0.7289,0.526,40243.7585,40243.7585,18183.6783,991606.2094,991606.2094
688151.SH,20251014,21.6,1.5493,5.2248,1.28,330.311,480540.5985,1.7764,12.1718,13.5548,0.1102,0.2727,34450.0,34450.0,10215.32,744120.0,744120.0
688152.SH,20251014,54.2,13.2598,13.2598,1.18,697.202,457.3586,4.4256,19.3197,19.0115,,,10208.0546,4009.6546,4009.6546,553276.5593,217323.2793
688153.SH,20251014,34.86,1.6621,4.8909,0.96,,,3.7971,7.1329,7.433,0.1534,,43031.3008,40861.9418,13885.904,1500071.1459,1424447.2911
688155.SH,20251014,64.53,2.563,5.8403,0.74,36.3065,32.9661,3.9213,3.2862,3.1572,0.7942,0.9282,12547.9333,12547.9333,5506.5998,809718.1358,809718.1358
688156.SH,20251014,19.84,3.6435,5.0394,1.48,,,2.433,7.1975,7.1572,0.252,,10071.4157,10071.4157,7281.6427,199816.8875,199816.8875
688157.SH,20251014,34.36,1.0987,2.329,0.72,62.2136,92.7326,4.1014,7.2096,6.983,0.4557,0.4825,15643.108,15643.108,7379.7294,537497.1909,537497.1909
688158.SH,20251014,23.97,4.6741,5.2848,0.82,,,4.6266,7.2773,6.9932,,,45630.5081,40547.3908,35861.6836,1093763.2792,971920.9575
688159.SH,20251014,61.18,3.9963,5.6542,0.69,56.702,69.1352,6.1196,1.852,1.5126,,0.1618,9290.882,9272.882,6553.9422,568416.1608,567314.9208
688160.SH,20251014,84.56,2.1283,6.2395,0.85,157.0981,147.6699,6.1875,14.0296,12.7585,0.3281,0.3281,9083.2206,8400.0,2865.3198,768077.1339,710304.0
688161.SH,20251014,30.43,0.5993,3.1267,1.18,54.3996,44.655,3.0158,8.3788,8.4347,0.786,0.9465,40000.0,40000.0,7666.6667,1217200.0,1217200.0
688162.SH,20251014,33.64,2.1539,5.1617,0.89,216.5007,122.647,1.9357,1.31,1.1789,0.6477,0.6477,13719.8775,13710.0775,5721.0775,461536.6791,461207.0071
688163.SH,20251014,22.92,0.839,2.0463,1.2,56.0032,55.1699,2.2676,12.7255,12.5478,1.3962,1.3962,10822.0,10822.0,4437.2,248040.24,248040.24
688165.SH,20251014,22.51,2.2149,4.5799,0.94,,,7.6504,8.5533,9.7722,,,52178.0,52178.0,25234.4066,1174526.78,1174526.78
688166.SH,20251014,53.08,2.2568,3.6693,0.81,118.722,224.6381,9.2685,17.5106,19.3222,0.1804,0.1806,42310.2473,42310.2473,26022.1837,2245827.9267,2245827.9267
688167.SH,20251014,148.2,5.528,7.0244,0.92,,,6.2095,21.4787,18.982,0.2062,,8985.9524,8985.9524,7071.6874,1331718.1457,1331718.1457
688168.SH,20251014,81.57,4.6533,7.1612,1.39,,,6.1752,8.5091,6.4367,0.061,,7685.5124,7685.5124,4994.0188,626907.2465,626907.2465
688169.SH,20251014,183.59,1.8493,2.3405,1.1,24.0667,31.0239,3.5515,3.9825,3.0826,1.2918,0.4155,25910.6368,25910.6368,20472.8957,4756933.8101,4756933.8101
688170.SH,20251014,34.8,3.8761,5.7247,1.15,,,2.9578,5.0293,4.9811,0.8591,,10336.0,10336.0,6998.2637,359692.8,359692.8
688171.SH,20251014,50.54,1.3561,2.7798,0.61,365.8965,354.8724,5.163,43.011,39.6454,0.1702,0.082,8377.34,8377.34,4086.6583,423390.7636,423390.7636
688172.SH,20251014,27.06,7.4343,18.7056,0.79,,,2.0582,22.6722,22.124,0.1241,,142797.8097,58525.1811,23260.2485,3864108.7305,1583691.4006
688173.SH,20251014,16.22,4.3045,8.1123,1.47,,,4.532,12.2207,8.5264,,,41100.7547,40731.7167,21612.8015,666654.2412,660668.4449
688175.SH,20251014,23.53,2.3427,4.7336,0.69,,,1.7484,11.4187,10.8948,0.6107,0.425,12931.7,12931.7,6400.0374,304282.901,304282.901
688176.SH,20251014,9.91,1.52,1.7482,0.87,,,3.0974,28.0821,22.5235,,,57117.0486,43568.5949,37881.321,566029.9516,431764.7755
688177.SH,20251014,26.37,0.6941,2.3813,1.12,,,18.7256,14.6929,13.9496,,,41408.0,41408.0,12070.3423,1091928.96,1091928.96
688178.SH,20251014,25.88,1.4133,2.9401,0.93,,,2.1929,3.5389,3.9223,,,8499.7844,8499.7844,4085.9732,219974.4203,219974.4203
688179.SH,20251014,12.45,1.8873,3.5125,0.85,41.9287,51.7908,4.206,7.7611,7.2597,1.4354,1.3334,33260.6902,33260.6902,17871.5869,414095.593,414095.593
688180.SH,20251014,37.67,1.7006,2.5719,1.09,,,6.0693,19.8507,16.5943,,,102668.9871,76639.4171,50675.6027,3867540.7441,2887006.8422
688181.SH,20251014,37.04,6.9625,8.7539,1.55,65.0254,86.2377,2.4218,6.7553,6.4086,0.2187,,13448.1546,13448.1546,10696.1673,498119.6464,498119.6464
688182.SH,20251014,25.58,1.5608,5.271,0.77,177.0416,135.4531,4.6446,24.9016,20.0593,0.2297,0.2932,40000.0,40000.0,11844.47,1023200.0,1023200.0
688183.SH,20251014,70.9,1.4746,5.4289,0.82,177.6533,76.9523,13.0337,12.5839,9.0982,,0.765,83182.1175,83182.1175,22593.7817,5897612.1308,5897612.1308
688184.SH,20251014,9.78,1.3747,1.6888,1.26,,,0.9442,1.6398,2.5577,,,15904.7514,10048.7514,8179.7841,155548.4687,98276.7887
688185.SH,20251014,73.76,1.2985,2.8388,0.91,,,3.7223,21.5657,19.7267,,,24744.9899,11477.8999,5249.9571,1825190.455,846609.8966
688186.SH,20251014,28.25,11.4825,14.7374,1.28,69.1195,30.8372,1.701,1.9794,1.7017,0.2974,1.1003,28048.9356,28048.9356,21853.9356,792382.4307,792382.4307
688187.SH,20251014,54.9,1.6843,5.661,1.14,20.1349,19.2776,1.8339,2.993,2.7777,1.4208,1.8215,135794.8412,86890.7512,25852.6027,7455136.7819,4770302.2409
688188.SH,20251014,147.69,1.0662,3.0111,1.13,48.3086,41.3343,7.4346,24.5714,21.8082,1.2097,1.3894,28872.9927,28872.9927,10223.4191,4264252.2919,4264252.2919
688189.SH,20251014,7.8,5.8455,10.492,1.09,,,2.3924,8.1293,19.4922,,,27440.0,27440.0,15288.0,214032.0,214032.0
688190.SH,20251014,114.85,1.2305,3.6997,1.42,38.1794,37.914,5.3028,7.2527,6.976,1.0013,0.5485,12000.0,12000.0,3991.0052,1378200.0,1378200.0
688191.SH,20251014,29.9,2.3975,4.7803,1.11,134.9194,153.663,8.197,7.1353,6.9323,0.6655,1.3448,23165.037,23165.037,11618.0061,692634.6063,692634.6063
688192.SH,20251014,63.94,0.7849,2.5492,1.39,,,18.0862,81.6194,57.4455,,,45941.2894,40972.8086,12615.4997,2937486.0442,2619801.3819
688193.SH,20251014,46.52,1.0245,1.8762,0.84,,,2.0411,10.5105,10.8429,0.6282,0.4153,4006.987,4006.987,2188.0251,186405.0352,186405.0352
688195.SH,20251014,95.94,6.8433,10.4845,0.99,178.898,169.689,13.2177,27.8785,24.9942,0.2082,0.1765,12935.0,12935.0,8442.7,1240983.9,1240983.9
688196.SH,20251014,45.37,1.8813,7.5254,1.36,36.535,32.9538,1.9047,1.5279,1.8502,0.5951,1.102,12000.0,12000.0,3000.0,544440.0,544440.0
688197.SH,20251014,39.1,1.8834,2.1616,0.78,,,8.2523,1475.1113,2714.6858,,,14871.9343,6400.4882,5576.6242,581492.6311,250259.0886
688198.SH,20251014,102.6,0.3501,1.3087,1.12,96.5827,77.4239,11.5526,28.1601,25.2724,0.7731,0.7777,13774.8133,13774.8133,3685.1282,1413295.8446,1413295.8446
688199.SH,20251014,25.41,5.2442,7.2011,1.45,,,1.6066,2.7524,2.8573,,,16122.7251,16122.7251,11741.4074,409678.4448,409678.4448
688200.SH,20251014,186.9,2.739,4.5195,1.15,75.8611,60.7159,6.8877,27.9796,23.8809,0.4217,0.4005,13553.3225,13553.3225,8213.928,2533115.9753,2533115.9753
688201.SH,20251014,13.92,4.1851,7.2075,0.94,,,3.4065,8.8196,8.6057,0.1446,,31715.3816,30253.0753,17566.9226,441478.1119,421122.8082
688202.SH,20251014,58.8,2.8557,4.6978,0.84,,,3.7901,7.6126,7.4758,,,13435.2184,13435.2184,8167.1406,789990.8419,789990.8419
688203.SH,20251014,13.16,4.1306,4.6062,1.74,75.1238,196.325,1.8054,3.1558,3.243,0.6079,0.4531,20267.8068,12411.8007,11130.3113,266724.3375,163339.2972
688205.SH,20251014,97.93,5.4742,8.7821,0.78,154.3066,208.4944,6.8521,18.4248,17.9088,0.351,0.234,15828.5329,15828.5329,9866.5572,1550088.2269,1550088.2269
688206.SH,20251014,41.68,3.5481,8.5244,1.11,,,8.9771,43.281,41.0848,,0.0718,43517.7853,43517.7853,18113.2798,1813821.2913,1813821.2913
688207.SH,20251014,15.45,3.1685,4.3491,0.88,,,2.0476,34.1279,36.91,,,25897.3147,25897.3147,18867.6306,400113.5121,400113.5121
688208.SH,20251014,36.9,2.0152,3.2223,1.04,38.5845,33.6539,7.9113,6.289,5.5749,1.4263,2.4492,67018.3441,67018.3441,41913.0948,2472976.8973,2472976.8973
688209.SH,20251014,21.0,3.0728,5.696,0.63,72.5627,65.7511,4.4839,6.3026,5.9568,0.1307,0.4246,42933.1405,29896.9373,16128.5666,901595.9505,627835.6833
688210.SH,20251014,48.83,6.5924,10.3864,1.68,105.5974,207.0299,6.3087,9.6808,9.2642,0.3991,0.2984,16139.7915,16139.7915,10244.1882,788106.0189,788106.0189
688211.SH,20251014,32.03,0.4603,1.1762,0.96,,,1.2069,1.7036,1.9761,0.2392,,13160.8698,13160.8698,5150.8698,421542.6597,421542.6597
688212.SH,20251014,48.2,2.3862,3.4151,1.06,308.9086,,5.1459,8.6597,9.8891,0.622,0.1629,13466.525,13466.525,9409.529,649086.505,649086.505
688213.SH,20251014,111.1,2.7287,2.9769,0.83,113.675,69.7788,9.6708,7.4805,6.1177,0.1476,0.1348,40184.1572,32304.4273,29611.267,4464459.8649,3589021.873
688215.SH,20251014,74.0,4.0722,10.2526,1.04,288.6952,316.3561,10.1864,11.9192,11.8625,0.0867,0.1123,6242.3269,6242.3269,2479.3923,461932.1906,461932.1906
688216.SH,20251014,24.91,3.4042,8.161,0.99,,,4.4748,3.9942,3.9189,,,10687.9805,10628.5805,4433.5805,266237.5943,264757.9403
688217.SH,20251014,27.87,1.4433,2.4346,0.71,,,1.7054,6.4245,7.3338,,,5585.5896,5585.5896,3311.2375,155670.3822,155670.3822
688218.SH,20251014,26.9,4.7687,5.8344,0.96,70.5863,836.8615,3.5429,4.5628,5.1621,1.2733,0.6937,11860.1725,11860.1725,9693.8602,319038.6403,319038.6403
688219.SH,20251014,12.24,3.32,6.2254,1.49,34.7189,33.0628,2.3636,1.1067,1.0564,0.6817,1.0523,55043.7553,55043.7553,29354.7701,673735.5649,673735.5649
688220.SH,20251014,99.7,3.8575,6.0237,0.97,,,7.4844,12.3177,11.4932,,,41830.0889,36040.8158,23080.0969,4170459.8633,3593269.3353
688221.SH,20251014,13.62,2.4454,4.1499,1.03,,,4.8869,39.4041,37.2237,,,37457.8653,37457.8653,22072.4153,510176.1254,510176.1254
688222.SH,20251014,22.28,2.2414,4.1511,0.84,173.825,97.8839,6.2514,20.9073,19.4373,0.2237,0.2685,40068.0,40068.0,21634.731,892715.04,892715.04
688223.SH,20251014,5.82,2.3694,6.6461,2.05,588.6153,,2.0545,0.6297,0.7557,3.8374,,1000520.2678,1000520.2678,356694.6777,5823027.9586,5823027.9586
688225.SH,20251014,20.94,1.7385,3.5655,0.81,873.3734,,4.6558,2.3299,1.3826,,,40001.0,40001.0,19503.5723,837620.94,837620.94
688226.SH,20251014,50.01,2.5547,4.9038,0.75,98.9168,288.0129,5.6249,2.696,2.7924,0.389,0.3039,18764.752,18764.752,9775.8579,938425.2475,938425.2475
688227.SH,20251014,34.77,8.0315,8.2548,2.26,,,2.9966,7.5594,7.4013,,,11305.5275,6409.6781,6236.2581,393093.1912,222864.5075
688228.SH,20251014,192.0,12.0151,27.0798,2.17,629.7001,318.1303,9.9854,20.99,20.8334,0.0957,0.0771,6751.824,6751.824,2995.744,1296350.208,1296350.208
688229.SH,20251014,57.97,2.5632,5.4031,0.99,,,6.5342,18.312,17.8715,,,4440.0,4440.0,2106.282,257386.8,257386.8
688230.SH,20251014,75.02,1.882,7.5279,0.75,79.0254,80.4782,3.9703,24.9966,23.2435,0.7998,1.0664,11760.0,11760.0,2940.0,882235.2,882235.2
688231.SH,20251014,20.04,3.1432,4.1829,1.62,74.8255,67.5408,1.8186,3.5552,3.2892,1.4092,2.045,24685.7143,12644.8762,9501.8321,494701.7146,253403.319
688232.SH,20251014,27.48,0.844,2.2395,1.06,44.3943,54.7088,1.6969,4.2252,4.4628,1.2973,1.2782,33000.0,33000.0,12436.3512,906840.0,906840.0
688233.SH,20251014,48.84,9.1109,16.354,0.94,202.1283,97.5955,4.547,27.4758,21.5464,,0.1527,17030.5736,17030.5736,9487.8142,831773.2146,831773.2146
688234.SH,20251014,76.82,2.3553,5.883,0.75,207.9508,422.9687,5.0427,21.0551,22.5666,,,48461.8544,42971.1044,17203.465,3722839.655,3301040.24
688235.SH,20251014,273.71,3.0594,3.0594,0.89,,,15.7054,15.4987,12.8844,,,154097.5898,11505.526,11505.526,42178051.3042,3149177.5215
688236.SH,20251014,22.76,0.5418,2.9472,0.62,69.8469,54.4159,3.0024,10.8332,9.5585,1.9528,0.5778,38356.85,28842.8,5302.1307,873001.906,656462.128
688237.SH,20251014,51.77,1.6677,3.8612,0.97,357.2129,2304.5748,3.865,11.494,11.9965,0.6475,0.6475,8960.331,8960.331,3870.1764,463876.3359,463876.3359
688238.SH,20251014,7.8,3.3443,4.2853,0.95,,,3.293,20.401,19.8574,,,64903.67,64114.57,50034.504,506248.626,500093.646
688239.SH,20251014,41.44,2.3561,3.0796,0.68,41.8836,45.0371,4.2041,4.3756,4.5978,0.3903,0.4095,19062.82,19062.82,14584.2462,789963.2608,789963.2608
688244.SH,20251014,21.89,4.4926,5.3671,1.5,389.5856,,3.3697,9.2739,9.6781,0.4691,0.1536,15096.1519,7289.2684,6101.5219,330454.7651,159562.0853
688246.SH,20251014,27.47,2.0043,3.4593,0.97,,,2.6263,6.3849,7.4085,,,13758.5598,13758.5598,7971.5952,377947.6377,377947.6377
688247.SH,20251014,10.36,0.7202,2.6896,0.88,36.7782,39.4232,3.6091,9.1799,9.151,0.6311,0.5927,45334.0,45334.0,12138.7436,469660.24,469660.24
688248.SH,20251014,53.13,3.4219,4.9971,0.96,82.1882,84.4831,9.7198,9.9559,10.4786,0.5835,0.2541,56470.0,22840.0,15640.0,3000251.1,1213489.2
688249.SH,20251014,36.33,6.531,9.6398,0.72,136.7818,107.5021,3.4665,7.8799,7.2521,,0.2667,200613.5157,118676.1696,80402.9515,7288289.0254,4311505.2416
688251.SH,20251014,28.68,3.9626,5.5924,0.44,67.33,162.0608,3.4929,3.456,3.4111,0.4497,0.6192,10074.23,5996.394,4248.8795,288928.9164,171976.5799
688252.SH,20251014,26.45,4.7464,6.591,0.88,39.3575,33.1584,4.6885,5.1469,4.3848,0.2099,0.2705,40902.1341,18233.9485,13130.9095,1081861.4469,482287.9378
688253.SH,20251014,30.27,2.0953,2.0953,1.14,16.7971,25.0292,2.0474,6.673,8.6974,1.3125,1.8144,13698.4316,6933.68,6933.68,414651.5245,209882.4936
688255.SH,20251014,35.83,1.9592,3.4467,0.86,125.9991,389.896,3.7672,7.0653,7.14,0.399,0.798,10985.887,10985.887,6244.8652,393624.3312,393624.3312
688256.SH,20251014,1196.0,2.5308,5.2283,1.08,,448.3984,74.0662,426.0213,125.3895,,,41835.0224,41835.0224,20250.3983,50034686.7904,50034686.7904
688257.SH,20251014,22.22,2.3716,3.2377,1.01,31.0319,30.5545,2.5067,3.0124,2.648,1.101,1.1351,25240.8504,25240.8504,18488.6896,560851.6959,560851.6959
688258.SH,20251014,64.54,5.0698,8.5543,1.1,238.0684,192.1852,9.0872,24.1766,22.9452,0.2172,0.1522,12114.2237,12114.2237,7179.5543,781851.9976,781851.9976
688259.SH,20251014,43.77,5.3681,9.9731,1.42,80.8454,85.1632,3.1799,8.2578,9.9731,0.4214,0.4425,11170.0,11170.0,6012.366,488910.9,488910.9
688260.SH,20251014,33.7,8.8086,14.5641,1.0,,,24.0928,7.2115,7.961,,,12000.0,12000.0,7257.798,404400.0,404400.0
688261.SH,20251014,71.0,3.2196,6.3853,1.05,216.2601,171.0316,2.9769,8.6733,7.254,0.1931,0.0555,12255.2916,12209.6589,6156.418,870125.7036,866885.7819
688262.SH,20251014,28.97,4.2708,5.7704,0.93,,,4.6288,16.9521,20.137,,,33599.9913,33599.9913,24868.0813,973391.748,973391.748
688265.SH,20251014,46.44,1.4097,4.4761,0.86,557.4049,107.0987,2.1401,9.497,9.0481,0.2764,,7796.3513,7796.3513,2455.325,362062.5544,362062.5544
688266.SH,20251014,93.6,2.1178,3.2335,1.68,,,21.0576,46.4893,37.096,,,26470.8186,26470.8186,17337.3251,2477668.621,2477668.621
688267.SH,20251014,26.98,1.0549,2.0491,1.12,32.6671,27.0223,1.6976,7.1314,6.4962,0.7283,1.2746,17620.0,17620.0,9071.4299,475387.6,475387.6
688268.SH,20251014,71.0,7.5662,18.0758,1.38,46.226,51.2896,4.7487,6.123,6.3105,0.7011,0.8402,12030.4921,12022.3921,5032.338,854164.9391,853589.8391
688269.SH,20251014,39.82,2.0969,2.8225,0.86,56.1955,48.6252,5.1657,3.0859,2.7559,1.2557,1.2557,13070.4,13070.4,9710.4,520463.328,520463.328
688270.SH,20251014,65.06,4.6895,6.9596,1.05,780.1955,186.8294,6.3312,45.9037,35.6845,0.1866,,21405.16,21405.16,14423.1696,1392619.7096,1392619.7096
688271.SH,20251014,147.8,0.9849,1.759,0.94,96.5318,93.0082,5.858,11.8261,11.0913,0.2488,0.0539,82415.7988,82415.7988,46144.2778,12181055.0626,12181055.0626
688272.SH,20251014,24.42,1.3064,2.8144,0.65,159.4566,,3.8507,6.1399,7.2272,,,7600.0,7600.0,3527.7471,185592.0,185592.0
688273.SH,20251014,40.0,3.7933,3.7933,0.85,39.3774,43.0595,2.9945,9.4218,9.1452,2.462,0.9781,10000.0,3682.679,3682.679,400000.0,147307.16
688275.SH,20251014,62.76,5.8035,6.6887,0.46,,,1.4895,1.0522,0.8784,,,12611.8463,8459.6775,7340.0732,791519.4738,530929.3599
688276.SH,20251014,21.78,0.5559,1.6697,1.17,38.8182,430.747,2.2129,7.3302,10.0599,0.6887,0.7759,41365.7598,41365.7598,13772.0919,900946.2484,900946.2484
688277.SH,20251014,17.45,1.4046,2.084,0.62,,,6.3222,44.1677,32.1307,,,45266.8589,45266.8589,30508.5416,789906.6878,789906.6878
688278.SH,20251014,80.92,0.8254,2.1044,0.96,39.7755,34.6087,11.9469,11.6849,10.4903,0.5067,0.7662,40680.0,40680.0,15955.5262,3291825.6,3291825.6
688279.SH,20251014,205.5,3.0797,4.0685,0.88,105.2806,107.9552,4.6773,38.9963,33.7793,0.2965,0.3788,11391.938,5585.8233,4228.288,2341043.259,1147886.6882
688280.SH,20251014,7.71,2.404,2.9225,0.78,,,7.3605,3.4873,2.6021,,,59022.1667,52054.4145,42819.0185,455060.9053,401339.5358
688281.SH,20251014,71.27,1.1315,2.3321,0.87,46.9318,56.4788,4.2602,17.0517,16.5965,0.2434,0.8258,27257.0675,27257.0675,13224.7942,1942611.2007,1942611.2007
688282.SH,20251014,57.79,4.5516,13.4238,1.43,,549.2324,4.0097,29.7614,26.294,,,8800.0,8800.0,2983.8414,508552.0,508552.0
688283.SH,20251014,31.6,1.1058,2.2024,0.76,103.9287,107.3761,4.0396,16.9879,15.5117,0.4758,0.817,12180.0,12180.0,6115.2465,384888.0,384888.0
688285.SH,20251014,8.73,0.6271,2.5078,0.88,72.785,62.7904,1.9706,3.2585,2.9556,0.3207,0.2291,37628.9913,37628.9913,9410.0,328501.094,328501.094
688286.SH,20251014,95.31,4.5398,5.6168,0.79,,212.6925,5.0448,10.5612,8.842,,,5604.0754,5604.0754,4529.5728,534124.4264,534124.4264
688287.SH,20251014,4.95,0.8713,1.7672,1.69,,,2.3346,20.382,42.9457,1.2121,,37051.56,37051.56,18267.2898,183405.222,183405.222
688288.SH,20251014,28.36,1.7194,3.759,1.04,,58.111,3.8018,5.4104,4.6117,,,9981.3704,9981.3704,4565.4837,283071.6645,283071.6645
688289.SH,20251014,20.98,1.1491,2.1883,0.73,44.1064,43.1645,1.711,8.3368,7.5513,2.1236,2.5366,57938.8006,57938.8006,30423.4372,1215556.0366,1215556.0366
688290.SH,20251014,60.14,2.1812,4.7919,0.97,163.449,200.1951,4.795,22.2891,21.1179,0.2578,0.1897,10218.9714,10218.9714,4651.5312,614568.94,614568.94
688291.SH,20251014,33.3,5.9281,5.9281,1.14,112.1101,82.6493,3.6039,16.117,14.5077,0.2988,0.1919,10266.67,3366.67,3366.67,341880.111,112110.111
688292.SH,20251014,22.33,2.5911,2.9022,0.89,97.8923,770.6583,3.4472,7.9947,9.8302,0.5329,0.5315,15834.679,10082.907,9002.0552,353588.3821,225151.3133
688293.SH,20251014,56.09,1.5995,3.5577,1.07,302.5302,184.816,3.0504,21.4268,19.2194,0.8042,0.7666,11354.8754,11354.8754,5104.8948,636894.9612,636894.9612
688295.SH,20251014,27.26,0.4517,4.1588,0.81,,,5.2883,15.7541,14.0461,0.3888,,90000.0,90000.0,9776.094,2453400.0,2453400.0
688296.SH,20251014,14.41,1.9511,3.3515,0.99,,,2.3155,3.2434,3.8,,,10789.866,10739.316,6251.9967,155481.9691,154753.5436
688297.SH,20251014,50.1,1.4241,4.4853,0.87,,2080.9739,5.9097,49.3512,39.6958,0.3533,,67500.0,67500.0,21431.0653,3381750.0,3381750.0
688298.SH,20251014,25.43,0.6683,1.2992,0.7,,,0.7936,6.1923,6.3077,,,20160.0,20160.0,10370.2233,512668.8,512668.8
688299.SH,20251014,20.52,3.8391,4.7566,0.61,,,2.8367,4.413,4.8553,0.2393,,28739.2894,28739.2894,23195.5586,589730.2185,589730.2185
688300.SH,20251014,56.34,3.4786,8.8947,1.16,54.12,49.9181,8.7672,14.1659,13.1283,0.6827,0.6827,24146.919,24146.919,9443.552,1360437.4165,1360437.4165
688301.SH,20251014,113.3,1.5995,2.6633,1.09,48.801,46.1121,4.9365,12.3955,12.1276,0.8977,0.6299,20036.2704,20036.2704,12033.029,2270109.4363,2270109.4363
688302.SH,20251014,48.86,1.5899,2.1037,1.14,,,4.2533,13188.1779,360.3856,,,9901.5598,9901.5598,7483.5693,483790.2118,483790.2118
688303.SH,20251014,27.8,1.1242,4.4955,1.26,,,1.5286,8.0476,13.8792,1.4979,,214520.5724,214520.5724,53645.5724,5963671.9127,5963671.9127
688305.SH,20251014,66.48,3.2497,5.8565,1.03,68.0219,67.7011,4.7526,14.5929,13.7109,0.2878,0.2835,13290.6678,13221.3778,7336.2778,883563.5953,878957.1961
688306.SH,20251014,13.26,3.6145,9.4326,1.18,1986.7889,1504.4023,8.8278,6.119,6.3284,,,122828.28,122828.28,47066.9649,1628702.9928,1628702.9928
688307.SH,20251014,33.98,7.5557,7.5557,0.96,56.458,56.248,3.4876,6.6346,5.8929,1.1669,1.021,8877.4,5892.3322,5892.3322,301654.052,200221.4482
688308.SH,20251014,24.64,3.1347,5.4477,0.85,68.276,,1.5481,3.4709,3.3981,1.4118,0.604,15878.1708,15878.1708,9136.7651,391238.1285,391238.1285
688309.SH,20251014,24.46,1.4128,2.76,1.09,112.3355,73.5105,2.6378,12.6311,7.9645,0.3733,0.357,8001.0733,8001.0733,4095.6641,195706.2529,195706.2529
688310.SH,20251014,18.75,2.2458,6.5075,1.16,,,3.8952,11.3393,12.4437,1.8939,,16621.969,16621.969,5736.521,311661.9188,311661.9188
688311.SH,20251014,34.97,1.5477,2.4235,0.7,,,3.7104,42.1344,32.779,,,16791.4642,16791.4642,10723.3814,587197.5031,587197.5031
688312.SH,20251014,28.08,3.6891,6.9569,0.91,42.5026,40.5846,2.9177,8.2264,7.4012,1.386,1.7572,14577.1216,14577.1216,7729.9303,409325.5745,409325.5745
688313.SH,20251014,63.9,3.914,6.0743,0.95,451.501,108.7344,21.0756,27.2841,18.1168,,0.0925,45880.2328,45880.2328,29563.1429,2931746.8759,2931746.8759
688314.SH,20251014,34.7,1.164,3.1578,1.22,31.8894,29.7974,4.2426,8.7561,8.3176,1.4409,1.6138,8123.9172,8123.9172,2994.4957,281899.9268,281899.9268
688315.SH,20251014,14.72,0.8095,3.5503,0.73,31.1322,31.0057,2.3836,2.9017,2.8432,0.3166,0.3306,41620.0,41620.0,9489.9202,612646.4,612646.4
688316.SH,20251014,60.65,3.143,4.1768,0.77,,,62.1134,10.6776,12.7404,,,4789.8129,4789.8129,3604.2661,290502.1524,290502.1524
688317.SH,20251014,22.4,0.8095,1.2836,0.78,,,1.2492,24.0934,29.9455,0.4852,0.4852,19215.7999,19215.7999,12118.6439,430433.9178,430433.9178
688318.SH,20251014,150.02,2.2618,7.3003,0.79,126.416,123.7136,10.5927,98.7778,102.6578,0.3244,0.2904,25611.9472,25611.9472,7935.1359,3842304.3189,3842304.3189
688319.SH,20251014,23.95,1.6168,2.461,1.11,468.3642,157.0578,10.504,16.5101,14.5447,0.1588,,40593.36,40540.93,26634.3251,972210.972,970955.2735
688320.SH,20251014,41.8,5.361,6.4323,0.97,,,4.883,7.7866,7.5474,0.2629,,15101.3668,11087.6387,9241.0015,631237.1322,463463.2977
688321.SH,20251014,29.6,2.3813,3.5288,1.0,,,8.0945,18.3466,15.8333,,,40780.7559,40780.7559,27519.3079,1207110.3746,1207110.3746
688322.SH,20251014,80.7,3.6603,5.1919,1.0,,638.9878,11.0395,57.3447,41.1496,,,40109.984,29219.588,20599.796,3236875.7088,2358020.7516
688323.SH,20251014,14.91,1.8515,3.3511,1.02,,,3.4142,7.9156,6.899,,,18000.0224,18000.0224,9945.0471,268380.334,268380.334
688325.SH,20251014,92.98,6.6367,9.2047,1.08,101.5884,91.1182,4.7325,20.3788,18.0102,0.2057,1.0506,8613.9015,5384.2916,3882.1207,800920.5615,500631.433
688326.SH,20251014,118.12,2.6553,4.0308,0.94,,,3.6098,2.5572,2.2062,,,11995.904,9004.0181,5931.3542,1416956.1805,1063554.618
688327.SH,20251014,15.44,4.8921,4.8921,1.02,,,16.0774,40.3214,35.9412,,,103854.852,83344.104,83344.104,1603518.9149,1286832.9658
688328.SH,20251014,27.56,3.5413,5.4368,0.66,,,3.1165,5.1135,4.1435,0.3628,,9445.6295,9445.6295,6152.461,260321.549,260321.549
688329.SH,20251014,19.98,2.5966,4.2936,0.91,,,2.0194,4.7418,4.9166,0.7339,,7720.0,7720.0,4668.7,154245.6,154245.6
688330.SH,20251014,36.0,2.5515,5.0702,0.71,22.6277,22.3808,1.3171,5.1496,5.5867,0.9645,0.9357,14000.0,14000.0,7045.3602,504000.0,504000.0
688331.SH,20251014,91.3,4.7349,4.7349,0.75,,,21.8272,29.9718,24.822,,,56360.8243,16222.3872,16222.3872,5145743.2586,1481103.9514
688332.SH,20251014,140.7,11.9589,11.9589,0.74,56.5421,57.2121,4.2262,9.3281,9.2228,0.587,0.709,12059.82,4431.4351,4431.4351,1696816.674,623502.9186
688333.SH,20251014,69.37,2.245,3.1553,1.09,182.2159,170.8824,3.9217,14.3559,13.3678,0.1489,0.1586,27432.2174,27432.2174,19517.9698,1902972.921,1902972.921
688334.SH,20251014,20.86,5.9914,9.402,1.59,28.8788,25.2098,2.3642,8.2718,7.3039,1.9895,2.2579,31657.9466,15690.4698,9998.6609,660384.7661,327303.2
688335.SH,20251014,25.4,12.2232,24.1353,1.13,,,3.2757,20.1185,14.2621,1.3532,0.7786,14803.4592,14803.4592,7497.1614,376007.8637,376007.8637
688336.SH,20251014,50.15,0.4843,2.8961,0.56,43.9011,40.4131,5.4277,25.9154,24.9659,0.1655,0.1795,61678.5793,61678.5793,10315.0413,3093180.7519,3093180.7519
688337.SH,20251014,40.94,4.1147,11.2669,1.55,86.0927,78.7781,2.5524,10.2428,9.648,1.1648,0.9753,19410.403,18651.5804,6811.5804,794661.8988,763595.7016
688338.SH,20251014,26.18,0.935,1.7301,1.02,24.5913,28.2755,1.6859,9.0849,9.7228,0.9931,1.2347,10614.24,10614.24,5736.2255,277880.8032,277880.8032
688339.SH,20251014,29.39,4.1982,5.1585,0.58,,,2.8395,18.5677,23.909,,,23165.2081,19578.7119,15934.265,680825.4661,575418.3427
688343.SH,20251014,77.8,4.9932,5.3845,0.81,,,7.0569,30.4312,21.9179,,,35882.666,26383.022,24465.9835,2791671.4148,2052599.1116
688345.SH,20251014,36.0,1.5867,6.2529,0.52,,,3.3696,1.9747,1.5428,,,10114.95,10000.0,2537.5,364138.2,360000.0
688347.SH,20251014,122.99,13.7808,15.6341,1.16,560.8431,1123.5332,4.8748,14.8345,13.6178,0.122,,173545.4403,40775.0,35941.5751,21344353.7025,5014917.25
688348.SH,20251014,56.01,3.3682,9.0782,1.16,62.5024,66.6307,2.4137,4.9426,5.746,1.2646,0.7062,15627.7435,15627.7435,5798.3023,875309.9134,875309.9134
688349.SH,20251014,30.91,3.3482,3.3888,1.08,20.9208,23.8639,2.845,2.1307,1.7961,1.8628,1.9305,122640.4215,24724.6015,24428.0515,3790815.4286,764237.4324
688350.SH,20251014,22.0,2.0587,4.4428,1.4,,,1.9818,1.7165,1.7665,1.0968,,12215.0369,12215.0369,5660.2576,268730.8118,268730.8118
688351.SH,20251014,20.92,2.068,2.068,0.82,189.0702,145.3648,5.5379,23.828,22.4488,,,47060.0,12485.9881,12485.9881,984495.2,261206.8711
688352.SH,20251014,13.35,6.832,6.832,0.66,50.6697,63.382,2.6134,8.1014,7.8533,1.1236,0.7491,118903.7288,36588.1123,36588.1123,1587364.7795,488451.2992
688353.SH,20251014,44.95,7.0279,13.2054,0.79,,,2.1574,14.1999,11.0068,0.6599,0.6599,15950.0,11907.0954,6336.9639,716952.5,535223.9382
688355.SH,20251014,19.53,2.1519,6.826,1.43,36.4917,35.9822,2.2736,3.8336,4.1182,2.2814,2.2942,12395.6072,12395.6072,3907.6756,242086.2086,242086.2086
688356.SH,20251014,85.75,1.0065,2.0117,0.9,174.3023,217.1748,4.0648,22.9012,22.7867,0.6678,0.1745,6065.07,6065.07,3034.5062,520079.7525,520079.7525
688357.SH,20251014,38.0,2.3087,4.314,0.61,50.8623,49.3592,2.2227,4.8825,4.8748,1.5789,0.7895,10005.9875,10005.9875,5354.7694,380227.525,380227.525
688358.SH,20251014,32.94,1.4777,5.2764,0.63,26.2865,28.6625,2.6802,7.8801,8.0768,2.4232,3.0291,11212.4537,11212.4537,3140.0581,369338.2249,369338.2249
688359.SH,20251014,61.55,1.7847,2.9344,1.19,,,9.6237,9.6854,10.8933,,,9775.905,9775.905,5945.705,601706.9528,601706.9528
688360.SH,20251014,22.15,2.5654,4.9841,0.74,63.1433,65.1215,4.0578,4.0084,3.7855,0.5759,0.4837,26374.5667,25228.6035,12985.5411,584196.6524,558813.5675
688361.SH,20251014,133.7,5.9039,7.3061,1.11,,1127.4842,17.0355,31.1486,26.5621,0.1042,,32159.1809,24829.1056,20063.8563,4299682.4863,3319651.4187
688362.SH,20251014,32.94,6.3291,7.115,0.97,203.8567,159.9384,5.375,3.7464,3.3888,,,41048.303,28064.803,24964.803,1352131.1008,924454.6108
688363.SH,20251014,54.02,0.6866,2.0078,0.99,149.3123,487.6938,3.6998,4.8448,5.3976,0.6986,0.2022,48167.8242,48167.8242,16472.3035,2602025.8633,2602025.8633
688365.SH,20251014,14.42,2.6717,6.4878,1.1,,,6.483,12.8516,12.1484,,,42582.4684,42582.4684,17535.4305,614039.1943,614039.1943
688366.SH,20251014,50.96,0.3939,0.8765,1.0,28.1898,29.9129,2.1121,4.3936,4.5628,2.1658,1.154,23258.1095,19405.1855,8720.3855,1185233.2601,988888.2531
688367.SH,20251014,21.83,3.3232,5.1919,0.62,72.8048,84.9553,3.2295,6.4498,7.0538,0.4567,0.5039,8762.46,8762.46,5608.7037,191284.5018,191284.5018
688368.SH,20251014,107.0,2.7522,7.9696,0.98,,716.315,8.1669,6.2971,6.3107,,0.459,8849.0481,8849.0481,3055.8493,946848.1467,946848.1467
688369.SH,20251014,24.88,5.6921,7.2107,1.06,,,3.1275,3.3863,3.6646,0.5003,,11521.8071,11521.8071,9095.3421,286662.5606,286662.5606
688370.SH,20251014,27.35,7.5572,7.5572,1.06,41.656,87.3168,1.4264,6.2992,6.6564,1.3279,1.3163,13710.7879,4374.9116,4374.9116,374990.0491,119653.8323
688371.SH,20251014,23.9,1.0219,2.7006,0.94,177.7518,173.1424,4.1771,16.7225,16.2197,,,33547.2356,33547.2356,12693.9022,801778.9308,801778.9308
688372.SH,20251014,78.45,7.0215,7.0215,0.86,91.1232,53.4886,4.2914,10.8505,9.12,0.3105,0.3322,14894.3529,10325.8033,10325.8033,1168461.985,810059.2689
688373.SH,20251014,7.88,4.3128,6.0709,0.66,,,16.4855,39.6566,37.8462,,,65560.5491,52549.1506,37331.0641,516617.1269,414087.3067
688375.SH,20251014,74.8,0.3726,1.4359,0.77,91.9881,100.9877,7.2467,17.2059,18.8989,0.6818,1.2166,59601.49,59601.49,15464.9276,4458191.452,4458191.452
688376.SH,20251014,47.09,5.4325,5.4325,1.22,32.965,32.1062,3.3641,3.6735,3.3296,0.6371,0.4247,13440.0,5098.5589,5098.5589,632889.6,240091.1386
688377.SH,20251014,36.8,1.1619,1.8419,0.78,83.686,87.7685,3.933,6.374,6.3753,0.6211,0.379,19466.7,19466.7,12279.8,716374.56,716374.56
688378.SH,20251014,23.52,2.644,3.8369,0.93,64.8332,228.8066,3.5292,11.0039,12.4304,2.0287,0.8769,24927.9257,24096.0571,16604.9332,586304.8125,566739.263
688379.SH,20251014,51.64,5.59,11.5137,0.87,57.7049,29.2828,4.2283,2.4257,2.0617,0.2752,0.5204,9008.552,9008.552,4373.752,465201.6253,465201.6253
688380.SH,20251014,36.39,8.1471,8.9395,0.76,106.4742,80.8142,4.8888,15.9811,14.7622,0.6857,0.6844,40036.5,16906.5,15408.0,1456928.235,615227.535
688382.SH,20251014,26.6,3.5626,3.5626,1.13,,,8.9536,91.143,88.8836,,,57834.8491,41763.3295,41763.3295,1538406.9861,1110904.5647
688383.SH,20251014,66.0,2.385,7.5418,1.4,166.6129,,4.9462,7.2182,8.6941,0.3011,0.2999,10213.36,10213.36,3229.8325,674081.76,674081.76
688385.SH,20251014,59.25,3.2098,5.7534,0.85,84.9982,116.4017,8.0659,13.5561,13.3892,0.168,0.135,82142.73,53709.73,29964.7178,4866956.7525,3182301.5025
688386.SH,20251014,75.02,2.4281,3.5886,1.28,68.8486,61.5472,8.8301,13.2617,11.9193,0.5127,0.1025,9100.0,9100.0,6156.9934,682682.0,682682.0
688387.SH,20251014,6.74,2.3217,4.2616,0.88,,,3.716,3.5498,3.8175,,,341875.0,201677.72,109875.0,2304237.5,1359307.8328
688388.SH,20251014,34.71,6.0529,7.6798,0.93,,,2.1775,2.2684,1.8352,0.0428,,42625.3444,42625.3444,33595.3174,1479525.7041,1479525.7041
688389.SH,20251014,14.39,1.1249,1.7695,0.71,17.8519,20.8951,3.0008,5.3708,5.7898,1.9511,1.9597,42848.573,42848.573,27239.6931,616590.9655,616590.9655
688390.SH,20251014,58.5,2.9314,4.3775,0.64,,,5.2353,2.1078,1.8502,0.9124,,24277.2935,24277.2935,16257.2675,1420221.6698,1420221.6698
688391.SH,20251014,31.33,2.1573,4.3327,1.03,38.5565,48.2154,1.951,6.097,6.4799,1.8199,1.9144,11518.156,11518.156,5734.9564,360863.8275,360863.8275
688392.SH,20251014,101.33,6.9887,12.582,1.59,136.5707,84.5789,6.6744,20.0619,17.6685,0.1928,0.3367,11573.336,11573.336,6428.4579,1172726.1369,1172726.1369
688393.SH,20251014,26.46,1.5835,2.6924,0.94,116.2822,,2.0107,5.2588,6.1569,0.5669,0.3779,9356.7699,9356.7699,5503.2883,247580.1316,247580.1316
688395.SH,20251014,24.63,1.1174,2.7923,0.92,56.3776,58.7758,2.7674,5.8149,5.3519,0.8064,0.609,8659.772,8659.772,3465.512,213290.1844,213290.1844
688396.SH,20251014,54.95,1.6173,4.7866,0.87,95.6742,88.8608,3.2127,7.2093,6.8972,0.2028,0.1056,132752.9398,132752.9398,44854.7252,7294774.042,7294774.042
688398.SH,20251014,19.28,1.4903,2.9362,1.18,41.9299,92.1744,3.1834,3.4658,3.4048,1.6815,0.774,16781.4101,16781.4101,8517.8061,323545.5867,323545.5867
688399.SH,20251014,68.3,2.202,3.6741,0.99,,,1.9289,16.3853,16.4733,,4.978,8387.1721,8387.1721,5026.8025,572843.8544,572843.8544
688400.SH,20251014,40.08,3.3673,6.5442,0.87,172.5676,159.4442,4.6172,8.2712,7.35,0.1243,0.0616,46097.6733,46097.6733,23719.9148,1847594.7459,1847594.7459
688401.SH,20251014,55.0,12.4367,22.8208,2.64,55.7122,49.4876,7.3659,12.1448,10.3856,0.4231,0.542,19333.372,19333.372,10536.1641,1063335.46,1063335.46
688403.SH,20251014,17.2,5.8585,8.3932,0.85,92.3671,75.2414,4.4104,9.8313,8.7136,0.5587,0.5318,85796.2158,85796.2158,59885.9796,1475694.9118,1475694.9118
688408.SH,20251014,45.96,4.0762,6.8832,1.42,15.9429,18.0439,2.3252,1.1155,1.0394,1.1803,2.1553,21906.5886,21906.5886,12973.0838,1006826.8121,1006826.8121
688409.SH,20251014,86.04,5.1434,9.553,1.41,130.0094,282.9126,5.7745,8.6678,8.0891,0.6222,0.4043,30621.0771,30621.0771,16486.6786,2634637.4737,2634637.4737
688410.SH,20251014,15.17,1.735,2.4464,0.87,68.7631,60.8018,2.8359,8.5926,7.5339,0.8848,0.6558,32131.5646,23455.3572,16634.2491,487435.835,355817.7687
688411.SH,20251014,292.0,11.2205,11.2205,1.01,81.1731,77.1287,12.8831,6.359,5.7756,,0.3767,18009.2492,3793.3554,3793.3554,5258700.7664,1107659.7768
688416.SH,20251014,53.33,9.1946,11.4547,0.79,,,3.423,11.8795,11.9818,,,8292.9413,6523.6457,5236.4775,442262.5595,347906.0252
688418.SH,20251014,29.93,3.6614,5.3593,1.01,210.0504,,6.6012,6.0559,6.2234,,,19255.4634,19255.4634,13155.2172,576316.0196,576316.0196
688419.SH,20251014,28.96,8.16,8.16,0.88,51.8217,45.7253,3.3165,12.3699,11.0441,0.7415,0.9812,11455.1669,3077.2999,3077.2999,331741.6334,89118.6051
688420.SH,20251014,24.8,1.7772,1.7772,0.87,53.9164,128.2209,1.5259,4.0137,4.1399,1.1717,0.5856,8843.0,3410.9,3410.9,219306.4,84590.32
688425.SH,20251014,5.5,1.1873,4.2848,1.52,19.4533,19.2935,1.6872,2.92,2.9101,1.6364,1.5455,533349.7,533349.7,147795.7,2933423.35,2933423.35
688426.SH,20251014,28.5,2.9861,2.9861,0.88,,,2.2751,25.4702,21.9824,,,11249.3716,3799.3332,3799.3332,320607.0906,108280.9962
688428.SH,20251014,24.45,2.9347,2.9347,0.57,,,6.4228,42.7417,32.6577,,,176464.3952,26835.9717,26835.9717,4314554.4626,656139.5081
688429.SH,20251014,16.22,3.4743,4.7641,1.71,,,4.2984,9.129,7.26,0.2759,,40000.08,11982.7267,8738.7235,648801.2976,194359.8271
688432.SH,20251014,13.36,3.6226,6.6345,0.91,71.567,79.9606,3.7993,16.7361,17.0136,0.0746,0.4478,124762.1058,50756.5658,27714.3158,1666821.7335,678107.7191
688433.SH,20251014,50.74,1.9242,3.3267,0.89,312.6898,541.4168,10.7527,42.7161,41.672,0.1892,0.0964,41416.88,20210.432,11690.2503,2101492.4912,1025477.3197
688435.SH,20251014,33.37,3.6418,3.6418,0.92,,,2.5239,14.6278,14.5681,,,8350.0,4718.2576,4718.2576,278639.5,157448.2561
688439.SH,20251014,57.82,1.9549,4.8773,0.97,35.8532,75.2791,2.3337,10.8775,12.608,1.2158,0.2819,20000.0,20000.0,8016.2908,1156400.0,1156400.0
688443.SH,20251014,28.8,3.4677,3.4677,0.92,,,5.7671,350.9021,139.9207,,,36668.0,11668.0,11668.0,1056038.4,336038.4
688448.SH,20251014,38.5,4.6543,6.4215,0.92,53.5613,57.8707,2.733,5.7653,5.7442,,0.7776,7165.23,4797.23,3477.0338,275861.355,184693.355
688449.SH,20251014,57.34,16.2482,16.2482,0.93,223.4178,198.2715,14.714,22.4713,20.9932,,,46000.0,7000.0,7000.0,2637640.0,401380.0
688450.SH,20251014,27.28,1.6844,2.4572,0.81,,,1.8525,9.8671,8.2257,0.8065,,6600.0,4893.0672,3354.1878,180048.0,133482.8732
688455.SH,20251014,14.88,1.3523,2.0317,1.01,,,3.0262,1.931,1.9162,,,18084.9167,12984.9167,8642.2958,269103.5605,193215.5605
688456.SH,20251014,46.52,3.5528,5.5783,1.4,81.2068,73.3377,3.9188,1.4935,1.3756,0.4299,0.4299,10366.0,10366.0,6602.2,482226.32,482226.32
688458.SH,20251014,44.23,4.9061,5.2945,1.22,,,2.6622,12.206,10.3745,0.1598,,11153.6629,8506.8541,7882.8512,493326.5101,376258.1568
688459.SH,20251014,10.18,1.3465,2.1111,0.98,38.9062,35.5208,1.4464,4.4188,4.1858,0.9823,1.277,48000.0,17558.4968,11199.0049,488640.0,178745.4974
688466.SH,20251014,20.24,0.7453,1.8869,0.81,37.3083,37.8752,2.1754,4.0381,3.8379,2.0098,2.0098,12311.9025,12311.9025,4862.7064,249192.9066,249192.9066
688468.SH,20251014,7.73,0.8731,1.3875,0.8,24.3995,41.4663,2.2285,7.1067,8.2611,1.5908,1.5908,40110.8,40110.8,25239.7459,310056.484,310056.484
688469.SH,20251014,6.7,6.875,6.875,0.87,,,3.1675,8.6285,7.883,,,838268.7172,442980.0,442980.0,5616400.4052,2967966.0
688472.SH,20251014,12.9,7.6766,7.6766,1.04,21.1707,27.3585,2.0411,1.0306,1.0512,0.9153,0.7071,368821.7324,139273.1603,139273.1603,4757800.348,1796623.7679
688475.SH,20251014,33.16,2.1036,5.7924,1.08,51.8199,49.767,4.7276,4.7986,4.5926,1.077,1.0555,78750.0,40950.0,14872.0723,2611350.0,1357902.0
688478.SH,20251014,36.5,3.6291,5.8481,0.77,93.9653,447.1529,3.2894,11.8841,13.1298,0.5439,0.6785,13836.6096,10340.9466,6417.0703,505036.2504,377444.5509
688479.SH,20251014,19.22,1.521,1.9333,0.99,34.3683,58.6591,1.5022,4.6633,5.4509,2.6015,2.5698,14431.74,6231.74,4902.54,277378.0428,119774.0428
688480.SH,20251014,60.83,9.3897,14.05,3.29,32.0799,50.678,5.4213,6.254,5.8328,0.822,1.0357,9532.6179,6384.6179,4266.8607,579869.1469,388376.3069
688484.SH,20251014,48.99,2.9485,2.9485,0.94,67.9541,92.9343,5.215,8.1237,7.4823,0.7709,0.4066,42570.2911,29321.5445,29321.5445,2085518.561,1436462.4651
688485.SH,20251014,13.38,2.5033,2.6208,1.11,180.318,82.105,1.5867,5.6003,6.0849,0.3685,0.1668,15029.2062,8815.7978,8420.4369,201090.779,117955.3746
688486.SH,20251014,70.0,5.0366,6.1182,0.92,64.6276,60.6716,6.3877,20.0277,19.0012,1.0337,0.7606,13332.7968,7438.2056,6123.2172,933295.776,520674.392
688488.SH,20251014,14.64,2.6158,4.7364,1.39,,,6.2235,14.7444,10.2804,,,42078.2808,42078.2808,23238.9408,616026.0309,616026.0309
688489.SH,20251014,51.0,4.1817,5.9329,1.25,139.4993,,3.1997,12.4167,11.7767,0.3834,0.2161,11520.9676,5097.4172,3592.8452,587569.3476,259968.2772
688496.SH,20251014,8.81,1.813,3.8655,0.93,,,3.9915,5.2623,5.0703,,,45000.0,23794.56,11160.0,396450.0,209630.0736
688498.SH,20251014,346.5,7.5932,7.5932,1.11,,1013.6883,14.165,118.0972,88.3798,0.0286,0.1434,8594.7726,6014.9271,6014.9271,2978088.7059,2084172.2402
688499.SH,20251014,60.25,4.2228,6.342,0.75,,,4.4856,4.0956,4.7105,,,16872.851,16872.851,11234.6545,1016589.2728,1016589.2728
688500.SH,20251014,67.7,3.5897,5.4254,0.9,,,6.9737,11.48,10.8454,,,7529.671,7331.591,4851.0095,509758.7267,496348.7107
688501.SH,20251014,28.5,1.5544,2.5783,0.82,38.0802,19.9642,3.3672,2.6943,1.7827,0.7648,0.8343,12422.6,12422.6,7489.4094,354044.1,354044.1
688502.SH,20251014,400.02,7.4432,7.4432,0.9,594.6079,400.7405,17.705,42.0045,36.3763,0.1625,0.0846,5280.0,1680.0,1680.0,2112105.6,672033.6
688503.SH,20251014,64.3,9.2478,10.3075,0.76,37.2306,51.9341,3.2733,1.2463,1.28,1.1568,0.6426,24203.3643,18066.4831,16209.0466,1556276.3245,1161674.8633
688505.SH,20251014,9.02,0.8761,2.0866,1.22,235.3124,,4.1011,13.1799,13.5238,0.9978,0.3326,103657.21,71057.21,29836.225,934988.0342,640936.0342
688506.SH,20251014,338.98,1.4174,1.9624,1.3,37.7494,,21.433,24.0362,317.2253,,,41287.3817,10289.112,7431.3429,13995596.6487,3487803.1858
688507.SH,20251014,99.01,8.9789,8.9789,1.32,212.8559,141.8857,3.1574,23.2903,22.951,0.3258,0.2476,8910.8784,4923.573,4923.573,882266.0704,487482.9627
688508.SH,20251014,65.26,4.4207,5.8943,0.87,76.9721,54.2707,3.3181,8.8838,7.4689,0.2231,0.6024,13131.0346,13131.0346,9848.2842,856931.318,856931.318
688509.SH,20251014,4.36,2.8317,2.8317,1.28,,,2.6726,5.0784,5.1672,,,77000.0,38479.22,38479.22,335720.0,167769.3992
688510.SH,20251014,26.01,2.8193,3.8397,1.27,53.1161,55.7594,5.7697,9.5566,9.1685,0.7689,0.7689,25838.2608,25838.2608,18971.8565,672053.1634,672053.1634
688511.SH,20251014,24.65,1.7411,3.9159,1.61,,9362.6479,3.0164,32.5984,21.6774,1.1779,,10282.9142,10282.9142,4571.9868,253473.835,253473.835
688512.SH,20251014,11.85,4.0416,4.394,0.9,,,3.1101,10.5577,8.8481,,,46684.3548,32457.0296,29854.1848,553209.6044,384615.8008
688513.SH,20251014,51.4,0.9196,1.8324,0.71,38.0876,39.7425,3.2638,6.7225,6.7984,0.7676,0.8243,17653.2256,17653.2256,8858.9506,907375.7958,907375.7958
688515.SH,20251014,117.8,7.3093,8.23,1.45,,,6.2101,23.7844,20.3376,,,8000.0,4981.94,4424.558,942400.0,586872.532
688516.SH,20251014,44.94,3.0134,5.4584,0.85,11.1281,17.4566,3.9957,1.5401,1.736,5.0731,4.6779,31519.6071,31462.6388,17369.5005,1416491.1431,1413930.9877
688517.SH,20251014,15.37,1.6432,2.7512,0.94,23.0436,25.4972,2.6796,3.1917,3.0772,3.215,3.5525,13661.3184,13661.3184,8159.2895,209974.4638,209974.4638
688518.SH,20251014,23.4,5.3183,6.3047,1.51,48.2504,46.3642,2.5328,2.5359,2.4753,0.6367,0.641,34132.5095,34132.5095,28792.5497,798700.7223,798700.7223
688519.SH,20251014,79.09,3.0898,7.7692,1.07,368.9979,225.8363,7.1897,5.5237,4.5787,0.1203,0.1215,23477.1002,23477.1002,9336.7013,1856803.8548,1856803.8548
688520.SH,20251014,52.46,0.7152,2.9086,0.95,208.6832,,,9.2977,10.7164,,,44533.5714,44533.5714,10950.9532,2336231.1556,2336231.1556
688521.SH,20251014,168.24,4.5836,6.9113,1.09,,,24.5513,38.0923,37.4186,,,52571.3273,50085.2832,33216.352,8844600.105,8426348.0456
688522.SH,20251014,41.51,2.7662,2.7662,1.06,164.1675,98.5143,5.5737,36.427,29.428,0.1845,0.2922,30299.5606,12100.9841,12100.9841,1257734.7605,502311.85
688523.SH,20251014,23.59,4.5504,4.5504,1.25,94.5029,84.6126,5.7599,18.8928,17.5357,0.8427,,40688.0,9651.5937,9651.5937,959829.92,227681.0954
688525.SH,20251014,104.46,13.0955,14.6904,1.21,302.3713,,11.2979,7.2817,6.8026,,,46670.8301,35277.2301,31447.3105,4875234.9122,3685059.4562
688526.SH,20251014,17.4,0.5815,2.1383,0.91,21.2126,18.0381,2.0008,8.6107,7.8843,2.4636,2.4595,46612.8056,46612.8056,12677.3149,811062.8174,811062.8174
688528.SH,20251014,11.72,1.506,5.2863,0.8,,,4.0631,6.143,7.6047,,,16800.0,16800.0,4786.2051,196896.0,196896.0
688529.SH,20251014,19.42,2.099,3.7243,1.06,,,1.7339,1.8057,1.9497,0.5737,,16817.5953,16817.5953,9478.1785,326597.7007,326597.7007
688530.SH,20251014,17.93,3.7874,3.7874,0.93,101.8699,510.0733,3.4183,6.5703,6.5309,0.2231,0.5856,16004.4824,6777.8204,6777.8204,286960.3694,121526.3198
688531.SH,20251014,69.4,5.0974,5.0974,1.12,80.1944,76.9765,3.5081,15.5406,13.2539,0.7395,0.5927,16559.3939,10696.3834,10696.3834,1149221.9367,742329.008
688533.SH,20251014,27.81,1.6185,6.0666,1.12,19.2572,21.7258,2.8451,1.6315,1.5595,1.0952,1.6181,16284.7255,16284.7255,4344.7267,452878.2162,452878.2162
688535.SH,20251014,111.63,12.6052,14.0488,1.0,224.8492,311.2353,8.8614,27.1628,25.3471,0.3583,0.2679,8069.6453,5245.5548,4706.5377,900814.5048,585561.2823
688536.SH,20251014,163.15,3.1465,4.9573,0.89,,,3.8699,18.1471,13.3159,,,13564.8979,13260.1444,8416.579,2213113.0924,2163392.5589
688538.SH,20251014,2.79,2.2315,3.0074,0.79,,,4.1904,7.7705,7.3614,,,1380943.7625,575223.5725,426807.5485,3852833.0974,1604873.7673
688539.SH,20251014,32.96,2.1565,2.7224,0.78,110.1166,109.4972,3.5701,17.7225,16.4724,0.8669,0.5999,18592.0,10472.0,8295.0,612792.32,345157.12
688543.SH,20251014,50.47,3.8993,3.8993,0.82,53.0388,53.7238,4.7473,8.7512,9.2458,1.1017,1.486,20884.2028,11596.2028,11596.2028,1054025.7153,585260.3553
688545.SH,20251014,36.33,17.5766,17.5766,0.91,82.0122,73.2475,4.5756,11.5029,10.0775,,0.5505,36000.0,7288.3564,7288.3564,1307880.0,264785.988
688548.SH,20251014,12.28,3.0786,3.0786,0.85,65.3425,70.5329,2.7773,7.7026,7.2168,0.9609,0.6757,131939.8521,69120.9002,69120.9002,1620221.3838,848804.6545
688549.SH,20251014,9.67,8.0162,9.2753,0.9,1426.3607,,4.7115,13.8759,12.6923,0.1034,0.0517,147727.6,58931.9,50931.9,1428525.892,569871.473
688550.SH,20251014,49.02,2.6821,4.8861,1.14,33.8018,26.3857,2.7322,5.8331,5.4144,0.9479,1.1934,17357.5305,17357.5305,9527.899,850866.1451,850866.1451
688551.SH,20251014,41.1,1.7086,3.5543,0.64,70.4475,90.454,2.6801,7.2246,7.6997,1.4552,0.9638,8407.0709,8407.0709,4041.2963,345530.614,345530.614
688552.SH,20251014,39.87,8.1694,8.1694,0.93,,949.34,5.1536,61.7313,20.0343,0.2307,,33724.8,8682.7551,8682.7551,1344607.776,346181.4458
688553.SH,20251014,20.01,1.573,2.1888,0.95,26.0494,47.2329,2.2905,7.7452,8.3485,1.0591,2.3031,42360.0,34353.9725,24687.8373,847623.6,687422.9897
688556.SH,20251014,11.78,7.6581,9.881,0.99,,,2.5382,2.1873,2.9843,3.6821,1.0057,83077.3934,83077.3934,64387.5462,978651.6943,978651.6943
688557.SH,20251014,35.86,2.7497,4.9971,1.11,32.8564,31.616,3.1032,3.0489,2.8117,0.9121,0.916,10267.964,10267.964,5649.9533,368209.189,368209.189
688558.SH,20251014,30.18,1.694,5.4419,1.12,31.1282,26.9409,2.4287,3.8401,3.4266,1.6479,1.973,13200.0,13200.0,4109.0768,398376.0,398376.0
688559.SH,20251014,39.5,4.83,6.5702,0.71,,,3.8535,2.1629,2.5792,0.2055,,24775.9044,24775.9044,18213.8244,978648.2238,978648.2238
688560.SH,20251014,14.43,2.8918,4.6467,1.32,,,1.0832,3.3625,4.5318,,,20130.1918,20130.1918,12527.6918,290478.6677,290478.6677
688561.SH,20251014,34.29,1.2864,3.2613,0.98,,,2.9817,5.379,5.4302,,,68225.2725,68225.2725,26911.1141,2339444.594,2339444.594
688562.SH,20251014,18.4,3.0826,3.0826,1.01,,,4.3936,6.3289,6.9449,0.2446,,40000.0,17302.0,17302.0,736000.0,318356.8
688563.SH,20251014,54.71,2.0428,2.0428,0.89,42.3711,44.7484,2.3429,8.3965,8.8458,0.9596,0.552,45000.0,11698.8993,11698.8993,2461950.0,640046.7807
688565.SH,20251014,10.19,1.9216,2.8301,1.0,600.9414,106.5601,3.1132,4.0819,3.7968,,,14973.0,14973.0,10166.8,152574.87,152574.87
688566.SH,20251014,32.62,1.2169,4.2924,0.97,29.6608,26.3765,2.8272,7.2562,7.0882,1.5825,2.3912,19943.0865,19943.0865,5654.0723,650543.4816,650543.4816
688567.SH,20251014,17.66,2.4584,4.0814,0.76,,,2.1942,1.8477,2.3822,,,122210.3885,122210.3885,73612.8066,2158235.4609,2158235.4609
688568.SH,20251014,43.1,1.8648,4.3456,1.08,99.0286,95.1048,9.2913,10.6919,9.9486,0.201,0.2028,80807.8912,80807.8912,34675.9681,3482820.1107,3482820.1107
688569.SH,20251014,21.61,0.7944,3.1775,1.68,21.2417,27.4613,1.6018,3.2297,3.7394,2.0824,1.6196,21066.67,21066.67,5266.67,455250.7387,455250.7387
688570.SH,20251014,19.73,0.5476,0.8248,0.8,25.1582,41.4056,1.9995,4.5911,5.0693,2.0274,1.6726,43300.0,18820.0,12494.5,854309.0,371318.6
688571.SH,20251014,8.2,2.4451,6.8835,2.77,25.015,27.6843,2.2037,2.7391,2.7777,1.7614,2.3723,42417.07,42417.07,15066.7232,347819.974,347819.974
688573.SH,20251014,26.34,5.2831,5.2831,0.71,,,3.5767,4.1407,4.6862,0.7521,,9775.4388,5321.6225,5321.6225,257485.058,140171.5367
688575.SH,20251014,14.52,0.5382,0.9802,0.97,27.4682,53.514,3.104,4.1174,4.4529,1.8764,1.4463,57042.68,57042.68,31322.2432,828259.7136,828259.7136
688576.SH,20251014,66.4,2.3309,2.3331,1.89,30.6202,40.7421,1.7686,8.9815,8.8856,1.6181,1.4958,4550.006,2179.2239,2177.187,302120.3984,144700.467
688577.SH,20251014,117.58,1.4496,3.7106,0.63,506.5651,570.4246,13.4275,17.0996,17.3619,0.2486,0.3645,11127.9729,11127.9729,4347.2975,1308427.0536,1308427.0536
688578.SH,20251014,102.08,0.8328,1.6672,0.75,32.1265,25.1712,7.7191,12.9109,10.5474,0.6368,0.7837,45000.0,45000.0,22477.4998,4593600.0,4593600.0
688579.SH,20251014,11.31,1.4738,2.093,0.91,70.6055,71.8167,3.3086,8.1573,8.1433,0.7073,0.5747,40001.0,40001.0,28166.76,452411.31,452411.31
688580.SH,20251014,49.33,1.1047,3.0818,0.72,46.3316,38.8286,2.9134,11.8093,11.2772,2.1631,1.6207,9577.1288,9577.1288,3433.0017,472439.7637,472439.7637
688581.SH,20251014,68.07,2.6929,3.7953,1.29,18.8211,18.7212,2.2752,8.6737,8.18,1.5117,2.0173,8112.2079,4141.6416,2938.5881,552197.9918,281921.5437
688582.SH,20251014,73.38,3.1589,4.3438,1.23,132.3494,91.8765,12.6065,72.693,56.5127,0.1741,0.5178,40071.566,24919.566,18121.6973,2940451.5131,1828597.7531
688583.SH,20251014,88.2,4.0877,4.0877,0.77,64.6896,64.1102,6.8337,23.4433,21.7072,,0.4797,8840.0,1768.0001,1768.0001,779688.0,155937.6088
688584.SH,20251014,23.88,2.0924,5.0405,0.74,131.5673,120.128,3.9036,14.3327,13.3369,1.2499,0.8375,66545.8353,33978.8393,14105.1077,1589114.547,811414.6825
688585.SH,20251014,89.89,4.9651,30.3092,2.5,408.8588,489.8915,27.5258,24.2721,22.9347,0.0667,0.0779,40336.1728,40336.1728,6607.734,3625818.573,3625818.573
688586.SH,20251014,11.32,1.1026,2.9113,1.05,71.4373,154.87,3.6368,8.1966,9.2162,1.1484,0.7951,79133.9156,79133.9156,29969.6828,895795.9246,895795.9246
688588.SH,20251014,17.44,2.8344,5.6694,0.93,56.1269,30.8539,5.6137,6.2611,6.3532,1.1181,1.1074,40001.0003,40001.0003,19998.746,697617.4452,697617.4452
688589.SH,20251014,25.3,4.1282,5.2372,0.86,43.5968,54.9049,3.8332,6.6993,7.6021,0.956,0.9853,14532.831,14532.831,11455.5536,367680.6243,367680.6243
688590.SH,20251014,20.91,3.9877,5.6056,1.27,679.2737,319.6658,3.8475,2.7552,2.7995,0.5405,0.1655,26289.7458,26289.7458,18702.0514,549718.5847,549718.5847
688591.SH,20251014,56.37,7.5438,8.3751,0.88,139.315,79.1283,5.5902,16.0784,13.8202,0.1282,0.3573,24074.3536,16843.7356,15171.7706,1357071.3124,949481.3758
688592.SH,20251014,45.34,4.646,4.646,1.12,,,3.8748,8.8361,7.8768,0.2208,0.2007,8046.0614,3852.1773,3852.1773,364808.4239,174657.7188
688593.SH,20251014,20.06,2.7031,3.6722,0.68,1093.1207,534.4702,5.9686,18.1674,16.4118,0.1942,,45952.9412,32268.1723,23752.1239,921816.0005,647299.5363
688595.SH,20251014,35.9,3.7186,6.3837,0.99,,,7.4319,7.3657,7.1243,,,14409.3092,14409.3092,8393.5539,517294.2003,517294.2003
688596.SH,20251014,45.99,9.3007,11.2516,1.34,25.5265,26.0549,3.7508,2.4631,2.3912,0.6008,0.6071,29292.3934,29292.3934,24213.4674,1347157.1725,1347157.1725
688597.SH,20251014,8.55,2.0252,2.8343,0.99,25.8104,29.7332,3.5739,3.0563,3.0523,0.3981,1.1842,33605.9868,33605.9868,24012.7129,287331.1871,287331.1871
688598.SH,20251014,34.72,3.0615,3.4787,0.87,,,1.4146,13.2029,11.7267,,,20415.7916,20415.7916,17967.5954,708836.2844,708836.2844
688599.SH,20251014,18.74,4.9741,9.1626,2.01,,,1.7971,0.5087,0.5974,3.3569,,217936.5412,217936.5412,118310.6293,4084130.7821,4084130.7821
688600.SH,20251014,21.84,2.041,3.752,1.46,204.2046,66.3838,4.0074,3.974,3.9145,0.8751,0.426,13470.849,13470.849,7327.6451,294203.3422,294203.3422
688601.SH,20251014,40.92,3.1211,5.225,0.88,43.4675,85.2798,4.4506,6.947,7.5218,1.4663,0.9707,13369.27,13369.27,7985.8701,547070.5284,547070.5284
688602.SH,20251014,8.49,3.5525,3.9474,0.86,,,1.5693,6.5344,5.7257,0.7774,,51937.5,25959.6161,23362.7411,440949.375,220397.1407
688603.SH,20251014,68.73,6.1727,6.1727,1.58,114.7874,114.6626,7.5163,22.519,20.3597,0.2276,0.2912,12472.4524,4742.1607,4742.1607,857231.6535,325928.7049
688605.SH,20251014,72.88,23.5517,23.5517,1.23,68.94,70.9456,9.4876,12.9862,11.869,,0.2744,20237.9856,4047.6,4047.6,1474944.3905,294989.088
688606.SH,20251014,67.2,0.7551,1.5982,0.94,17.6138,17.1526,1.3633,6.1479,5.9201,4.3664,4.376,7928.0855,7928.0855,3745.732,532767.3456,532767.3456
688607.SH,20251014,26.11,2.0643,3.5333,0.64,130.3509,239.8076,2.684,7.719,7.3259,0.2051,0.2317,8812.9027,8812.9027,5148.8023,230104.8895,230104.8895
688608.SH,20251014,273.82,3.5684,5.8208,0.89,100.1194,74.643,6.8615,14.1281,12.5613,0.2386,0.5089,16836.6223,16836.6223,10321.5275,4610203.9182,4610203.9182
688609.SH,20251014,9.62,2.9005,3.6482,1.3,,,5.6886,1.9177,2.1162,,,50000.0,50000.0,39752.728,481000.0,481000.0
688610.SH,20251014,68.32,2.4561,4.3044,0.71,295.4729,129.3652,3.1197,18.7133,14.1045,0.2872,,6800.0,4093.2568,2335.6498,464576.0,279651.3046
688611.SH,20251014,38.15,1.2482,2.8624,0.94,80.1195,99.4734,6.6004,10.8093,14.0567,0.3343,0.3745,15338.96,15338.96,6688.7719,585181.324,585181.324
688612.SH,20251014,39.15,1.4951,1.6769,1.04,41.0092,35.9384,4.8957,2.5754,2.5012,2.1983,1.5748,41918.8089,25255.2622,22517.3313,1641121.3684,988743.5151
688613.SH,20251014,24.82,2.9123,4.2293,0.46,,,2.3791,16.5049,16.5212,0.2392,,13700.8584,13700.8584,9434.3757,340055.3055,340055.3055
688615.SH,20251014,164.77,4.2483,4.9842,0.76,57.5932,55.5622,8.5706,16.04,14.4802,,0.867,14000.0,9667.0244,8239.7699,2306780.0,1592835.6104
688616.SH,20251014,12.79,1.0134,2.4279,0.91,22.1179,21.44,2.7968,3.9078,4.0674,1.9208,2.3049,17937.8265,17937.8265,7487.2265,229424.8009,229424.8009
688617.SH,20251014,311.52,0.6918,1.2188,0.99,65.2581,58.1257,15.7204,21.2647,19.2784,0.3046,0.3874,14101.3796,14101.3796,8004.4376,4392861.773,4392861.773
688618.SH,20251014,23.96,1.1508,3.0803,0.53,80.4299,112.2351,3.0776,7.3984,7.0863,1.4685,0.6689,11018.563,11004.7848,4111.5074,264004.7695,263674.6438
688619.SH,20251014,15.69,2.6558,5.6404,0.81,,,3.4423,20.3518,16.634,,,18543.8042,18543.8042,8731.4537,290952.2879,290952.2879
688620.SH,20251014,12.2,5.5707,5.5707,1.06,,,3.4656,9.0732,9.2004,0.2459,,39200.0,23231.852,23231.852,478240.0,283428.5944
688621.SH,20251014,59.25,3.6502,5.0409,1.3,37.405,41.8225,5.9426,6.1531,6.0005,0.2785,0.2684,11200.0,11200.0,8110.27,663600.0,663600.0
688622.SH,20251014,120.08,3.6819,8.2698,1.53,,,21.9578,41.7833,55.6661,,,7046.5521,7046.5521,3137.3033,846149.9762,846149.9762
688623.SH,20251014,67.7,1.7544,1.7544,0.97,46.0956,55.3908,1.9064,10.3667,10.8364,2.7163,1.5689,5914.27,1914.27,1914.27,400396.079,129596.079
688625.SH,20251014,38.25,1.3563,3.5425,0.66,28.782,26.6948,5.2031,8.1665,7.6706,1.3794,1.6957,18832.0951,18832.0951,7210.3447,720327.6376,720327.6376
688626.SH,20251014,50.69,1.2088,3.7289,0.97,78.7849,99.2676,4.0375,10.9079,10.6057,1.0184,0.4563,16000.0,16000.0,5186.78,811040.0,811040.0
688627.SH,20251014,150.82,8.5067,8.5067,0.97,176.8814,195.4589,8.4303,17.6545,16.0185,0.2467,0.2108,9401.1754,7235.1688,7235.1688,1417885.2738,1091208.1584
688628.SH,20251014,34.39,1.1531,2.4419,0.7,20.9575,21.5821,3.1402,3.4003,3.2461,3.4604,3.7516,11176.7588,11176.7588,5277.8063,384368.7351,384368.7351
688629.SH,20251014,84.49,7.8067,7.8067,0.99,,258.1542,24.1658,35.6712,22.7409,0.0592,,46099.2831,18178.3047,18178.3047,3894928.4291,1535884.9641
688630.SH,20251014,127.48,3.8559,6.2794,0.77,104.5103,83.1261,7.7868,17.6052,14.4923,0.6237,0.2892,13174.0716,13174.0716,8089.6513,1679430.6476,1679430.6476
688631.SH,20251014,86.99,6.9574,9.1847,1.35,110.1974,137.7549,7.7701,8.8334,9.9514,0.4713,0.4598,16347.0,6487.0,4913.94,1422025.53,564304.13
688633.SH,20251014,25.95,1.3847,4.137,1.45,25.2053,28.0773,2.3733,5.8972,5.7434,1.2537,1.3441,14376.9677,14376.9677,4812.1677,373082.3118,373082.3118
688636.SH,20251014,33.09,2.9774,5.0566,1.3,285.1088,98.9626,4.9228,12.666,9.6767,0.2849,0.2882,16762.7405,16762.7405,9870.2626,554679.0831,554679.0831
688638.SH,20251014,41.66,2.7411,2.7411,0.65,,,2.5839,4.6069,4.4273,0.24,,5600.0,2646.1022,2646.1022,233296.0,110236.6177
688639.SH,20251014,34.01,2.0221,2.9209,0.8,44.8844,54.9855,3.2349,3.9057,3.2089,1.6644,0.7336,25011.5693,25011.5693,17314.8052,850643.4719,850643.4719
688646.SH,20251014,30.38,1.8489,3.1559,0.92,118.8447,1381.5857,1.9149,4.1774,3.7284,1.4958,0.4219,9516.2608,5898.4988,3455.5908,289104.0031,179196.3935
688648.SH,20251014,62.64,6.0932,7.0548,0.84,,14.6849,3.7813,9.3385,8.8838,0.2554,,13600.0,6612.8924,5711.5518,851904.0,414231.5799
688651.SH,20251014,37.36,5.6426,5.6426,0.94,1729.7482,,2.9792,9.5965,9.267,0.1601,,7539.9,3245.4426,3245.4426,281690.664,121249.7355
688652.SH,20251014,89.8,7.1419,8.947,0.98,98.6608,92.4693,7.0388,14.6974,12.0136,0.0835,0.1392,16800.0,11907.0,9504.7353,1508640.0,1069248.6
688653.SH,20251014,13.72,5.8579,5.8579,0.8,,,4.0452,11.14,9.3049,,,42448.0,31051.4392,31051.4392,582386.56,426025.7458
688655.SH,20251014,19.12,3.1273,5.7329,1.26,,,3.7388,5.374,4.7411,0.3923,,13339.0,13339.0,7276.5755,255041.68,255041.68
688656.SH,20251014,150.06,1.7319,5.3245,0.91,258.8258,328.5656,11.6978,23.676,24.4759,0.2614,0.1961,6347.974,6347.974,2064.8272,952576.9784,952576.9784
688657.SH,20251014,55.02,8.6371,10.0699,1.54,57.2166,53.3776,2.5938,12.4708,11.7735,1.2449,1.2625,6551.4288,4104.4542,3520.4542,360459.6126,225827.0701
688658.SH,20251014,21.24,0.9477,1.8311,0.68,77.2569,,2.7475,2.528,3.1879,0.9301,,45000.0,45000.0,23289.988,955800.0,955800.0
688659.SH,20251014,10.59,2.0765,3.7769,0.94,,,3.1382,2.691,2.5504,,,16000.0,16000.0,8796.688,169440.0,169440.0
688660.SH,20251014,19.56,2.7822,7.3216,0.86,,,5.3871,2.4986,2.1947,,,133333.34,133333.34,50666.6764,2608000.1304,2608000.1304
688661.SH,20251014,46.8,3.9817,8.5733,1.02,,244.1483,5.7741,12.4925,9.124,0.1011,0.1315,15188.7826,15188.7826,7054.0597,710835.0257,710835.0257
688662.SH,20251014,43.84,3.0954,5.8483,0.84,86.9719,90.8802,5.5982,7.5024,7.2562,,0.7982,8824.0,8824.0,4670.304,386844.16,386844.16
688663.SH,20251014,41.47,5.738,10.0418,1.26,33.6295,36.9451,4.3439,3.0575,2.8084,1.1935,1.4181,14138.253,14138.253,8078.7864,586313.3519,586313.3519
688665.SH,20251014,56.19,1.6385,5.269,0.87,50.1104,36.3302,5.1361,6.4711,5.4276,1.0655,0.6201,10055.3341,10055.3341,3126.9841,565009.2231,565009.2231
688667.SH,20251014,62.04,1.4018,3.0757,0.92,203.1445,62.8106,1.9261,2.709,2.5089,0.4558,0.1599,5221.4531,5221.4531,2379.7583,323938.9503,323938.9503
688668.SH,20251014,87.99,3.7161,6.8682,0.76,111.0092,69.4231,6.6636,11.8724,8.9793,0.4045,0.7936,13920.1726,13920.1726,7531.6437,1224835.9871,1224835.9871
688669.SH,20251014,22.48,1.4894,2.8623,0.87,,,2.088,0.6685,0.7068,0.8897,,12133.3334,12133.3334,6313.4869,272757.3348,272757.3348
688670.SH,20251014,15.11,0.5649,1.577,0.67,,,1.5038,23.0383,22.9711,,,12320.0,12320.0,4413.5585,186155.2,186155.2
688671.SH,20251014,21.65,2.2465,3.1605,0.89,,,1.5759,5.1614,4.9919,0.4157,,7851.89,4684.7122,3329.9353,169993.4185,101424.0191
688676.SH,20251014,57.84,7.0819,13.6555,1.72,46.2969,43.1076,5.9154,3.8537,3.7252,0.7731,0.8671,45978.4364,45978.4364,23844.8287,2659392.7614,2659392.7614
688677.SH,20251014,52.15,1.4974,2.3653,0.81,46.1888,44.8969,4.9665,14.1173,12.81,1.0611,1.1399,11987.7,11987.7,7588.9,625158.555,625158.555
688678.SH,20251014,27.93,4.399,7.3167,0.98,133.2826,,4.0597,5.6547,5.0572,0.7111,0.3568,26019.9428,26019.9428,15643.9021,726737.0024,726737.0024
688679.SH,20251014,22.29,3.427,7.4786,0.93,134.9711,331.6731,2.5995,1.8342,1.8543,0.377,0.2738,13168.9675,13168.9675,6034.4875,293536.2856,293536.2856
688680.SH,20251014,48.1,5.7322,9.248,1.44,,,3.0852,1.5596,2.3281,0.2459,0.2459,8402.3891,8402.3891,5208.0091,404154.9157,404154.9157
688681.SH,20251014,17.69,2.9635,4.6303,1.26,60.714,45.5393,3.1891,4.407,4.0357,0.8413,0.8376,10467.0,10467.0,6699.1685,185161.23,185161.23
688682.SH,20251014,29.39,2.0389,5.335,1.25,207.3673,347.5591,4.7026,11.1245,12.1122,0.4861,0.4861,10183.8895,10183.8895,3891.9661,299304.5124,299304.5124
688683.SH,20251014,34.58,1.1114,2.853,1.46,143.6451,135.0698,5.2982,10.2085,7.856,0.188,0.189,15517.7929,15517.7929,6044.9144,536605.2785,536605.2785
688685.SH,20251014,60.78,2.3748,3.7564,0.91,194.0813,152.7981,11.0694,18.5396,15.2883,0.0975,0.2583,14542.6667,14542.6667,9193.8394,883903.282,883903.282
688686.SH,20251014,133.55,0.9442,3.3918,0.76,119.8039,96.6504,5.4216,17.912,15.2333,0.4942,0.1867,12223.5455,12223.5455,3402.7889,1632454.5015,1632454.5015
688687.SH,20251014,28.91,7.4272,9.7333,2.9,34.7126,33.5393,2.6741,4.0169,4.1177,0.847,1.0164,17094.4422,17094.4422,13044.3079,494200.324,494200.324
688689.SH,20251014,26.62,2.1978,6.2817,0.73,47.7418,53.4042,2.8891,3.7747,3.5391,0.7512,0.8524,12890.3167,12890.3167,4509.962,343140.2306,343140.2306
688690.SH,20251014,27.19,1.4972,2.609,0.98,132.5359,108.6059,6.0478,14.0324,12.8222,0.1828,0.2299,40381.4765,40381.4765,23173.2274,1097972.346,1097972.346
688691.SH,20251014,143.9,26.3373,26.3373,1.21,282.863,,13.4075,15.8471,22.2116,0.2974,0.1181,12000.0,7146.501,7146.501,1726800.0,1028381.4939
688692.SH,20251014,259.57,3.7188,5.2582,1.16,81.2272,63.436,8.5392,28.1433,24.1801,0.2844,0.4137,11324.0,7313.665,5172.535,2939370.68,1898408.0241
688693.SH,20251014,40.51,12.8538,16.3637,1.67,,,3.4644,22.9374,16.2637,0.6665,0.2469,7368.4211,3890.4414,3055.9598,298494.7388,157601.7811
688695.SH,20251014,29.46,2.6324,4.0285,1.18,64.7164,87.0659,3.1658,12.8987,12.9396,0.8147,0.4752,8505.1378,5126.9194,3350.1487,250561.3596,151039.0455
688696.SH,20251014,112.89,1.9128,2.4893,0.81,65.7742,38.6034,2.7276,2.3211,2.3035,0.2578,,7000.0,7000.0,5378.7923,790230.0,790230.0
688697.SH,20251014,14.62,1.1215,2.854,1.09,20.5631,21.5377,3.9999,2.7156,2.5933,2.9314,2.9314,45733.338,45733.338,17971.338,668621.4016,668621.4016
688698.SH,20251014,78.5,3.2942,7.7055,0.96,68.494,66.7118,7.6628,10.2324,9.5005,0.529,0.529,21379.4774,21379.4774,9140.1594,1678288.9759,1678288.9759
688699.SH,20251014,36.38,1.856,4.0033,0.88,564.8473,,3.3298,6.5923,6.6445,,,11006.464,11006.464,5102.8395,400415.1603,400415.1603
688700.SH,20251014,36.1,1.9152,2.8846,0.92,155.5051,192.0316,6.1582,14.3631,13.4446,0.532,0.2766,29840.136,29840.136,19812.0874,1077228.9096,1077228.9096
688701.SH,20251014,9.0,1.888,3.7666,0.69,,,6.715,4.9837,7.287,,,13427.7372,13427.7372,6730.7755,120849.6348,120849.6348
688702.SH,20251014,112.1,1.9726,4.2363,0.79,,,19.7155,42.4846,43.4585,,,41000.0,20299.1783,9452.1068,4596100.0,2275537.8874
688707.SH,20251014,14.5,1.7869,2.5638,0.61,,,1.7558,3.7614,4.3351,0.3449,,50874.0205,50874.0205,35457.3393,737673.2973,737673.2973
688708.SH,20251014,68.65,4.6208,4.6208,1.15,53.0835,65.5303,8.677,28.6991,31.6636,,0.5827,40001.0,3840.96,3840.96,2746068.65,263681.904
688709.SH,20251014,47.02,4.993,6.4329,1.12,245.1059,353.9292,10.5335,49.5861,44.0881,0.2382,0.0425,63684.7026,21792.2251,16914.5715,2994454.7163,1024670.4242
688710.SH,20251014,42.13,1.7115,2.6748,1.25,40.1924,160.7556,2.5439,5.2024,6.5179,,0.7596,14097.9615,9069.3964,5803.1427,593947.118,382093.6703
688711.SH,20251014,28.48,14.1032,17.1429,2.51,,,5.8485,4.5582,4.4135,0.2253,,21308.2131,21308.2131,17529.9093,606857.9091,606857.9091
688716.SH,20251014,40.93,7.126,7.8075,1.11,126.7803,172.9799,4.2236,17.9737,18.1583,0.4886,0.4886,12168.0,6992.717,6382.312,498036.24,286211.9068
688717.SH,20251014,72.03,6.6261,7.2647,0.66,56.605,47.549,2.537,3.7505,3.4967,1.3015,1.3015,16000.0,9713.9537,8860.0109,1152480.0,699696.085
688718.SH,20251014,14.54,0.9551,2.8437,0.73,65.4707,72.186,3.21,6.7328,6.724,0.7878,,17375.4389,17375.4389,5835.7859,252638.8816,252638.8816
688719.SH,20251014,46.2,7.2432,7.741,1.4,72.9007,228.3823,3.1127,5.4828,5.3104,0.8493,0.4116,11538.5418,8972.2298,8395.3027,533080.6312,414517.0168
688720.SH,20251014,48.97,6.6464,6.6464,0.85,128.919,118.1788,4.3498,9.9861,8.2007,0.3969,,8813.3334,5528.2656,5528.2656,431588.9366,270719.1664
688721.SH,20251014,52.16,9.9095,9.9095,0.97,75.8264,89.7801,5.8604,28.2485,29.1935,,0.7669,13350.0,3500.4484,3500.4484,696336.0,182583.3885
688722.SH,20251014,18.73,2.2735,4.3789,1.04,32.3202,28.1337,3.0341,6.4802,4.7948,0.4805,0.3565,22466.67,22410.52,11635.52,420800.7291,419749.0396
688726.SH,20251014,45.87,6.0338,6.0338,1.06,25.4926,23.9952,4.8758,3.2458,2.9754,,0.8066,40532.6189,3631.145,3631.145,1859231.2289,166560.6212
688728.SH,20251014,17.26,0.7341,2.8497,0.9,240.2822,322.7399,5.7767,7.0319,6.2087,0.0346,0.126,260058.6667,249888.7173,64373.5706,4488612.5872,4313079.2606
688729.SH,20251014,27.25,7.3852,7.3852,0.8,148.9251,125.7272,9.3163,17.3839,16.0272,,,295556.0,19978.7692,19978.7692,8053901.0,544421.4607
688733.SH,20251014,26.45,7.954,10.9208,2.3,440.1868,,2.4405,10.4736,9.8429,0.3746,0.3746,19977.519,19977.519,14550.2048,528405.3776,528405.3776
688737.SH,20251014,22.05,2.7639,5.2335,1.09,,,1.4533,1.6847,1.6409,,,11956.4509,11956.4509,6314.4567,263639.7423,263639.7423
688739.SH,20251014,27.13,0.6233,1.3751,0.99,32.9568,46.1337,1.2077,6.7403,7.5205,2.9162,2.9147,41645.0,41645.0,18878.62,1129828.85,1129828.85
688750.SH,20251014,21.44,5.338,5.338,1.1,65.3596,88.8115,4.0559,12.266,13.8334,,0.3918,46250.0,8325.0,8325.0,991600.0,178488.0
688755.SH,20251014,45.74,5.2325,5.2325,1.32,50.7337,57.9563,3.3547,5.826,5.6644,,0.2186,8800.0,1654.0747,1654.0747,402512.0,75657.3768
688757.SH,20251014,29.28,9.0788,9.0788,1.0,145.4641,139.5567,13.4283,28.4367,25.174,,0.5089,40331.1486,3504.4769,3504.4769,1180896.031,102611.0836
688758.SH,20251014,17.08,3.6329,3.6329,1.01,83.5276,70.6096,5.5552,22.5487,20.5822,,0.3923,41646.4084,4247.9336,4247.9336,711320.6555,72554.7059
688766.SH,20251014,101.0,6.5271,11.247,0.76,51.1358,75.8392,6.6743,8.2908,8.242,0.1338,0.4367,14804.9102,14804.9102,8591.869,1495295.9302,1495295.9302
688767.SH,20251014,40.2,1.3924,3.3191,1.46,35.4139,54.7025,2.5853,10.7315,12.1148,1.3933,2.6632,14933.3334,14933.3334,6264.5334,600320.0027,600320.0027
688768.SH,20251014,45.69,1.6625,2.5749,0.97,37.3894,33.1974,3.8647,6.8871,6.4829,0.2335,0.9351,8798.8713,8726.3549,5634.1758,402020.4297,398707.1554
688772.SH,20251014,22.52,3.5149,5.7893,1.33,59.2399,57.24,3.7421,2.209,2.0741,1.187,1.3202,113206.8851,113206.8851,68732.2687,2549419.0525,2549419.0525
688775.SH,20251014,270.63,5.1705,5.1705,0.76,109.0955,108.9522,19.9198,19.469,15.9203,,,40100.0,3050.1569,3050.1569,10852263.0,825463.9618
688776.SH,20251014,102.86,7.28,17.611,1.23,236.9411,,6.057,20.7729,26.7553,0.1944,0.1799,10838.3419,10838.3419,4480.3137,1114831.8478,1114831.8478
688777.SH,20251014,55.53,5.1467,6.6846,1.13,39.3333,46.032,4.3322,4.8076,5.0404,1.2549,1.2697,79118.9527,78322.1764,60303.0795,4393475.4434,4349230.4555
688778.SH,20251014,76.1,2.259,6.5992,0.79,77.7353,68.3546,4.3838,2.8884,2.6432,0.7653,0.6992,50469.1083,50469.1083,17276.3703,3840699.1416,3840699.1416
688779.SH,20251014,7.07,2.5111,4.8908,0.77,,,2.0367,2.4624,2.2976,,,192921.9216,192921.9216,99053.2724,1363957.9857,1363957.9857
688786.SH,20251014,32.62,7.4685,12.1225,2.09,66.7308,65.5214,6.5107,11.2279,11.2699,1.0949,0.6387,14380.0003,14380.0003,8859.3916,469075.6098,469075.6098
688787.SH,20251014,110.48,3.3099,5.2343,0.63,587.9211,452.635,9.1441,28.1114,22.116,,0.3144,6032.518,6032.518,3814.6455,666472.5886,666472.5886
688788.SH,20251014,61.35,3.338,7.9667,0.93,,,4.6569,40.8881,34.3808,,,15687.4408,15687.4408,6573.0011,962424.4931,962424.4931
688789.SH,20251014,80.57,1.0892,2.1726,0.89,34.8903,31.1105,4.3578,8.0757,7.1861,0.6647,0.7447,17945.1332,17945.1332,8996.3941,1445839.3819,1445839.3819
688793.SH,20251014,28.94,0.8374,2.3045,1.13,242.5835,,8.2403,2.2921,2.8704,,,8594.5419,8594.5419,3123.1544,248726.0426,248726.0426
688798.SH,20251014,82.78,2.8328,3.6009,0.74,75.7155,60.3235,4.7771,6.5799,7.0923,0.06,0.3979,23312.8636,13574.324,10678.8829,1929838.8488,1123682.5407
688799.SH,20251014,58.47,3.0656,6.7177,1.09,46.7284,62.6086,4.17,5.4342,5.5316,1.0995,0.733,13132.0,13132.0,5992.838,767828.04,767828.04
688800.SH,20251014,69.9,3.8435,6.4216,0.94,82.0259,53.7872,6.498,5.9539,4.8222,0.1096,0.3835,20567.4335,20567.4335,12310.0935,1437663.6017,1437663.6017
688819.SH,20251014,30.59,0.4981,3.5891,0.63,19.1292,24.1963,1.8184,0.6602,0.6707,2.1249,1.3372,97210.0,97210.0,13490.0,2973653.9,2973653.9
688981.SH,20251014,127.2,6.6065,7.3404,0.99,275.1287,233.7587,6.7374,17.607,15.9314,,,800007.1259,199956.2549,179963.3574,101760906.4145,25434435.6233
689009.SH,20251014,63.01,2.2738,2.2946,0.98,41.6886,26.1227,7.6438,3.1837,2.3452,0.443,1.7734,71727.822,55197.6144,54696.3934,4519570.0642,3478001.6833
920000.BJ,20251014,20.45,4.8422,7.6498,0.51,29.079,27.4632,2.9918,3.9545,4.0938,0.8313,0.7335,9168.0,4830.63,3057.74,187485.6,98786.3835
920001.BJ,20251014,20.79,1.4098,2.9819,0.72,96.9492,119.6866,4.2084,14.6675,15.2213,0.481,0.481,15365.6204,8869.102,4193.1651,319451.2481,184388.6306
920002.BJ,20251014,105.32,2.4475,3.8688,0.7,83.241,77.803,6.8402,13.8627,13.7787,,0.2713,4550.2968,3185.7967,2015.3661,479237.259,335528.1084
920005.BJ,20251014,45.16,2.7123,2.7123,0.73,62.9419,53.9061,5.736,9.1958,8.4851,,,8300.0,1900.0,1900.0,374828.0,85804.0
920006.BJ,20251014,28.38,5.5111,5.6344,1.07,,,7.9631,34.4785,28.8963,1.4834,0.3876,9028.72,3429.1876,3354.1622,256235.0736,97320.3441
920007.BJ,20251014,72.1,6.7344,6.7344,2.38,34.9743,31.9841,4.9628,4.321,3.7569,,1.387,4368.045,1064.285,1064.285,314936.0445,76734.9485
920008.BJ,20251014,31.59,3.585,3.9927,0.99,40.0401,105.612,6.6315,7.2204,9.9285,,,6375.0,3317.4309,2978.6809,201386.25,104797.6421
920010.BJ,20251014,14.3,8.5354,16.4592,2.37,74.2222,83.8204,4.9477,6.1531,6.4248,0.3497,0.3497,23450.0,17366.8103,9006.0754,335335.0,248345.3873
920014.BJ,20251014,13.23,1.6365,2.3905,1.39,27.2648,37.7057,2.0685,2.4418,2.6898,1.3458,1.4893,12444.8188,6963.8743,4767.3657,164644.9527,92132.057
920015.BJ,20251014,51.4,31.1937,31.1937,0.77,31.8395,34.2287,4.208,5.4186,5.77,,,13066.6667,3103.3334,3103.3334,671626.6684,159511.3368
920016.BJ,20251014,21.67,2.8065,3.1402,1.07,45.5468,82.0885,4.483,7.5092,7.3136,0.5999,0.9229,7698.1929,3373.8468,3015.3826,166819.8401,73111.2602
920017.BJ,20251014,18.64,1.6137,2.8377,1.04,28.1033,36.66,1.4647,3.5943,3.6686,1.3055,0.8336,12496.12,12328.09,7010.4638,232927.6768,229795.5976
920018.BJ,20251014,30.91,4.1248,4.1248,1.06,38.8518,40.003,4.2389,1.8991,1.6225,,,12732.9564,2914.7732,2914.7732,393575.6823,90095.6396
920019.BJ,20251014,21.67,7.1338,7.8271,0.99,63.5749,62.1842,4.956,3.2652,3.1419,,0.9229,21026.67,5586.49,5091.67,455647.9389,121059.2383
920021.BJ,20251014,6.67,2.4309,2.9897,1.3,,,3.2318,3.1951,3.9213,0.2999,,30899.9983,25188.1971,20480.9989,206102.9887,168005.2747
920022.BJ,20251014,31.15,6.9703,6.9703,0.54,26.0782,25.6449,4.2614,3.5071,3.2733,,,5796.6,1661.5,1661.5,180564.09,51755.725
920023.BJ,20251014,4.33,2.4223,2.7054,1.0,146.792,,1.17,2.8715,2.7068,0.2491,,32730.4,26880.853,24068.333,141722.632,116394.0935
920026.BJ,20251014,38.55,6.0936,11.3083,1.96,,175.197,5.3606,25.2884,13.7435,1.7639,0.5707,8207.7246,4316.8451,2326.1756,316407.7833,166414.3786
920027.BJ,20251014,26.45,3.3968,3.8205,1.27,39.2371,38.576,4.8199,6.2487,5.7621,,,7920.35,3838.55,3412.8,209493.2575,101529.6475
920029.BJ,20251014,94.8,3.7463,3.7463,1.24,22.3541,19.2079,3.8485,4.4895,3.9967,,1.5823,13888.6667,3179.3334,3179.3334,1316645.6032,301400.8063
920030.BJ,20251014,7.26,3.8328,5.9552,0.56,234.4327,1072.9589,2.8272,0.5488,0.5397,,0.2311,17883.9681,11247.4041,7238.9353,129837.6084,81656.1538
920033.BJ,20251014,19.26,2.7285,5.9177,1.42,28.5747,57.7043,3.0891,6.9431,9.9971,0.7988,,11913.525,8276.0958,3815.9508,229454.4915,159397.6051
920037.BJ,20251014,91.76,5.2716,5.2716,1.45,72.2433,51.7173,11.2086,14.5317,12.1055,,0.7149,9146.2908,2956.4308,2956.4308,839263.6438,271282.0902
920039.BJ,20251014,12.68,1.1496,3.7352,0.95,35.0557,41.8538,3.7287,5.9729,6.2045,2.2082,1.5773,15382.0,15381.99,4734.09,195043.76,195043.6332
920046.BJ,20251014,14.29,3.6039,4.7799,1.06,103.5519,102.536,5.8592,8.0116,7.8144,0.4999,0.5598,10115.0,5143.8737,3878.3237,144543.35,73505.9552
920047.BJ,20251014,24.08,1.5824,1.7317,0.68,,,21.1723,91.5877,90.9198,,,27427.1974,18010.6427,16457.4419,660446.9134,433696.2762
920056.BJ,20251014,26.8,5.7957,5.7957,1.13,39.1366,37.2206,4.2879,3.5859,3.5849,,,8169.17,3063.057,3063.057,218933.756,82089.9276
920057.BJ,20251014,7.12,2.557,3.1567,0.94,,,1.8065,1.3124,1.0599,0.2795,,18126.3297,11538.5579,9346.2479,129059.4675,82154.5322
920058.BJ,20251014,36.3,2.8017,5.5118,0.93,36.2636,33.2937,6.1077,3.8634,2.9167,3.4361,2.3759,5608.705,2755.7923,1400.7892,203595.9915,100035.2605
920060.BJ,20251014,33.31,4.1449,4.1449,1.1,41.0716,39.6089,4.9858,4.857,4.5263,,1.5011,15204.4663,7010.1274,7010.1274,506460.7725,233507.3437
920061.BJ,20251014,37.91,9.1791,16.468,1.51,133.6455,327.9748,9.7067,21.4923,24.8148,0.5012,0.3746,7079.0,3748.94,2089.62,268364.89,142122.3154
920062.BJ,20251014,11.36,3.821,4.3887,0.99,50.0139,47.0958,2.845,1.5907,1.4035,0.8704,0.2611,18870.6277,13351.0005,11623.856,214370.3307,151667.3657
920066.BJ,20251014,28.42,4.0764,4.0764,1.28,36.8147,44.3618,4.6194,3.9366,3.7766,,1.2567,6285.3326,1705.4251,1705.4251,178629.1525,48468.1813
920068.BJ,20251014,19.05,4.1076,4.2027,1.14,72.4347,94.5171,9.8781,15.5871,16.4463,,0.5249,65560.0015,6270.4261,6128.5066,1248918.0286,119451.6172
920075.BJ,20251014,30.31,2.8373,4.0117,1.42,47.6458,55.9575,4.9385,3.3162,3.4505,1.5028,1.5253,6481.5,3487.8864,2466.8645,196454.265,105717.8368
920077.BJ,20251014,14.0,1.1356,1.6769,0.81,87.6478,80.0281,3.2572,5.1318,4.0396,0.7143,,58768.1817,31695.6817,21464.7599,822754.5438,443739.5438
920080.BJ,20251014,31.7,36.3425,36.3425,,45.4297,40.2191,4.5282,7.0756,6.5484,,,8000.0,2266.0401,2266.0401,253600.0,71833.4712
920082.BJ,20251014,20.04,6.0642,6.0868,1.56,43.9351,38.925,5.6632,3.8531,3.9372,,1.5968,14535.5,3909.2415,3894.6953,291291.42,78341.1997
920087.BJ,20251014,18.1,10.5335,23.9215,2.33,59.2807,87.4408,5.7991,7.6433,7.7444,1.105,0.8287,16520.0,16062.4725,7072.9289,299012.0,290730.7523
920088.BJ,20251014,35.44,13.7686,13.7686,1.44,58.0553,54.9805,4.6771,8.2222,7.5739,,0.2257,8807.15,2415.0,2415.0,312125.396,85587.6
920089.BJ,20251014,18.29,4.259,5.3079,1.81,22.7907,20.454,2.3389,1.7086,1.5319,0.4686,0.5467,15066.8,9350.0819,7502.3847,275571.772,171012.998
920090.BJ,20251014,7.07,5.2332,5.2332,0.58,,,15.5089,6.7999,20.107,,,19933.3546,13534.74,13534.74,140928.817,95690.6118
920092.BJ,20251014,36.0,2.1301,3.9105,0.99,147.0008,,5.9716,8.2205,10.3922,0.3173,0.1375,6207.97,3192.9705,1739.2103,223486.92,114946.938
920098.BJ,20251014,30.71,2.3159,3.1755,1.17,28.7337,29.2057,2.8083,5.1656,5.0672,,0.9769,8132.0369,4353.7729,3175.1741,249734.8532,133704.3658
920099.BJ,20251014,30.65,1.3776,1.4408,0.56,20.7234,29.816,2.8607,4.3283,4.5241,1.6313,2.2838,7839.9998,3934.828,3762.3266,240295.9939,120602.4782
920100.BJ,20251014,67.38,9.2363,9.2363,0.78,88.2803,83.1981,10.6225,11.8394,10.6991,,,7380.93,1710.0138,1710.0138,497327.0634,115220.7298
920101.BJ,20251014,45.46,5.4421,5.4421,2.1,38.5799,34.6323,3.86,4.5616,4.4499,,,8914.8174,2040.7563,2040.7563,405267.599,92772.7814
920106.BJ,20251014,88.71,2.1926,2.3737,1.23,61.11,38.6495,9.7497,15.844,12.5275,,0.4831,5582.85,2927.51,2704.112,495254.6235,259699.4121
920108.BJ,20251014,15.68,4.9679,4.9679,1.6,41.2591,56.3061,5.4377,5.833,4.8621,,0.4874,17220.0,3540.285,3540.285,270009.6,55511.6688
920110.BJ,20251014,37.89,1.8937,2.8574,0.79,32.9986,31.4561,4.2781,7.3853,7.5036,2.1114,2.6392,3900.0,1623.9,1076.2,147771.0,61529.571
920111.BJ,20251014,27.21,3.7714,3.7714,1.06,36.3957,34.7759,4.8633,4.215,3.8269,,0.735,15515.45,3688.85,3688.85,422175.3945,100373.6085
920112.BJ,20251014,39.24,2.2837,2.2837,0.79,25.7294,24.1996,3.8216,3.1496,3.0659,,,8485.0,2318.3,2318.3,332951.4,90970.092
920116.BJ,20251014,67.13,3.1344,3.1344,1.18,126.2227,117.5134,20.709,37.1973,35.0326,,0.1585,15977.5,4058.078,4058.078,1072569.575,272418.7761
920118.BJ,20251014,26.43,2.6921,3.2622,1.27,19.0778,29.1639,2.4227,0.8438,0.8456,,3.7836,5089.6,3090.11,2550.11,134518.128,81671.6073
920122.BJ,20251014,39.6,2.3809,4.9507,1.6,124.4754,116.3112,10.8713,18.0089,18.3867,0.783,0.7392,9224.2108,3572.4138,1718.0394,365278.7477,141467.5865
920123.BJ,20251014,17.83,2.4251,4.0001,1.15,43.8151,41.7868,5.0648,2.862,2.4876,0.8628,1.2943,11154.0,6363.2896,3857.7448,198875.82,113457.4536
920128.BJ,20251014,31.36,3.5821,3.7774,0.74,53.0741,61.0481,4.9587,4.0163,4.0426,,1.2755,8119.0,2196.0,2082.5,254611.84,68866.56
920130.BJ,20251014,25.63,2.0626,3.932,1.12,,,4.6081,8.4618,7.6346,0.7803,,9224.3236,5666.3256,2972.3552,236419.4139,145227.9251
920132.BJ,20251014,21.84,2.6303,3.0437,0.7,85.2379,148.9014,6.9869,6.1236,6.8613,0.5887,0.4121,8282.4,2812.3225,2430.308,180887.616,61421.1234
920139.BJ,20251014,23.53,1.6587,2.951,0.87,,,5.8385,22.9536,20.8503,0.2482,,26950.7392,26046.848,14640.2104,634150.8934,612882.3334
920145.BJ,20251014,26.32,4.7089,7.6144,0.81,,,7.109,26.4398,26.3766,,,7055.0,4867.475,3010.175,185687.6,128111.942
920146.BJ,20251014,9.65,3.5943,5.0623,0.85,,,5.852,2.5436,2.9264,,,13499.0443,10856.3062,7708.1225,130265.7775,104763.3548
920149.BJ,20251014,13.75,2.7402,3.9745,1.06,,,6.6195,1.8524,2.0571,0.3575,,7501.56,6192.3173,4269.3236,103146.45,85144.3629
920152.BJ,20251014,21.91,3.4194,4.1702,1.42,,,6.5998,3.9442,3.861,0.1335,,11134.17,8216.1225,6736.94,243949.6647,180015.244
920163.BJ,20251014,16.14,1.0296,1.8319,0.77,46.4399,54.7177,4.3649,2.9734,2.6268,1.5525,0.6815,12871.516,6198.5735,3484.036,207746.2682,100044.9763
920167.BJ,20251014,19.22,5.8622,10.7091,2.51,49.8601,,3.4212,0.7888,0.7104,0.5755,0.2029,10970.6125,6527.4437,3573.1087,210855.1723,125457.4679
920169.BJ,20251014,32.91,9.793,15.865,1.43,192.9943,81.609,8.1354,14.6824,13.8165,0.3075,0.3039,8174.539,5083.674,3137.9887,269024.0785,167303.7113
920171.BJ,20251014,25.67,5.1493,8.622,1.5,,,11.8751,16.8997,13.0937,,,10023.3235,6737.5108,4023.8275,257298.7142,172951.9022
920174.BJ,20251014,55.71,3.1018,5.5935,0.57,47.9197,58.3523,6.1378,6.2763,6.4459,0.5241,,9000.8718,8700.0759,4824.5679,501438.568,484681.2284
920175.BJ,20251014,12.6,8.0741,9.6905,1.24,,,2.0697,4.9424,6.0398,0.7937,,11900.0,7927.586,6605.257,149940.0,99887.5836
920179.BJ,20251014,37.94,4.2675,5.8004,0.68,86.4392,93.3527,3.8481,9.2861,9.2591,0.2628,0.3163,7497.0,5966.097,4389.4324,284436.18,226353.7202
920184.BJ,20251014,22.06,6.8368,9.4258,0.78,246.729,299.3191,4.7587,10.9013,11.7695,,,13261.3709,8772.3735,6362.8482,292545.8421,193518.5594
920185.BJ,20251014,29.5,1.0558,4.0146,0.75,35.751,36.3057,2.7313,2.3359,2.2117,1.3359,1.3448,112733.8649,110917.2997,29169.9009,3325649.0146,3272060.3412
920190.BJ,20251014,27.48,1.486,2.8472,0.76,127.8223,100.4132,3.2147,0.9298,0.8816,0.3639,0.4367,10000.0001,9867.5051,5149.9166,274800.0027,271159.0401
920195.BJ,20251014,18.27,1.4274,2.5813,0.79,27.7891,21.5924,2.3608,1.8548,1.6864,0.821,1.0947,9803.0,7075.8985,3912.9068,179100.81,129276.6656
920198.BJ,20251014,10.03,2.3576,2.413,0.9,393.5759,126.5379,4.0292,7.6786,7.8902,,,16136.3872,7015.2938,6854.2938,161847.9636,70363.3968
920199.BJ,20251014,36.43,4.9558,5.2396,1.7,89.3138,197.7036,4.8124,8.5199,8.5976,0.8235,0.4117,6810.98,3720.1495,3518.6206,248124.0014,135525.0463
920204.BJ,20251014,20.24,3.0035,4.2494,1.2,76.3279,105.656,3.9606,6.4925,6.4508,0.4941,0.2964,9428.7797,4998.6938,3533.0943,190838.5011,101173.5625
920207.BJ,20251014,23.77,2.1175,3.1595,0.79,,,7.7679,6.5489,8.0925,0.4289,,9219.5,5631.4468,3774.27,219147.515,133859.4904
920208.BJ,20251014,26.78,1.3322,1.3714,1.05,19.4642,19.4253,4.1718,3.7374,3.7057,3.0641,2.6672,13380.4554,8761.8461,8511.5961,358328.5956,234642.2386
920212.BJ,20251014,14.74,2.1899,3.8476,0.62,89.1251,152.1577,3.7917,3.1477,3.4995,0.3029,0.4071,10610.0,5133.2127,2921.6127,156391.4,75663.5552
920221.BJ,20251014,18.4,2.9054,4.9202,1.41,39.4665,38.6816,5.4235,6.6436,6.439,0.9058,1.8116,11604.0,6176.4908,3647.304,213513.6,113647.4307
920223.BJ,20251014,18.02,5.2973,8.475,0.95,,,11.0234,9.8342,8.0546,,,15728.5,8158.375,5099.3309,283427.57,147013.9175
920225.BJ,20251014,26.8,18.9457,22.9781,2.79,31.7255,29.9336,4.8531,7.0301,6.8036,0.6219,0.7463,12691.8894,8278.2154,6825.4768,340142.6359,221856.1727
920227.BJ,20251014,58.88,2.049,3.368,1.32,54.8771,55.9557,5.8516,15.5447,15.1389,1.6984,1.6984,3894.15,1762.3704,1072.1521,229287.552,103768.3692
920230.BJ,20251014,14.48,1.6871,3.0999,0.83,64.8097,124.5743,3.601,4.6878,4.6179,1.04,0.5312,10044.7495,4670.9014,2542.2025,145447.9728,67634.6523
920237.BJ,20251014,26.33,2.5123,6.9936,0.78,31.0651,37.1241,4.5295,5.9607,6.2117,0.6742,0.8764,8639.28,8453.7856,3036.8105,227472.2424,222588.1748
920239.BJ,20251014,34.48,1.5387,4.0434,0.8,31.8377,28.2745,6.5745,1.7101,1.5462,,1.0358,18207.4204,17943.4708,6828.0404,627791.8554,618690.8732
920242.BJ,20251014,32.62,1.4186,1.9068,0.73,20.1608,18.3422,3.3917,2.8544,2.6291,1.5024,1.2264,6582.375,3670.0225,2730.4356,214717.0725,119716.134
920245.BJ,20251014,29.81,1.476,3.0719,0.82,71.5791,84.0192,4.3328,4.3844,4.4241,0.4936,0.5032,4969.5,3799.5962,1825.6283,148140.795,113265.9627
920247.BJ,20251014,28.48,2.7783,6.8588,0.92,115.9594,128.6768,9.9054,10.9299,10.6101,0.3885,0.3889,15754.4166,11423.5163,4627.3638,448685.7848,325341.7442
920249.BJ,20251014,14.49,4.0755,4.1998,0.88,,,8.544,3.1197,2.7859,,,42163.0,12466.9576,12097.9576,610941.87,180646.2156
920252.BJ,20251014,28.24,9.2729,15.4734,0.64,413.9863,315.7327,11.1561,7.3525,6.9931,0.2125,0.2089,10265.0665,6823.1239,4088.9845,289885.478,192685.0189
920260.BJ,20251014,12.66,0.721,1.7936,0.9,29.4436,33.5146,3.1004,4.4455,4.6542,2.3697,1.5798,10355.0,9896.0709,3977.9986,131094.3,125284.2576
920261.BJ,20251014,15.04,1.2925,1.9296,1.17,24.8,20.2415,2.7909,0.6385,0.6177,1.9368,1.9368,29113.2748,17089.4686,11447.1877,437863.653,257025.6077
920262.BJ,20251014,25.91,2.7806,4.75,0.91,63.8296,49.9413,5.357,3.4729,3.2094,0.8663,1.0391,6911.4185,3118.5407,1825.5988,179074.8533,80801.3895
920263.BJ,20251014,15.11,5.474,8.7461,1.79,39.4704,61.3727,3.74,6.3504,6.1623,0.9371,0.9457,14124.2896,10259.3737,6421.0753,213418.0159,155019.1366
920266.BJ,20251014,10.06,1.3403,1.6959,0.66,,,1.3911,2.4164,2.8631,,,12400.0007,8076.5688,6383.0407,124744.007,81250.2821
920267.BJ,20251014,27.16,3.0253,4.2182,1.08,69.817,87.3758,5.1118,2.1872,2.3659,0.6995,0.6995,4998.2941,2898.5936,2078.8686,135753.6678,78725.8022
920270.BJ,20251014,19.16,1.9497,5.9137,0.86,32.2283,35.9481,5.0704,7.9147,8.3141,2.1747,2.6096,10461.6,8115.8317,2675.7387,200444.256,155499.3354
920271.BJ,20251014,16.55,1.7477,3.0066,0.78,24.4067,24.5123,3.7227,6.2361,5.8384,1.6479,1.0986,13082.3,5789.3181,3365.4001,216512.065,95813.2146
920273.BJ,20251014,37.74,4.9643,9.1513,1.53,44.9087,41.266,6.2135,6.3166,5.4553,0.5577,0.9448,10318.8407,6775.9167,3675.7567,389433.048,255723.0963
920274.BJ,20251014,32.9,1.756,5.7106,0.86,720.7744,243.5548,5.5214,4.1842,4.0767,1.5023,0.3005,8133.3334,8133.3334,2500.9484,267586.6689,267586.6689
920275.BJ,20251014,9.24,0.741,2.0173,0.67,105.3636,147.5312,6.3883,20.5285,20.5717,0.3247,0.6494,15937.76,13200.069,4848.9552,147264.9024,121968.6376
920278.BJ,20251014,9.84,2.0157,2.3692,1.11,62.3389,67.1038,4.6823,4.9828,5.1995,1.0163,2.0325,17450.0,7404.8,6299.9962,171708.0,72863.232
920284.BJ,20251014,44.2,13.0587,16.8744,0.63,,,14.8777,21.9295,22.536,0.0679,,10478.5645,6776.2315,5243.9664,463152.5509,299509.4323
920299.BJ,20251014,18.14,3.8968,5.5612,1.26,66.8176,59.4365,5.9438,14.0701,13.3314,2.4471,0.6064,9010.9276,4508.0484,3158.8469,163458.2267,81775.998
920300.BJ,20251014,16.65,5.7503,7.1718,1.15,,,6.7023,12.0112,13.0894,,,8584.7126,6653.1656,5334.472,142935.4648,110775.2072
920304.BJ,20251014,13.15,1.7304,1.7304,0.96,24.77,34.0819,4.2895,2.7274,3.1715,1.5209,1.5209,16228.8,7882.8854,7882.8854,213408.72,103659.943
920305.BJ,20251014,11.82,5.7384,9.3075,0.98,,,2.5633,31.0448,,,,13237.6125,8110.0875,5000.1718,156468.5798,95861.2343
920339.BJ,20251014,10.0,0.4997,1.385,0.94,33.1663,36.0617,3.7574,3.0671,3.1136,1.9853,0.9972,22020.38,15089.7135,5444.137,220203.8,150897.135
920344.BJ,20251014,26.37,0.7886,2.094,1.08,144.8676,531.6863,5.2285,12.5209,12.4628,0.2844,,12181.0,11356.0796,4276.7777,321212.97,299459.8191
920346.BJ,20251014,28.37,3.5295,5.644,1.25,51.343,48.8732,5.0647,8.7978,8.2699,1.1633,1.1984,8067.7603,4462.3718,2790.5693,228882.3597,126597.488
920351.BJ,20251014,29.8,23.731,23.8324,4.65,149.6135,88.4516,5.7185,1.2631,1.2964,0.3356,0.3356,8803.5439,3526.0439,3511.034,262345.6082,105076.1082
920357.BJ,20251014,26.8,9.5947,16.6828,1.46,44.4652,35.0011,5.5574,5.6952,4.072,1.4925,1.8657,8008.0,4451.46,2560.149,214614.4,119299.128
920363.BJ,20251014,18.95,2.0932,2.9647,1.06,,,5.193,11.6877,10.5843,1.0994,,9545.0,5188.937,3663.5,180877.75,98330.3562
920367.BJ,20251014,21.85,2.3079,4.8463,1.26,69.0875,115.7213,3.2698,10.0695,10.6241,1.1442,1.1442,7086.125,4178.1867,1989.745,154831.8313,91293.3794
920368.BJ,20251014,30.1,2.5322,4.2066,1.3,20.7549,56.9204,1.6706,1.2465,1.6676,0.9912,0.4983,23478.044,22336.9634,13445.7626,706689.1244,672342.5983
920370.BJ,20251014,4.8,1.7517,3.3942,0.59,,,2.3727,3.0715,3.2865,,,30028.3343,26156.2412,13499.0102,144136.0046,125549.9578
920371.BJ,20251014,10.98,2.1908,7.6063,1.52,49.4692,51.1869,3.9421,2.4887,2.4717,0.9107,0.9107,20544.5536,19365.3671,5577.5492,225579.1985,212631.7308
920374.BJ,20251014,27.12,2.4437,3.2814,1.1,98.4083,160.9096,8.6775,11.1881,11.1009,0.4388,0.4014,8151.8,3411.3551,2540.4903,221076.816,92515.9503
920375.BJ,20251014,16.19,3.4253,3.9926,0.9,58.962,59.3294,2.1778,3.007,2.7474,0.8592,,10815.9864,6491.6188,5569.1648,175110.8198,105099.3084
920378.BJ,20251014,10.6,1.7497,3.1538,0.95,66.0766,84.7416,4.3843,4.855,4.5072,0.9434,0.9434,15552.6,11138.2264,6179.5154,164857.56,118065.1998
920392.BJ,20251014,32.19,0.483,0.8982,0.27,72.5022,106.9363,7.3535,3.7807,3.3068,0.2379,0.2379,7620.5,3638.99,1956.92,245303.895,117139.0881
920394.BJ,20251014,43.27,1.4099,4.2578,1.02,62.9534,53.0655,8.4332,15.5124,13.7639,0.4622,0.4622,14625.0,14481.375,4795.375,632823.75,626609.0963
920395.BJ,20251014,14.02,1.7413,3.1401,1.34,36.9169,32.8519,9.7587,13.435,11.2403,2.3103,1.7552,15258.5704,10373.8024,5752.553,213925.157,145440.7096
920396.BJ,20251014,37.91,22.9769,32.0786,1.15,72.0185,74.9237,8.2563,10.7078,11.1216,0.4819,0.5495,7197.6336,5081.2223,3639.5203,272862.2898,192629.1374
920402.BJ,20251014,10.94,1.7086,5.6759,0.61,59.4456,,2.8464,6.5454,8.5383,1.2995,0.1828,42206.0067,42206.0067,12705.4549,461733.7133,461733.7133
920403.BJ,20251014,26.12,10.1586,13.4003,1.69,31.4203,31.0646,5.3847,7.7091,7.7381,0.4207,0.5469,9936.108,5802.433,4398.758,259531.141,151559.55
920405.BJ,20251014,20.92,1.7453,3.3189,0.73,58.0625,51.5735,3.6496,5.7331,5.466,0.8372,0.7953,14026.0,11009.0256,5789.1638,293423.92,230308.8156
920407.BJ,20251014,20.46,5.4697,9.3025,0.97,90.0086,89.3512,6.564,7.7017,7.0199,0.7519,0.376,8538.4,3476.0895,2043.886,174695.664,71120.7912
920414.BJ,20251014,14.2,6.6826,7.628,0.9,,,3.9282,13.8205,16.3163,0.2649,,7974.8171,5527.5836,4842.5029,113242.4028,78491.6871
920415.BJ,20251014,16.77,3.8423,5.3445,0.75,136.2706,193.9322,4.4218,12.9429,14.1121,0.4143,0.2071,14051.1487,10641.9991,7650.9661,235637.7637,178466.3249
920418.BJ,20251014,28.85,1.711,3.1227,0.96,31.1175,29.4456,5.4953,6.5524,6.5632,0.9284,1.011,16248.96,15599.6309,8547.6857,468782.496,450049.3515
920419.BJ,20251014,18.35,1.6217,2.9813,1.1,24.1911,25.5543,3.3126,2.4377,2.3192,0.3816,0.545,10330.64,9664.6149,5257.0376,189567.244,177345.6834
920422.BJ,20251014,14.7,4.9702,11.1872,1.18,86.9522,93.5921,3.1178,2.5154,2.6245,1.3605,1.0204,8848.271,6622.271,2942.081,130069.5837,97347.3837
920425.BJ,20251014,23.3,2.7787,4.1049,0.99,97.8986,61.023,6.5359,21.2287,18.581,0.8759,0.6131,7093.6548,5921.3298,4008.2891,165282.1568,137966.9843
920427.BJ,20251014,15.12,3.7498,6.7023,1.23,101.2576,115.8105,4.7778,19.4669,18.8909,1.8519,0.959,10309.5,5062.0164,2832.108,155879.64,76537.688
920429.BJ,20251014,18.13,2.308,4.5546,1.83,25.2725,39.4795,2.7222,2.1703,2.0606,1.1031,1.3638,12450.0,11328.8891,5740.7989,225718.5,205392.7594
920433.BJ,20251014,6.62,1.5128,2.8346,1.03,160.7924,,3.8404,8.1667,9.6404,1.222,0.9063,25591.9681,16935.5422,9038.2415,169418.8288,112113.2894
920436.BJ,20251014,17.71,0.9662,2.6235,0.49,,,4.3891,2.0926,1.5413,,,9447.6,8886.8151,3272.8654,167316.996,157385.4954
920438.BJ,20251014,42.24,3.0345,5.1079,0.79,86.9595,175.7704,6.2486,10.7897,12.3397,0.2312,0.2312,14463.0,13939.405,8281.25,610917.12,588800.4672
920445.BJ,20251014,11.45,4.1855,4.9973,1.87,102.9818,68.6844,5.3317,5.2675,4.5694,2.3906,2.3531,14693.0025,10526.2791,8816.415,168234.8786,120525.8957
920454.BJ,20251014,18.23,2.6298,4.2604,0.82,83.6456,67.5671,6.0714,14.3801,12.3054,0.5485,0.8777,10510.0,6317.9125,3899.8,191597.3,115175.5449
920455.BJ,20251014,9.66,0.9156,1.5914,0.75,49.2482,68.6939,5.1649,12.1184,11.7714,1.4493,1.8634,17745.0,9278.3076,5337.9928,171416.7,89628.4514
920469.BJ,20251014,13.94,1.6921,2.2795,0.69,54.5825,176.3557,4.2115,2.4023,2.6375,0.8277,0.3587,14094.6,10344.8162,7679.1736,196478.724,144206.7378
920471.BJ,20251014,14.6,1.7614,2.9353,0.95,,,2.3147,2.2512,2.4851,0.6761,0.6744,8320.0,5303.0607,3182.2643,121472.0,77424.6862
920475.BJ,20251014,19.13,2.0975,3.2704,0.94,123.1961,5645.3178,5.4553,4.4379,6.8048,0.6372,0.2614,10106.0,4204.986,2696.8151,193327.78,80441.3822
920476.BJ,20251014,26.25,3.6197,4.5334,0.79,171.0541,68.6703,5.1047,7.2067,6.4728,0.7565,0.5442,8517.98,8062.9983,6437.9983,223596.975,211653.7054
920478.BJ,20251014,22.11,2.6652,3.3104,1.04,35.0404,28.5454,3.4519,6.4343,5.8855,0.923,1.2922,7870.87,4720.6071,3800.5397,174024.9357,104372.623
920489.BJ,20251014,21.83,6.4749,6.4749,1.17,253.733,,6.2763,5.1801,5.4435,0.9162,0.8246,13645.92,8565.3749,8565.3749,297890.4336,186982.1341
920491.BJ,20251014,31.45,3.6211,3.8975,0.71,50.641,48.6126,4.3338,7.1925,6.692,0.636,0.9539,14114.318,11557.5071,10738.0269,443895.3011,363483.5983
920493.BJ,20251014,139.99,2.3397,3.1255,0.74,693.2857,647.7265,20.0083,12.7689,9.9283,,,5970.9405,4129.6948,3091.4048,835871.9606,578115.9751
920496.BJ,20251014,10.83,2.0204,2.9913,1.01,42.2301,40.8467,3.1263,2.8484,2.6559,1.8467,0.4617,16557.5,14511.8432,9801.9366,179317.725,157163.2619
920504.BJ,20251014,26.78,1.6563,2.0443,0.51,73.3984,74.5743,5.9472,9.4994,9.7614,1.3069,0.7468,4333.31,1709.7703,1385.2703,116046.0418,45787.6486
920505.BJ,20251014,63.0,18.6369,39.5672,1.65,168.9359,175.1191,12.3819,26.9744,26.5922,0.1635,0.2371,6486.773,3627.7191,1708.7263,408666.699,228546.3033
920508.BJ,20251014,26.33,1.8719,3.0977,0.69,366.1473,275.2653,8.2872,19.598,19.4122,0.633,0.633,6000.0,3124.5,1888.08,157980.0,82268.085
920509.BJ,20251014,47.77,25.8561,37.7221,2.85,151.828,125.7721,23.1973,39.4834,36.7418,0.5324,0.5238,16030.5696,8397.126,5755.6853,765780.3098,401130.709
920510.BJ,20251014,18.8,1.6034,2.3472,1.02,164.4706,620.1765,8.6336,14.9027,16.1511,0.4559,,18421.3929,9389.9078,6414.2078,346322.1865,176530.2666
920519.BJ,20251014,13.35,1.4959,1.7186,0.86,38.897,76.1399,2.3578,2.2627,2.6545,2.2406,0.7398,8925.8104,6299.4354,5483.0888,119159.5688,84097.4626
920522.BJ,20251014,60.18,2.0939,2.8166,0.71,58.2894,82.3764,8.8656,8.9542,9.8221,0.2969,0.3561,15675.072,13003.746,9667.0021,943325.833,782565.4343
920523.BJ,20251014,28.48,2.839,3.7067,0.61,19.162,17.853,4.5193,5.5483,5.2745,0.5402,1.0534,10130.1369,8103.9513,6206.8419,288506.2989,230800.533
920526.BJ,20251014,27.44,1.4486,2.9821,0.77,97.285,136.3457,10.2571,19.7282,19.3913,0.3644,0.3644,8270.0,5236.7486,2543.7467,226928.8,143696.3816
920527.BJ,20251014,18.75,1.4677,1.8684,0.64,48.6289,48.4304,2.9433,2.9594,2.9802,0.4267,0.7894,6004.27,3634.7987,2855.3987,112580.0625,68152.4756
920533.BJ,20251014,32.81,3.8521,5.5097,0.85,83.8639,151.0261,12.3665,5.6823,6.1534,0.4669,0.4689,13075.7328,7220.99,5048.5488,429014.7932,236920.6819
920541.BJ,20251014,15.35,1.4629,2.2199,1.0,36.8187,32.134,4.9876,7.4955,7.0692,1.4481,1.4984,13670.0,9005.8684,5934.8484,209834.5,138240.0799
920547.BJ,20251014,26.0,2.8488,4.4816,1.48,47.1374,38.4921,2.9503,5.9587,5.4459,0.9615,0.7692,7768.8,3771.84,2397.6,201988.8,98067.84
920553.BJ,20251014,10.95,2.1443,3.4497,0.84,102.282,59.1375,4.4954,3.5684,3.4943,0.9132,0.7306,14369.046,9186.5218,5710.328,157341.0537,100592.4137
920556.BJ,20251014,10.86,2.0974,2.8691,0.74,69.642,60.1685,3.3917,5.4802,5.0558,2.7509,0.917,16131.52,11816.5939,8638.4489,175188.3072,128328.2098
920564.BJ,20251014,22.25,1.9874,3.2119,0.72,339.8944,246.8848,6.3739,11.1064,9.8065,0.188,0.1873,8910.3621,4051.5548,2506.8761,198255.5567,90147.0943
920566.BJ,20251014,12.08,1.4282,1.571,0.8,20.5175,21.5406,2.2445,4.2273,4.2474,2.9073,1.6556,14546.338,11234.6561,10213.4429,175719.763,135714.6457
920570.BJ,20251014,39.4,5.0551,7.3449,1.11,189.3963,,5.7963,15.4072,16.2678,0.7581,0.2307,5016.9821,2462.8672,1695.0527,197669.0947,97036.9677
920571.BJ,20251014,10.91,15.6803,20.4997,3.66,267.3711,,4.4616,6.4708,6.6496,,,55540.7453,28157.4463,21537.658,605949.5312,307197.7391
920575.BJ,20251014,12.37,2.0012,2.0099,0.71,,,8.57,3924.0256,2590.9672,,,28094.0,18793.868,18712.6,347522.78,232480.1472
920576.BJ,20251014,31.25,3.5826,14.5868,1.05,56.0785,93.3982,7.7203,6.5044,8.1075,2.56,0.96,10895.0,10712.7654,2631.1154,340468.75,334773.9188
920578.BJ,20251014,27.36,4.0367,4.0367,0.89,,254.2505,7.7633,8.2838,8.7353,,,7647.9097,2300.0,2300.0,209246.8094,62928.0
920579.BJ,20251014,24.85,2.6245,2.6245,0.75,274.7686,,6.2822,6.9999,7.4914,0.9256,0.1288,12948.0,4457.442,4457.442,321757.8,110767.4337
920580.BJ,20251014,16.41,7.0224,10.1272,0.96,148.5147,138.0883,4.2624,12.2595,11.3589,0.7313,0.4266,8600.0,4710.4023,3266.2742,141126.0,77297.7017
920592.BJ,20251014,42.92,2.3877,4.073,0.64,288.5261,260.4584,9.8081,16.509,17.2521,,0.3584,8079.5,4963.5581,2909.7683,346772.14,213035.9137
920593.BJ,20251014,36.14,2.1788,4.339,1.04,177.5834,164.7639,9.8364,30.7198,28.1304,0.559,0.3913,19016.4392,16161.0277,8115.2848,687254.1127,584059.5411
920599.BJ,20251014,19.36,1.2339,1.8235,0.74,11.2908,10.9528,2.9059,1.4573,1.3773,2.5268,3.5377,46252.5,34857.4346,23586.5137,895448.4,674839.9339
920608.BJ,20251014,23.03,2.8213,3.8084,1.37,43.4856,40.8695,3.0788,9.2126,9.1004,0.6513,1.3026,6224.0,4089.9548,3029.9124,143338.72,94191.659
920627.BJ,20251014,27.05,6.2707,10.9126,0.52,77.7628,93.0885,5.7302,3.5755,3.4054,1.1091,0.4436,9445.0,4681.75,2690.27,255487.25,126641.3375
920634.BJ,20251014,30.68,16.4227,35.6307,2.08,70.4177,87.8155,7.1314,2.0697,2.0061,0.3173,0.3252,6391.2046,3992.5368,1840.2216,196082.1571,122491.029
920639.BJ,20251014,8.49,1.5865,2.0465,0.69,71.1034,315.13,2.0014,0.8525,0.8152,1.1668,,20160.0,11710.1133,9078.2787,171158.4,99418.8619
920640.BJ,20251014,26.7,2.9491,6.5123,1.33,98.0375,91.6999,5.5868,6.571,6.3243,1.1236,0.3745,18772.8,18060.2235,8178.6829,501233.76,482207.9675
920641.BJ,20251014,20.72,11.2405,17.7146,1.48,,,4.6298,2.8594,3.1905,0.9941,0.4826,7507.5,4465.7345,2833.647,155555.4,92530.0188
920642.BJ,20251014,15.25,3.1252,5.7473,1.07,,,6.6566,9.4889,10.7141,0.3906,0.3255,10367.0278,10058.9878,5469.8158,158097.174,153399.564
920651.BJ,20251014,38.36,10.0463,10.0463,1.52,31.4865,28.4055,4.765,7.8083,7.2414,1.8248,1.8248,6100.0,1527.4871,1527.4871,233996.0,58594.4052
920656.BJ,20251014,17.95,3.8878,5.0348,1.14,35.3693,31.1485,2.7048,10.7997,9.1532,2.2284,1.1142,10000.0,3237.6281,2500.0125,179500.0,58115.4244
920662.BJ,20251014,30.99,5.4964,5.4964,0.95,91.0193,111.5363,5.9844,7.8152,7.3093,0.7389,0.555,8755.0002,2458.0687,2458.0687,271317.4562,76175.549
920663.BJ,20251014,20.5,1.0964,1.9042,0.66,34.6009,35.2101,7.3308,8.9965,7.9595,1.4637,1.4603,13355.251,6326.2837,3642.4413,273782.6455,129688.8159
920665.BJ,20251014,13.29,0.991,1.5359,0.8,27.8175,37.4873,2.4263,5.13,5.4364,1.8811,1.1287,12999.0,6407.1668,4134.2698,172756.71,85151.2468
920670.BJ,20251014,14.03,3.4914,4.2391,0.72,,,6.2723,22.4558,17.6868,0.4277,,10618.24,6664.8421,5489.1912,148973.9072,93507.7347
920675.BJ,20251014,11.03,1.4797,2.4721,0.86,37.4412,38.3913,3.1134,3.1277,3.2947,1.8133,1.8132,17216.4,7901.787,4729.666,189896.892,87156.7106
920679.BJ,20251014,22.32,2.8994,4.5536,0.77,53.8798,100.0763,2.5324,9.0845,11.5938,5.8244,1.6129,5585.0,2617.925,1666.9,124657.2,58432.086
920682.BJ,20251014,10.0,2.9493,4.3056,1.24,24.4123,25.4997,2.9114,0.9052,0.898,2.5641,1.6667,32448.0,18832.4422,12900.2284,324480.0,188324.422
920685.BJ,20251014,15.35,1.597,2.0209,0.7,33.746,34.7436,2.6254,8.3571,8.1499,2.5308,1.1388,9151.5941,5479.108,4329.7163,140476.9694,84104.3078
920689.BJ,20251014,36.37,6.1218,9.2175,1.54,48.8434,50.1201,5.7171,5.049,4.8509,1.3748,1.0998,7340.0,3793.0617,2519.162,266955.8,137953.654
920690.BJ,20251014,31.89,2.6232,4.9265,0.5,33.8227,32.1702,3.7639,7.3977,6.2817,0.7839,1.2543,6630.0,4309.908,2294.87,211430.7,137442.9661
920693.BJ,20251014,45.53,3.8975,6.3986,0.91,192.8152,288.415,9.4364,13.4075,12.4777,0.0791,0.1537,7270.0,3661.0,2230.0,331003.1,166685.33
920694.BJ,20251014,19.35,1.9547,3.6066,1.12,24.3821,21.2381,3.0046,4.265,3.8246,1.2007,1.1994,13208.8476,6249.0441,3386.7633,255591.2011,120919.0033
920699.BJ,20251014,55.56,3.7932,6.2719,1.08,31.1446,30.6897,8.1473,6.0782,6.0984,1.1825,1.1699,4562.53,2087.53,1262.53,253494.1668,115983.1668
920701.BJ,20251014,18.86,1.0998,3.0056,0.86,15.0878,41.1501,3.1937,3.2365,3.0611,1.8937,1.1362,13720.0,10020.724,3666.58,258759.2,188990.8546
920703.BJ,20251014,15.1,1.5752,2.5081,0.77,14.7625,26.2741,2.136,4.2071,6.4955,2.3652,1.8921,15072.4,7626.5147,4789.6887,227593.24,115160.372
920706.BJ,20251014,21.3,4.1723,6.1808,1.01,38.4635,38.0731,3.409,4.3192,4.71,1.1737,0.939,9240.5245,4234.687,2858.5745,196823.1719,90198.8331
920717.BJ,20251014,11.89,2.4664,3.0103,1.22,85.1169,100.0392,2.4191,7.7452,7.6669,0.7446,0.3475,11468.0,4428.0,3628.0,136354.52,52648.92
920718.BJ,20251014,18.43,3.9576,6.6907,1.25,21.9162,23.9235,2.8694,1.3952,1.3478,0.5426,1.0852,9066.67,4274.4319,2528.385,167098.7281,78777.7799
920719.BJ,20251014,15.48,7.302,8.0045,0.81,,,2.5601,3.8787,5.4948,0.646,,9309.34,7319.3662,6676.9655,144108.5832,113303.7888
920720.BJ,20251014,16.13,8.0786,8.2213,1.59,75.695,68.4624,8.7664,7.4473,6.4188,0.6997,0.7085,26630.716,7158.8383,7034.5743,429553.4491,115472.0618
920725.BJ,20251014,31.7,27.7019,43.5683,3.61,734.4946,,4.7588,13.3772,15.8413,0.4751,0.3133,9127.5,4207.7762,2675.415,289341.75,133386.5055
920726.BJ,20251014,19.38,2.9649,6.4862,1.26,107.1132,110.6747,4.4074,8.2764,8.3315,1.0335,0.8782,10167.0,5591.7205,2556.0525,197036.46,108367.5433
920729.BJ,20251014,9.31,1.7935,1.7935,0.97,63.3949,57.4073,3.9175,9.4611,9.3722,1.9079,1.3963,27335.0,7682.5041,7682.5041,254488.85,71524.1132
920735.BJ,20251014,37.78,2.0812,3.0857,1.42,25.043,22.7789,3.7955,5.1035,4.6143,0.6355,0.8117,11731.599,10375.7231,6998.2631,443219.8102,391994.8187
920748.BJ,20251014,42.2,3.4566,15.0776,1.02,870.1906,,12.6091,15.0843,18.0553,0.237,0.237,7674.0,6234.7575,1429.3509,323842.8,263106.7665
920751.BJ,20251014,22.17,1.8054,2.871,0.85,48.5796,42.9917,5.0755,8.9395,8.5941,1.3532,1.3532,8678.0,8306.7125,5223.7125,192391.26,184159.8161
920753.BJ,20251014,24.44,3.027,4.3821,1.21,69.2118,64.2719,5.1802,9.151,8.6111,1.6694,1.2602,8140.4368,3151.2025,2176.739,198952.2754,77015.3891
920765.BJ,20251014,22.0,2.7626,5.6907,0.97,102.8689,356.6365,6.3469,3.6381,3.6991,1.0168,0.949,8967.1523,5637.105,2736.5993,197277.3506,124016.31
920768.BJ,20251014,12.98,3.9282,5.2004,1.16,,55.2847,2.1112,0.8853,0.8655,,,11097.0,7657.1789,5783.905,144039.06,99390.1821
920770.BJ,20251014,20.61,24.9494,29.7887,5.6,76.1283,68.2475,4.5077,17.3543,15.8152,0.2426,0.5822,13013.2175,8189.38,6858.9887,268202.4127,168783.1218
920779.BJ,20251014,40.45,4.001,4.001,0.53,44.0098,47.3832,7.0917,18.4701,19.2347,2.4718,2.6307,8007.472,2003.3202,2003.3202,323902.2424,81034.3021
920781.BJ,20251014,10.38,4.3774,4.7692,0.79,69.8431,1106.2535,4.0071,3.561,4.2237,0.4379,0.1752,15456.7054,10208.223,9369.7165,160440.6021,105961.3547
920786.BJ,20251014,10.42,6.8388,9.37,1.3,,,2.9871,1.6798,1.4605,1.9194,,20905.3,14219.6455,10378.394,217833.226,148168.7061
920790.BJ,20251014,41.94,1.7451,3.8206,0.66,344.5479,170.5126,10.0974,14.7297,15.2371,0.4769,0.3577,7896.702,5434.8958,2482.4558,331187.6819,227939.5299
920792.BJ,20251014,13.4,4.2041,6.539,1.72,42.5603,42.2498,2.2192,3.2503,3.3856,,0.7463,16554.0,10035.8838,6452.3743,221823.6,134480.8429
920799.BJ,20251014,52.31,1.6889,2.7702,0.65,167.0884,132.7095,27.4761,18.0349,20.4997,0.4759,0.4759,20978.005,12070.4571,7359.1775,1097359.4416,631405.6109
920802.BJ,20251014,17.39,3.7541,3.9591,0.78,62.9514,62.7295,3.3379,7.3761,7.4067,0.6635,0.7077,8200.829,2209.8593,2095.4093,142612.4163,38429.4532
920806.BJ,20251014,14.07,0.7491,2.3063,0.67,36.4471,38.3369,2.8304,1.8422,1.9925,0.7107,0.7107,30073.6667,30073.6667,9768.3387,423136.4905,423136.4905
920807.BJ,20251014,19.63,13.5077,19.5076,1.25,146.3711,136.4775,3.8146,6.2357,6.0447,0.917,0.5094,18188.0,12363.2757,8560.7683,357030.44,242691.102
920808.BJ,20251014,84.78,0.9928,3.0819,0.77,276.0464,643.8593,24.7175,33.4932,30.9116,0.1238,0.0731,20000.0001,19460.3262,6268.864,1695600.0085,1649846.4552
920809.BJ,20251014,5.84,3.0329,3.0329,0.57,,,2.1328,2.315,1.476,,,59905.0,45910.7148,45910.7148,349845.2,268118.5744
920810.BJ,20251014,14.96,2.2783,3.9168,0.92,,,6.135,18.2389,14.4224,0.4775,,9590.0,6240.7545,3630.1504,143466.4,93361.6873
920819.BJ,20251014,4.21,0.6954,1.8023,1.16,,,1.0126,0.8852,0.8721,2.3753,,122580.0,120750.75,46587.4042,516061.8,508360.6575
920821.BJ,20251014,28.63,1.9657,3.8272,1.06,153.4471,146.7217,7.587,10.1126,9.0553,0.2673,0.2495,13836.1899,7285.3422,3741.898,396130.1168,208579.3472
920826.BJ,20251014,13.35,14.9343,15.6288,1.83,45.669,44.6626,5.4071,3.5113,3.3388,0.9241,0.7491,14051.5814,6018.2612,5750.799,187588.6117,80343.787
920832.BJ,20251014,8.31,8.1918,8.5435,2.71,108.7625,187.4696,1.5403,2.6405,2.8933,0.9392,0.9627,13876.3865,12252.0083,11747.5881,115312.7718,101814.189
920833.BJ,20251014,19.98,2.043,3.8778,1.07,66.3649,54.3864,2.723,3.879,3.7178,2.2523,1.7518,8236.0,6246.675,3291.025,164555.28,124808.5665
920834.BJ,20251014,15.51,5.1701,9.8189,0.7,54.7447,47.7685,6.5875,6.8605,6.4244,2.2566,1.4829,12000.0005,6279.6439,3306.5414,186120.0078,97397.2769
920837.BJ,20251014,16.26,1.2919,3.8543,1.08,38.1169,33.7023,4.626,4.6823,4.3638,1.23,1.353,15171.2787,13678.7787,4584.7787,246684.9917,222416.9417
920839.BJ,20251014,48.41,8.7408,17.6512,2.13,53.0829,45.0637,9.7043,9.1823,8.6336,0.8199,1.0241,11921.5,6605.8875,3271.225,577119.815,319791.0139
920855.BJ,20251014,20.09,0.9536,3.1381,0.75,38.7091,32.9171,2.6566,5.7231,5.3289,1.3937,1.0453,7473.3333,6707.4411,2038.2683,150139.266,134752.4917
920856.BJ,20251014,18.5,2.5161,4.2281,1.1,92.4242,39.4355,3.7607,3.2314,2.7813,,0.4914,9512.6628,5310.5412,3160.1896,175984.2618,98245.0122
920857.BJ,20251014,26.76,4.0193,13.4119,1.01,121.2589,281.1827,5.1641,4.2349,4.4634,1.1211,0.3737,7400.7152,7400.7152,2217.8286,198043.1388,198043.1388
920866.BJ,20251014,9.22,3.0182,4.1943,1.22,33.3271,35.5957,2.2054,3.3153,3.1729,1.5984,1.5984,18020.59,9360.9737,6736.0588,166149.8398,86308.1775
920870.BJ,20251014,19.38,3.9583,6.9991,0.67,120.7967,112.3665,5.8561,29.0481,24.4114,0.774,0.5676,13400.0,6600.29,3732.76,259692.0,127913.6202
920871.BJ,20251014,17.35,3.4946,5.6628,0.87,50.3827,67.0507,5.7235,8.7921,8.835,1.0002,1.0479,8498.5577,4426.0439,2731.3601,147449.9761,76791.8617
920873.BJ,20251014,7.76,2.2457,2.3981,0.4,,,4.0292,16.3424,15.5324,,,15338.7002,11020.3517,10320.3517,119028.3136,85517.9292
920876.BJ,20251014,28.85,3.3642,5.5417,1.15,1195.9844,,7.3614,4.2392,3.7689,0.1733,0.1733,6418.0659,3864.4714,2346.006,185161.2012,111489.9999
920879.BJ,20251014,24.43,1.7004,3.2747,1.18,52.9615,50.3136,7.1315,11.4321,10.8256,1.3257,1.4478,16696.6331,13484.1998,7001.7398,407898.7466,329419.0011
920885.BJ,20251014,19.94,3.838,5.7745,1.07,211.8998,109.1199,8.4583,23.146,19.5809,0.1753,0.2245,17081.99,8719.7195,5795.52,340614.8806,173871.2068
920892.BJ,20251014,15.98,0.5713,1.798,0.83,27.8006,26.9522,7.2036,4.8536,4.7501,2.8445,3.4134,17035.1353,14621.9941,4645.5614,272221.4621,233659.4657
920895.BJ,20251014,24.23,4.5804,7.0542,1.75,876.4882,,7.0773,16.6645,21.8937,1.4445,,5652.4,2873.69,1865.94,136957.652,69629.5087
920896.BJ,20251014,21.72,5.7234,9.8629,1.29,62.1552,43.8825,5.3315,6.3205,5.5692,0.9208,1.3812,10122.424,4440.181,2576.6376,219859.0493,96440.7313
920906.BJ,20251014,29.5,6.3346,9.4688,0.87,109.4808,46.7337,3.3199,2.6605,2.7093,0.3017,0.3017,6497.0,3318.3223,2219.9631,191661.5,97890.5079
920914.BJ,20251014,29.99,5.2793,9.0762,1.28,44.4673,43.7892,3.1885,3.5192,3.1549,0.3301,0.3301,10000.0,9992.125,5812.1045,299900.0,299663.8288
920924.BJ,20251014,24.06,1.7272,2.1653,0.72,94.5581,93.1472,8.2484,6.4155,6.2643,0.1586,0.2082,10729.65,6181.366,4930.6066,258155.379,148723.666
920925.BJ,20251014,35.4,3.1901,4.6708,1.12,583.2026,190.8807,9.3824,18.7314,14.7568,0.2778,0.0829,9846.0643,5529.5053,3776.6043,348550.6762,195744.4876
920926.BJ,20251014,19.34,2.0691,7.037,0.86,48.2425,47.0157,6.4448,3.5603,3.4894,0.8549,1.4166,8836.1737,8018.2379,2357.6617,170891.5994,155072.721
920931.BJ,20251014,16.79,1.642,1.642,0.57,40.2696,49.3143,4.1018,3.9334,4.2549,0.5956,0.5956,9393.0,2877.58,2877.58,157708.47,48314.5682
920932.BJ,20251014,23.88,2.6697,3.6998,0.81,72.8962,102.4377,3.6959,5.8014,6.1369,0.608,0.0912,10535.035,8618.1245,6218.7809,251576.6358,205800.8131
920942.BJ,20251014,38.44,3.8057,4.8669,1.19,62.7836,72.1315,4.7835,12.0408,13.2419,0.3882,0.3902,6132.71,4096.9719,3203.6319,235741.3724,157487.5998
920943.BJ,20251014,24.38,2.6545,4.1988,1.11,31.7651,28.4184,3.986,2.5555,2.3839,0.8203,1.0254,10152.1378,5180.7833,3275.3213,247509.1196,126307.4969
920946.BJ,20251014,10.88,0.6357,2.298,1.16,37.5313,38.0729,3.8639,8.6475,8.8334,1.4706,1.2868,42691.834,42678.709,11806.275,464487.1539,464344.3539
920950.BJ,20251014,20.73,1.0553,1.9368,0.48,25.5941,27.3026,5.0448,6.8036,7.1413,1.9481,1.809,7332.0,3705.0,2018.64,151992.36,76804.65
920953.BJ,20251014,37.76,7.5372,12.6183,2.01,78.719,71.4164,8.7961,18.056,17.0721,0.342,0.3368,12811.599,5988.5753,3577.101,483765.9782,226128.6033
920957.BJ,20251014,14.37,1.8751,3.1289,0.62,77.3637,298.5441,3.9771,2.6261,2.5125,0.6959,0.6959,10730.1334,4270.4734,2559.2134,154192.017,61366.7028
920961.BJ,20251014,26.6,5.4711,7.001,0.64,304.9993,218.5841,5.0163,16.3285,15.1983,0.186,0.188,14284.0508,10389.1205,8118.7695,379955.7513,276350.6053
920964.BJ,20251014,7.81,3.2448,3.2448,1.08,256.6429,624.995,2.2873,2.0741,2.0398,0.6402,0.2561,26120.8,13235.7378,13235.7378,204003.448,103371.1122
920970.BJ,20251014,9.3,2.1144,2.7178,0.74,,,3.6423,8.4535,8.1266,,,11136.04,7063.09,5494.94,103565.172,65686.737
920971.BJ,20251014,39.11,5.5909,10.8582,1.08,104.3678,156.0397,9.4179,16.1272,14.7197,0.6455,0.5159,10508.8002,8570.2802,4412.8702,410999.1758,335183.6586
920974.BJ,20251014,8.59,2.0778,2.4418,0.99,69.224,62.8026,2.2246,1.3254,1.4531,1.5716,,16380.0,12877.2918,10957.6153,140704.2,110615.9366
920976.BJ,20251014,25.35,1.1624,1.9013,0.56,37.7242,35.3696,6.914,7.2328,6.8825,1.6906,2.7613,7095.34,4411.96,2697.24,179866.869,111843.186
920978.BJ,20251014,40.27,6.0238,6.4268,1.2,52.5152,44.634,10.2191,8.7601,7.3714,0.6907,0.8288,17976.1468,10084.7948,9452.3882,723899.4316,406114.6866
920981.BJ,20251014,36.22,3.594,5.4579,1.09,467.5542,937.2924,5.5218,5.2734,5.171,,0.4141,7646.8,3730.9618,2456.8096,276967.096,135135.4364
920982.BJ,20251014,276.6,2.7698,3.8296,2.07,43.4617,39.0614,19.3324,22.0588,18.7366,0.492,0.9177,11506.534,6121.8373,4427.663,3182707.3044,1693300.1972
920985.BJ,20251014,9.16,2.9504,4.7944,2.12,15.5576,,2.3213,0.7454,0.8252,2.3707,2.682,30947.62,21931.7859,13496.7859,283480.1992,200895.1588
920992.BJ,20251014,21.26,4.0624,4.0624,0.92,113.7002,109.9376,3.3377,6.953,6.8791,0.4704,0.3763,9673.0934,2789.8177,2789.8177,205649.9657,59311.5243
